625 1250
1 145 0.800574824377783
1 449 1.269479733933677
1 93 0.5114302269622136
1 574 2.4777952809910757
2 233 -2.5351170163928667
2 525 1.0007130052485764
2 286 0.7928681431588464
2 336 0.2248769278558843
3 145 -1.889063168667162
3 449 0.420471062307113
3 404 0.06506214354289828
3 18 1.4136971267624499
4 284 0.1532250059184087
4 95 0.015035109079306433
4 15 1.7122458142275305
4 54 0.033928517029564016
5 577 -0.40485358167483365
5 226 -1.9068942375009783
5 524 2.7341094427574286
5 96 -0.47397032764522673
6 65 -0.7199871509813941
6 282 -0.8153188271418353
6 85 0.705860073362605
6 144 1.4647497209361844
7 58 -0.26304119920867347
7 51 0.35937344207662786
7 214 0.32147629875481026
7 558 -1.7354239632799389
8 98 0.004470946074238021
8 284 0.8623362861231776
8 486 0.15898943965055395
8 54 -0.5784361142669745
9 10 -0.41554981035885125
9 347 -1.3838417753907382
9 532 0.06729248950020869
9 343 1.2836668024365738
10 290 -0.7654984888548546
10 100 -2.147510499253032
10 285 1.223712516150137
11 277 0.4706547800085458
11 348 1.0064425228372176
11 589 -0.7314500671108327
11 534 -0.9031063859570403
12 586 -1.1998783243886533
12 485 0.24358654069488891
12 535 -1.2277763741816194
12 63 -0.33766635750269214
13 403 -1.6672633631675884
13 104 0.8468885543684905
13 342 2.0181187722001264
13 536 1.727447995531606
14 537 0.7913086931436814
14 99 -0.13611485298448653
14 541 -0.2824250153411646
14 246 0.8216478482936775
15 348 -0.5287856738546142
15 539 0.2992298604133112
15 589 0.7047522734069275
16 17 0.050018645467432794
16 297 0.28712147714569813
16 109 0.362186127603461
16 112 1.550995199474021
17 537 0.5184031601393246
17 541 0.7432831492908474
17 110 1.216213623958774
18 299 -0.032485677220968234
18 111 -0.19589245670599753
18 302 -2.0011502413591753
19 165 -1.0762586054391168
19 109 -0.6643835707456122
19 613 -0.8385658894602357
19 112 -1.826090627571976
20 217 0.055563396669049386
20 114 0.35860672226888163
20 163 0.13719120475733118
20 24 -1.4435638683914889
21 546 -0.2393428175887234
21 499 0.43854642109348685
21 500 0.673919914345175
21 164 -0.37912548061290396
22 179 0.3199949401919728
22 500 0.2951337681570202
22 164 2.0650593861971194
22 102 -1.9417498763838734
23 553 0.7358822528498492
23 116 0.023971373244861285
23 213 -0.6421599415244149
23 304 1.1048170926679048
24 115 -0.9001341358061061
24 549 -0.030937141969363285
24 212 0.4768981595274917
25 555 1.4808565219056309
25 356 1.2335714230751114
25 550 -0.2921347114163096
25 118 -0.37688359046732295
26 307 -1.0089889467011368
26 263 -1.069799416304447
26 227 1.786247456092381
26 119 -1.1287108089212734
27 553 2.4619524529610084
27 304 0.06167372224044309
27 126 1.334188664080175
27 120 0.7744382151881583
28 554 -0.3269980655682571
28 267 -0.37171573188472873
28 364 0.38451124300783895
28 370 -0.2795267917649453
29 169 1.411717866353838
29 266 1.6735783713079955
29 310 0.9977860028281907
29 122 -0.16942213500929856
30 316 -0.2719019307632907
30 123 1.7713384755697497
30 556 -0.42570938971226624
30 312 1.809576496551908
31 124 0.15116838718510514
31 596 -2.7011976546117697
31 175 0.6395683301631535
31 608 2.154275943438001
32 58 0.46128400445977547
32 331 0.3991194863200475
32 558 -1.1524935092186552
32 368 0.5785302255604737
33 221 -0.8120619818923962
33 126 -2.12244364673803
33 559 1.509143402483616
33 120 0.10419087202025581
34 611 -0.4956610834534988
34 127 0.1512262950408079
34 319 -0.4136217383303894
34 560 0.38998505564763847
35 129 -1.4471257784604965
35 562 -0.08793393424391031
35 318 1.3349616126316968
35 514 1.0723500417922747
36 313 1.7548748897221922
36 579 -0.9662939088485761
36 46 -1.0558693567965163
36 432 0.833920417389213
37 177 -0.8232931014502055
37 603 -1.393695458857364
37 564 -2.0052663501229504
37 131 -0.3219669742949873
38 133 -0.755447499860677
38 373 -0.1820205100393842
38 566 0.44586928366832773
38 87 1.3976235031261017
39 138 0.7658560692224361
39 182 0.5766064816812464
39 567 -0.3433402302297286
39 135 -1.5596992134327707
40 425 -0.0034478841993694147
40 378 0.9362608927079559
40 519 0.12951213554556676
40 568 1.2744299401292265
41 137 0.8843540857912883
41 321 1.491449101267525
41 325 1.0512184232096051
41 42 -2.0788468119007844
42 139 0.6772664128862345
42 324 3.4498527987578504
42 136 -1.3641663878790424
43 433 -0.3861599786308447
43 570 1.7728930833214824
43 135 -0.3819143673329726
43 138 0.3054512429716791
44 571 -0.34609623087183883
44 333 -0.6361384080950562
44 139 -0.8960091409908928
44 136 0.3205734850206202
45 330 -0.7814230529755039
45 140 1.506598499220074
45 421 -0.7003337583545258
45 575 -0.14113707808617013
46 524 -0.13492986242920793
46 226 0.08202586608302631
46 413 0.4290691492069197
47 187 -0.5057551546577294
47 244 -0.5980594044932035
47 141 1.0163496588817105
47 366 -1.2440788309761077
48 187 -1.5792922922347676
48 244 1.4524977829781718
48 188 0.4689723076849874
48 479 -0.8391846299287128
49 377 -0.6670168807475184
49 189 -2.354849641275686
49 526 -1.863207630243785
49 143 0.13916749695604297
50 593 -1.1497609923371146
50 386 -0.9556263803369925
50 527 -0.24047492842880427
50 247 -0.09102062540475492
51 529 -2.2838012948632946
51 250 -1.468441982278519
51 624 0.1958160100748666
52 244 1.8010953438882267
52 605 -0.10355479641451676
52 479 0.7920404964815697
52 159 -1.5036400092205802
53 385 0.15994444945945596
53 147 0.006851573927626119
53 580 0.30811688846169644
53 239 0.14294962339826858
54 586 -0.1816576750166406
54 581 0.025193871047989966
55 338 -1.2280982337814013
55 587 -0.14772334665178624
55 588 -0.5503928805931183
55 148 -0.3038355531231085
56 387 0.5193661426936134
56 588 -2.1287530975922433
56 149 1.2238232183681335
56 583 -0.3674944105548177
57 170 0.395107295542125
57 589 1.33972480336511
57 277 0.7434889445276908
57 584 1.6903087969039847
58 258 -0.6120331461153055
58 624 0.2931312351184637
59 586 0.8791107902840626
59 581 0.11464254671162674
59 535 1.2303783530147485
59 151 -0.7522169061317024
60 338 0.530364319985381
60 587 0.07488685647444751
60 158 0.09095699358339655
60 152 0.4151619393057222
61 154 -0.11509351464170785
61 344 -0.18295906165788145
61 198 0.10309676301199389
61 582 -0.05437307519139266
62 539 -0.3095697647305397
62 589 -0.32874623512065965
62 155 -1.1336046868743113
62 584 0.925112073575781
63 156 2.21952071181437
63 551 -1.8368594114207784
63 204 -1.411513987760463
64 186 -0.6799603431146664
64 245 -1.6068277453056967
64 158 0.5008919992822922
64 152 2.09669578044105
65 161 -1.7242703136356379
65 594 -0.951287744977237
65 542 -0.9186008642118799
66 209 0.10975933232160646
66 346 1.4870376726372958
66 406 0.9070822207856886
66 162 0.8233080077345991
67 179 -1.5480971690552219
67 356 -2.424364985021867
67 550 -0.2678331190060931
67 327 0.7437480411883167
68 401 -1.9663230895402233
68 114 -1.4011621060741688
68 163 -1.387566003734663
68 598 -0.9781005881626919
69 353 -0.29795685156586615
69 165 -1.7040786066769495
69 403 -0.23742892067115287
69 573 2.8737354735023763
70 354 -0.7123357577975443
70 166 1.5828266262351118
70 351 2.7081623056249113
70 168 0.9252441258166504
71 169 -1.4402479282203178
71 602 0.5809667144450482
71 428 -1.0948604194520548
71 167 0.9397002689066826
72 564 -1.227701283953733
72 603 0.33767764806441186
72 220 1.415793554234997
72 408 -0.0907114334371395
73 610 -1.3801352939586549
73 166 -0.994351346449659
73 79 0.3653116671277794
73 168 0.28639422585270735
74 169 -2.9423575988384303
74 122 0.5526451403581558
74 118 -1.8798411451916341
74 167 0.05297656703976374
75 490 -0.34577691710782094
75 268 1.331440299555693
75 215 -0.3794785162409025
75 600 0.6652346947869245
76 210 -1.0517855935150957
76 171 1.4700601620489746
76 221 -1.5413306274505116
76 559 0.9632620768588906
77 274 0.426061459586554
77 331 0.42135879968234247
77 558 0.511353174636004
77 216 1.251499022309048
78 217 -1.6110183740315234
78 172 -0.38130590206745363
78 559 0.5131137460143442
78 120 0.5781065084129683
79 218 -0.36640944631842853
79 611 -0.07220069153590489
79 560 0.5385372643174297
80 411 0.8638954962400819
80 612 -0.4302736981446751
80 174 2.38486725020693
80 616 -0.3704897387647536
81 387 -1.1443795079757715
81 367 -2.3457581690053155
81 175 1.200932025050465
81 552 -0.07217207429127208
82 552 -0.11299988385135996
82 615 0.22286965013542104
82 415 -0.9283131112127883
82 176 -1.5074981724405085
83 178 0.7082342292790262
83 371 0.49273981663329164
83 382 -1.3325403333360863
83 224 0.21054080120737792
84 617 -1.2015899145904825
84 180 0.08113892436644425
84 183 -1.7135638778903315
84 431 0.6052132674052302
85 433 -0.9189579349763205
85 594 0.9532619270913747
85 476 -1.4323148156358383
86 379 1.3268475392949446
86 182 0.3500985845685718
86 375 2.067362131322034
86 135 -1.7429490157382392
87 425 1.3369769256830033
87 378 -2.5705384287978674
87 620 -1.2810487470751402
88 180 -1.5494048326114434
88 183 -0.3149702640482452
88 623 0.12458578222548726
88 416 -1.2696870231344415
89 570 -1.208039692907161
89 135 0.420665844142786
89 375 -1.4179037331383455
89 184 -1.070070116464988
90 185 0.8771626134034765
90 379 -0.17744832987254197
90 375 0.5772272936057797
90 376 -1.611729404398914
91 625 -0.08410842523050391
91 427 0.34158174455960133
91 141 -0.5379188166146064
91 187 -0.34762484972841984
92 371 0.9470658845045912
92 189 -0.3676883052103092
92 382 1.778869632427586
92 143 -0.1556559722514933
93 597 -1.9992218969186355
93 383 -1.9245114227470443
93 352 -0.15260585505820778
94 193 0.2515148911246241
94 381 -0.5812861718247981
94 190 -0.37317205199858733
94 384 1.3417016554043097
95 435 0.0894753298707702
95 581 -0.6725109502107137
95 539 1.0682804654267357
96 441 -1.044601047074596
96 372 0.42290926319019734
96 192 0.8157524997606923
97 124 -0.20336931828565488
97 596 0.25113767866260556
97 198 -0.6582381348194714
97 424 0.7570289086244587
98 195 -0.31195650937596575
98 396 1.9270809966658704
98 191 -1.2964337930449261
99 196 -1.3866273985791022
99 533 -0.5434308819436269
99 391 -0.09899514241430303
100 441 0.5969653236043182
100 532 -1.0696546619516203
100 192 0.2553766841444799
101 154 -0.4451680648788656
101 596 0.38817757895306065
101 149 -0.27919080119420603
101 198 1.2876869920866854
102 244 0.6380965676432742
102 605 -1.3323034343280211
102 366 -0.922218947372652
103 186 -0.8296969666616285
103 245 1.6571779191583285
103 590 2.640822448610305
103 199 -0.12386992772783252
104 541 -1.59701884524018
104 246 -1.260336089954617
104 301 -0.31279299411971057
105 201 -0.8569457210039263
105 527 0.019902360953578356
105 247 -0.9395651625839795
105 592 0.07930517536638834
106 249 1.6973310452939987
106 202 1.1753776116158408
106 398 -0.5343837238557541
106 528 1.511457312631904
107 593 -0.08069200224284474
107 529 -0.6185056152510858
107 345 0.07158109620513077
107 250 0.7069871051700394
108 585 -0.5287728744140205
108 204 0.9685546467915195
108 453 -0.47409750455710287
108 399 -0.09681467277706028
109 301 -0.9755390330789091
109 541 -0.6191869048958278
110 297 0.0492052072688829
110 444 1.054228017003317
110 206 1.0407029932989242
111 211 0.7325247297478001
111 341 0.7988634354982629
111 207 -0.390859085390475
112 450 0.8888315747032909
112 511 -0.6094341426042696
113 209 1.8667506094525739
113 353 1.4971566470924837
113 403 0.3925839277070369
113 536 0.9050724669469096
114 121 1.9277653621246074
114 451 2.0638161949664715
115 163 1.6623622807682554
115 211 -1.427189037680982
115 207 0.479223643891342
116 457 1.2617905328990784
116 117 0.46326793090803436
116 454 -1.189348966142868
117 213 -1.0985180497817153
117 404 0.06450087194355879
117 407 -1.6423874913143597
118 459 -0.44414239500430364
118 260 1.0779455365124357
119 131 1.0389085479794447
119 603 -0.4388503459847284
119 170 0.8112495036704364
120 212 1.3078598146000364
121 217 0.19085627378304298
121 172 0.6331007512624864
121 410 -0.04189983005163495
122 459 0.1397593555966187
122 173 1.5260439240453973
123 219 0.012883572414672218
123 412 -1.4850986629826735
123 224 -1.5386211995215402
124 507 0.5307421253420969
124 438 0.011717242998967224
125 226 0.13656043100858997
125 413 -1.4251136020488384
125 221 -1.592293195980384
125 126 -1.2022314895039268
126 222 -0.41240500859750195
127 227 -1.1095871806267603
127 223 0.582859145917607
127 266 -1.0446017607582614
128 178 -1.28495172546682
128 219 0.19718246867579398
128 174 -0.34913857798790804
128 224 -1.5805493712011152
129 225 -0.10156669722309207
129 418 1.4734939619105487
129 422 0.16026148352240097
130 577 -0.18931215720285768
130 226 0.10310948739078762
130 221 -1.0834854120428745
130 210 0.16918633463496807
131 227 -1.357160766058821
131 223 0.07655135298338903
132 330 -1.3312504357749646
132 620 1.191360259060114
132 421 0.5459466663371385
132 272 0.24489245886129582
133 273 1.4491028925193312
133 620 -0.5682531039957657
133 272 0.8594242250187519
134 473 0.37764522684197677
134 621 -0.9814579265806717
134 229 -0.21802049227727735
134 317 -0.010443235287042696
136 325 0.2420106151355405
136 231 -0.26282588131092094
137 324 -0.5157718200830114
137 470 0.8596928863728518
137 228 -1.2275980595114402
138 233 -0.040696155032235226
138 336 -1.044712989434464
139 234 -0.677190349645675
139 236 1.2724053609080457
140 474 -0.7989610583909483
140 472 0.5871064251599615
140 320 1.1958965349782702
141 597 0.24948068527557893
141 383 -0.5125585831115905
142 234 -0.814409850710959
142 332 0.30182758105437996
142 236 0.01625609038668065
142 328 1.99052509981843
143 434 -1.0195015940386578
143 237 0.00029744855360971765
144 193 0.035806714698997044
144 161 0.636303835792121
144 384 0.6415574007634358
145 429 -0.8339805829247745
145 299 1.969022723988772
146 239 0.1332442302573955
146 147 1.0404498734984506
146 287 0.5264210194768594
146 543 -0.2062260339474361
147 283 0.6161338452852936
147 240 0.49606551258918163
148 481 0.7075532075111957
148 489 0.6837009244589172
148 487 -0.03065973183326304
149 489 -0.4776317683606322
149 323 -1.1831397931013594
150 602 0.10015652721982321
150 243 1.9020923296709145
150 428 1.0425269033744862
150 478 0.3090664433644768
151 245 -0.33500257422543
151 199 -1.732457565849448
151 480 0.13190335539377734
152 241 -0.28360062262613034
152 390 0.4166637650227457
153 201 3.254663469573584
153 482 -0.7902323687704663
153 247 -0.27115333538982667
153 440 -1.213822410127015
154 481 -2.119359500179959
154 489 0.13262475975844337
155 249 0.47449530410774887
155 202 0.4405192843752743
155 484 -0.005937214526834543
156 491 1.617481224759583
156 412 2.2653092058775544
156 535 0.46307034153979704
157 436 -0.5092341972280064
157 205 -0.20361236412413267
157 494 -0.7171046283092497
157 464 0.6325601483435088
158 251 0.2060805013832128
158 495 0.9513820127230542
159 580 0.7586674220235834
159 239 -1.0318783102894071
159 327 -0.2968042947635235
160 442 0.9411059170489271
160 475 -0.3209627997267077
160 252 -0.48963361101525005
160 445 -0.24726586699992975
161 448 1.0925269097675214
161 253 0.3126939359362788
162 251 -0.8497675137780013
162 495 -1.0407436844223683
162 303 1.3106744471305671
163 576 -0.24311972119514969
164 366 -0.08246365262220316
164 256 -0.0009979502238756678
165 473 0.18518694258837914
165 301 -1.5221718814960696
166 218 0.48354761428999216
166 255 -0.8595701394425975
167 260 -1.1631660898377985
167 181 1.0248089960579132
168 509 -1.2463555357094829
168 504 -0.5471238223098407
169 262 0.5169925566403917
170 547 2.1488316931546776
170 263 1.2652212724289575
171 507 0.9258062724050813
171 462 -0.8962391009730288
171 438 1.3348355100190867
172 265 -1.0695257975531118
172 462 -1.002981470361206
173 266 0.15203162706457093
173 223 -1.8249435250892982
173 458 -0.1872771626426832
174 513 -0.09934276562764732
174 311 1.7418236944699228
175 323 -0.2971162109780035
175 456 -0.2409229100724406
176 315 -0.26225202205711434
176 269 0.568719171859105
176 456 -1.6534524602656413
177 458 -0.8399644045988193
177 270 -0.5977902319047722
177 223 2.0810069707946903
178 281 0.1710844294702512
178 513 0.4681157608769045
179 605 -0.6960313638926395
179 455 -0.36566982429389794
180 497 1.9550745177249835
180 556 -1.6822260233423234
181 543 -1.1007180498610507
181 428 -1.1765850093503125
181 287 -0.290975040770413
182 279 0.6008633012948916
182 516 0.5743668450723101
183 276 -0.7319460649970079
183 520 0.2201382219202326
184 275 -0.7950456855619498
184 278 1.537044060807964
184 471 -1.1435764612204555
185 275 -0.5941681438306716
185 276 -0.38219200446702806
185 520 -2.8335376823670377
186 498 -1.6872351946438757
186 495 1.3704039129556893
187 329 -0.10004357690826132
188 329 -0.5090735690091366
188 330 1.3228619962665258
188 575 1.7863195308903106
189 466 0.08417927691006655
189 271 1.0252059600797416
190 388 -2.201584579749114
190 607 1.4223475163167478
190 280 -0.4446629605753712
191 475 -0.02332465826092308
191 284 2.1354956397487097
191 445 -0.6295590168173972
192 524 0.454863138859631
192 285 1.2995951020233525
193 253 0.7807579487737316
193 607 1.7097688736004468
194 337 -1.283075840973601
194 428 1.30660954914215
194 478 -0.9723872298424593
194 287 0.6788186506512279
195 475 0.3969079413277323
195 293 -0.9242211118123483
195 288 -0.33960901168458774
196 441 -1.6076648814589654
196 537 -0.9347048555648997
196 532 -1.3558645233750708
197 290 0.328932337278607
197 339 0.5040259280296514
197 482 -0.7381830919086291
197 440 1.527086961579666
198 291 -1.6017921344552783
199 491 1.2821029568734048
199 535 0.3713043137359498
200 389 0.09500749790228365
200 395 0.5809527643382442
200 293 1.6296780103487811
200 288 0.7575562979743595
201 492 -0.30686260743181776
201 294 -0.7451566870510419
202 539 0.9284601098429988
202 435 0.9607042431388068
203 258 0.28688979200228754
203 339 1.1918734385561183
203 335 0.381182167179312
203 624 0.7612017672115364
204 501 -1.9636121868623417
204 485 0.11245469031175988
205 373 0.07032190782894676
205 563 0.6366340797129492
205 208 1.3083185585769992
206 298 0.31816684151596053
206 347 -0.38279517937465607
206 614 -1.6986099700243598
207 238 1.325215605464842
207 576 0.19916042328030198
208 300 0.9149497715823194
208 540 -0.00841365760109439
208 494 1.4553852802740628
209 443 1.4834673448464
209 257 -3.5314454959346566
210 438 0.5203800382459964
210 530 -0.21563786590266615
211 549 -1.471792414665994
211 302 -0.33631354382149825
212 217 0.002582316439249791
212 304 0.6953375640749263
213 549 -0.8840880785554539
213 302 0.7320760872155135
214 250 2.2622213623227907
214 595 -1.7086754468162495
214 357 0.9111820338434905
215 362 0.5512736989718656
215 307 1.4272369723080567
215 419 0.5768156243374792
216 420 -0.604945378731783
216 308 0.3767408353186191
216 358 1.086888023357198
218 310 0.009167630302691066
218 360 -1.4162741266513932
219 311 0.16240459447411382
219 551 -0.5086487102305147
220 506 -2.3321093511790134
220 547 1.4064358629826956
220 230 -1.5332308388714613
222 553 0.6407024215451871
222 314 -0.9107664241453942
222 413 -0.8968226882106113
224 316 0.22329115282332612
225 321 0.03025440225749941
225 317 0.2117319776338588
225 511 0.26949251293752935
227 319 0.06326971078021304
228 321 0.13865669165111721
228 621 -0.18629802322761438
228 317 1.956387022477459
229 322 0.6408748464995954
229 573 0.2493722303323516
229 518 0.4413589063491464
230 340 -0.3333560197648076
230 277 -0.8035059390113448
230 534 0.077693601257552
231 571 -0.05360168615880168
231 568 -0.3396943587582595
231 232 0.13648098466433495
232 325 0.25165528813959953
232 517 0.08548877933260043
232 514 -0.13449384110797794
233 328 0.10329255523178998
233 567 0.7130410327004385
234 324 0.27336900882796783
234 468 0.8525360854531494
235 521 1.1275932933380466
235 332 -0.25409896068579674
235 236 1.8329140085358915
235 341 -1.736466988119666
236 333 0.07833885301614323
237 337 0.19151844813152374
237 382 -1.1256728812119294
237 334 1.0641407732977817
238 306 0.38792445449315166
238 332 0.0024215660020447984
238 341 0.8762964767287399
239 394 1.7620732284958813
240 337 0.056083645939367564
240 334 -0.9640494368822251
240 287 0.5193643774545211
241 338 0.263487893620674
241 528 2.8046882691685466
241 398 -0.20402097809220016
242 290 -1.5652661919038098
242 339 0.30841219991627816
242 285 1.1843735657814796
242 335 0.23250433955460428
243 523 0.36230874501189
243 388 -0.8765779601902407
243 607 1.233352041281755
245 390 0.6082706702112083
246 342 -0.30681691255133736
246 391 0.8409890459147026
247 392 0.5181799057902542
248 393 -1.8837237405494405
248 533 0.8922458265427492
248 391 -0.6441065154512529
248 344 0.017310042508722114
249 483 1.1000347047627559
249 600 -0.5903024648502281
250 437 -1.6021910669101285
251 587 1.0601042342084253
251 346 0.7166857074130629
252 593 1.1085810842094437
252 386 -2.7962281962437388
252 345 0.09781793012232919
253 349 0.7739296557126691
253 351 -0.13603457854545717
254 494 -1.2340997415745252
254 540 0.6965615848458461
254 350 0.3733576899674621
254 400 -1.5717925357250626
255 349 -0.3248087691674533
255 351 1.1206288082283684
255 360 -1.8171849637512978
256 546 -1.0182236386779526
256 597 1.0087858665549894
256 352 -2.7096569344553476
257 353 -1.7836216511179723
257 406 0.3565475673067369
257 488 1.131585490016159
258 579 0.024158994629538303
258 368 1.1325492732782252
259 545 0.5813256042051658
259 618 1.3320859164756045
259 542 1.8084946188595432
259 354 0.12619018300745058
260 543 -0.5067573555669758
260 356 -0.5174339556811923
261 601 0.13175245574830333
261 308 0.5730362737167595
261 548 -1.8375526638098911
261 358 1.0139984789197511
262 602 -0.18754045570425382
262 310 0.9676540096277471
262 360 0.4394369117201836
263 490 0.0725669843941939
263 584 -0.6543969028733372
264 362 -1.2423829850677282
264 367 0.43139467893891925
264 615 -0.5445125344328755
264 552 -0.386409957174625
265 369 -0.025963663466987114
265 410 0.3107203836849032
265 363 1.630881556640114
266 611 0.254184794395239
267 555 1.4340834031561893
267 365 0.2766761980794508
267 550 0.48874691481175464
268 362 -0.4138327558751955
268 367 -1.6085941829130477
268 578 -0.6795540742937841
269 369 -1.6138422502660001
269 363 -0.832878840907736
269 608 -1.0369012614319257
270 564 1.0838001382758342
270 364 0.7532121788229837
270 370 0.3721295701685282
271 371 -1.0872101159405134
271 623 0.2043339586771609
271 416 -2.5641239936502735
272 417 -0.8999107078753056
272 510 -0.3196174807874303
273 417 -0.320667150990156
273 373 0.3334199233541426
273 563 -1.7414820790810086
274 357 0.9324869518941336
274 420 0.5623044543111867
274 374 -0.08325682540347647
275 565 0.2934377158631141
275 375 2.2346241200959684
276 617 0.15312786851659918
276 376 -0.34794340590564593
277 547 0.6613398583932225
278 377 0.35627091561980767
278 565 -1.2821850100072112
278 381 0.34057473038846675
279 569 0.02213032114948553
279 426 -0.7741603130379983
279 379 -0.32436788009313805
280 377 -0.4804329839552753
280 381 0.06479401444859866
280 526 -0.5445089934843231
281 572 -0.3533720417415712
281 382 -0.024446282406318402
281 334 2.3088063308494213
282 433 0.657876092759
282 570 -2.3412756699311688
282 384 -0.21596563723810291
283 385 -0.5528341331596242
283 572 0.06541957033498512
283 334 1.308321517899493
284 348 -0.018416420253340917
285 432 0.7006189176802922
286 401 0.022158755971304053
286 476 -0.5571296583672077
286 306 0.5185741915087403
288 386 0.16337055725533742
288 527 -0.14554135375084357
289 344 -1.9528370258326826
289 582 -1.1717123554825297
289 391 0.2841067062007404
289 342 0.13751460540726956
290 343 1.0547178753136277
291 393 -2.053077648035494
291 344 -0.9787101352561246
291 424 0.1803495734589065
292 585 1.2706949413395774
292 395 -1.5570328159224744
292 293 -1.5725002281328557
292 399 2.055978092791285
293 396 1.0283773873124495
294 440 0.9749089648012543
294 397 1.2698552787605795
294 400 0.44172925382546097
295 338 -0.27977943096360336
295 588 -1.9298697105019378
295 398 0.6416478791314746
295 583 0.11705322188179722
296 538 -0.641880799347402
296 395 -0.2849247729890729
296 446 1.5103662510045806
296 399 0.5035458438540389
297 450 0.46073339246803985
297 614 0.0035143618206833977
298 400 -0.9869169325907015
298 397 -0.18012301874963768
298 350 -1.0206359298330312
299 341 0.2366582279416897
299 521 -0.0137238027098139
300 563 -0.7679741113195545
300 446 1.679133873101419
300 447 0.056451016346082974
301 403 0.22266946590353445
302 404 -1.405959251657129
303 557 -1.2963720699772647
303 406 -0.3800123193632504
303 599 -0.17650255337419635
304 549 -0.21619110858631652
305 601 1.7689440343446816
305 548 -0.039589357500388216
305 452 -0.9321927006246851
305 407 -0.5564083291646696
306 576 0.7135252483553849
306 525 -1.7056762199472157
307 319 -0.4408548666192268
307 490 0.24332928540304002
308 409 -0.6280668508990109
308 331 -0.9987989603161072
309 545 -0.48703463514103307
309 410 0.1855915850569165
309 363 1.736004292788612
309 618 0.8907685462560955
310 611 -0.8641387933065259
311 501 0.1624733727684217
311 411 -0.58708690392856
312 491 -1.9864622439020614
312 604 0.4118859710132535
312 412 -0.15900259680128817
313 314 0.2581130635835441
313 413 -0.786977700673525
313 461 -0.1658894333508374
314 457 0.08694112414486647
314 414 0.8675713073556565
315 618 0.864528132572008
315 363 0.7856710198818156
315 415 0.7003309424456502
316 371 0.5330949403003291
316 416 -1.0770230869016102
317 613 -0.07446481673669803
318 418 1.6842818746682828
318 436 -0.23088811487579067
318 544 -1.335546931026577
319 419 -0.7589480545161059
320 612 1.309523196892217
320 421 -1.7260307853752919
320 616 0.9278705637936213
321 422 1.4073979583841136
322 426 1.325622820487647
322 380 -1.5085620371662682
322 423 -1.2911376276666677
323 387 0.16532860772228272
323 596 0.06779126699961749
324 619 0.8911090138583463
325 422 -0.5272390546524834
326 426 2.5756795302128235
326 379 1.945073860932685
326 423 0.36812608735563596
326 376 -0.6140181638195287
327 394 -0.10740428134898812
327 605 0.5033117797407445
328 468 -0.8006560293286574
328 525 0.5588727271865914
329 469 -0.161209056237982
329 427 0.16160183015563714
330 469 0.14194895491915963
331 508 -1.9164023049109882
332 525 0.3951064763326668
333 521 -2.826320830197822
333 430 0.8017375565214496
335 579 0.48737139266813556
335 432 0.4345718554893001
336 433 -0.6983794298344029
336 476 0.5597216989595039
337 434 0.4497572990321597
339 609 0.4038589709563941
340 442 -0.2962005083283856
340 437 0.6500698190826751
340 506 0.8676388922372842
342 439 0.5435144522717853
343 397 -0.5399639494364223
343 440 -0.1057790505974959
345 442 0.04129839224673857
345 437 -0.33588776275106863
346 443 0.158854377468747
346 487 -0.7115710255479041
347 444 0.11052394372431584
347 397 -0.8565282610596906
348 445 1.0100725804718294
349 523 0.9540948692217973
349 607 0.47470368550159453
350 614 0.3320365598116072
350 402 -0.49244616945201725
351 448 -0.8640322903713923
352 449 0.8793085984802892
352 452 -1.3180007703957635
353 380 0.3598096331309419
354 504 -2.880967739658463
354 448 -0.987657106410703
355 449 0.6550131158710482
355 452 1.5738540101996228
355 404 0.06735399302242544
355 407 0.8901376504981565
356 394 -1.5223334496635277
357 558 -0.6017304484921802
357 502 -2.0203091754562985
358 561 -1.3485740541263482
358 499 -0.584454008170886
359 561 0.4958568788247139
359 499 1.2318206549322994
359 500 1.479082109805346
359 365 -1.0592754616614777
360 523 0.7972495350414132
361 417 0.3693415085224991
361 538 -0.8953928214779346
361 563 -0.4431131428739555
361 446 3.4314705250654516
362 512 -0.21181002529952223
364 458 -1.2784079915849742
364 555 1.2337872455361365
365 554 0.9076519856435739
365 455 -0.4274724649992726
366 597 -0.8471952749838402
367 477 -0.2649877535793394
368 508 0.37375388937576576
368 461 -0.1132483090268654
369 507 0.45312342380093734
369 462 -0.17555885528508078
370 465 0.554861308651334
370 463 1.2606678914418967
372 393 0.1265697211687759
372 577 -2.9804120266322736
372 533 -0.8930098481746688
373 464 -1.0458498868550468
374 465 -1.0492822448285677
374 502 -0.538624046111688
374 463 -0.3520929378532555
376 515 -1.395656390990321
377 466 1.950481509788099
378 427 0.2808342825053692
378 469 0.21065274704349907
380 573 -0.7470771546786164
380 488 -0.5889501996607661
381 471 0.36867706766005864
383 625 -0.8941597776443441
383 574 -1.0636577010453856
384 471 -0.26600998127288866
385 474 1.9251755915287418
385 472 -1.0347751957093376
386 475 -0.10227671725104931
387 477 0.22466050821610192
388 526 1.2895914140253915
388 478 0.2294214473920311
389 592 1.3703154918700757
389 527 -0.3806588981433871
389 591 -2.6985189114486974
390 528 -1.4046858047269988
390 480 0.08982294806349946
392 593 0.198565204664081
392 529 1.0359766274239843
392 482 1.1181705912810291
393 530 1.3475966998099895
394 543 -1.2465281261776089
395 591 -0.6423480059736505
396 585 0.682036871278443
396 486 3.574105870301883
398 483 0.36667859475884007
399 405 0.21326109835310658
400 492 -0.08508104464655729
401 493 -0.32595578153802707
401 576 0.35811794916270995
402 494 -0.22210548363257263
402 436 0.5002283804866822
402 544 -1.2038675378922807
405 505 -0.04889621563159965
405 538 0.25785687002986324
405 453 0.9594339330521452
406 460 -0.39872266118167016
407 454 -0.8436103111853591
408 465 -0.8288913325933848
408 506 0.5262455601868073
408 502 1.121449865597549
409 548 0.7483073075079777
409 503 2.491619974801703
409 508 -1.9585277461251476
410 451 0.059600164269740345
411 505 0.7973156007377985
411 453 -1.2592949330650183
412 551 -1.6748545568413125
414 508 0.015043907250393259
414 461 0.8239838168487678
414 503 -0.03008739286614334
415 509 0.6009361738873951
415 504 -0.6414081887155283
416 556 0.2510453649607036
417 606 -0.2493884767183231
418 450 0.48468993361189183
418 511 0.5042348578218102
419 560 -1.1822978034710885
419 512 0.568347640797805
420 561 0.46441484754930795
420 463 0.2757409228965364
421 510 0.746909730644351
422 514 2.1575814444946584
423 515 0.36232736670496646
423 488 -1.3812679506829204
424 530 -1.8720695255295967
424 438 -0.5413972508997278
425 517 -1.6851604861940728
425 566 0.17729242765760672
426 518 -0.2644882422653738
427 519 0.6407557011962378
429 521 -0.1877482482868294
429 574 -0.4091926469487059
429 430 2.4472163502883726
430 571 0.07042839060552072
430 522 0.5468064744537063
431 497 -0.0013209551349221353
431 557 -0.9097456553803005
431 599 -1.2827688296130864
432 524 -0.7582267716594474
434 478 -0.09631732878445538
434 526 2.231234976724131
435 480 0.16548384835948518
435 528 -0.9720821688993918
436 562 -0.8190877902129657
437 595 -0.6982069104368193
439 531 0.980291036745089
439 582 -0.7047544626993938
439 536 1.4387784203847351
441 533 -2.7826094703578494
442 534 2.146923412582475
443 531 0.1621961776468551
443 536 0.3879350394680426
444 537 0.8617179595656866
444 532 -0.6300627186653424
445 534 -0.8101308099934758
446 591 -1.30673061987137
447 540 -1.0461271765751667
447 591 -0.905136211995275
447 592 1.4033247596832614
448 542 0.8107668931533589
450 544 0.3542094777793853
451 545 0.19891129642382233
451 598 1.491199366574423
452 546 1.4454701140734139
453 501 0.472587511042369
454 548 -0.531183763501813
454 503 -1.248683022420034
455 500 -1.7390924483773655
455 550 0.6972924466094719
456 552 -2.0355866381146384
456 608 -0.9748184607741724
457 553 -0.9754633271907139
457 503 0.8397257556309137
458 459 -1.4446057453535723
459 555 -0.3535901290307137
460 515 -1.6298145758515241
460 557 0.28434058750452595
460 488 0.2648188509395505
461 579 0.9115168685852758
462 559 -0.1495654188740803
463 554 -0.8997611464644115
464 566 0.3001202598477371
464 562 0.25299857639946527
465 564 -0.49131180165964333
466 565 -0.9244276004920048
466 623 -0.05935908866451984
467 562 -0.23199490773592368
467 517 1.2092511598714935
467 566 0.21710930164379588
467 514 2.1024382906810093
468 619 -1.8284836235498212
468 567 0.34928050671274496
469 620 0.06757709775624621
470 569 -0.015798707776393417
470 619 0.979360548107552
470 621 0.30557426572770974
471 570 -0.20395155562109588
472 572 -1.0047654456395887
472 616 0.02186293500461142
473 573 -1.133863022571822
473 613 0.09903392492365111
474 580 -1.5182785664576597
474 575 0.016922808489573418
476 493 1.0317527610581634
477 578 0.319703385380888
477 583 -0.5247473316576957
479 580 1.5923271961759686
479 575 -1.2671396734217708
480 581 0.969862719104131
481 531 -1.3049617587149513
481 582 0.7854067859822534
482 609 1.4832166424047135
483 578 0.17609429284375683
483 583 -1.4573684740601813
484 490 -0.07273854805843545
484 584 0.023846879284837592
484 600 1.1103001663523968
485 585 -1.1515728434054167
485 486 0.6237395688774406
486 586 -0.15663070897521714
487 587 0.4790678584280048
487 531 1.74074085617967
489 588 -1.8401677272106158
491 590 0.1534765001420728
492 592 -0.25182441934085276
492 540 -1.1164491904762144
493 594 -0.5485239626050469
493 598 0.3999995914244709
495 599 -0.18333020621566673
496 545 -0.5368894653666784
496 594 0.16280591736556796
496 598 0.7566783607183868
496 542 -1.1327345835314158
497 498 0.3603662587974042
497 604 1.7335261622770537
498 590 0.37238584876250286
498 599 0.7024976478344007
499 601 -1.2908817945199016
501 551 0.8834906421820843
502 595 -0.4377091756839579
504 618 0.8338799884039741
505 612 0.9035372357521041
505 606 -0.3532224375956557
506 595 0.06339767908808859
507 608 -0.7084491905093706
509 610 -0.7145231258264317
509 615 -1.2131200970653615
510 612 -0.9529776500228944
510 606 0.2916656370992779
511 613 -0.5608406866604799
512 615 -1.755355356186373
512 610 1.1447213556750513
513 572 -1.059761353927102
513 616 -0.6906394464748531
515 617 -0.2129302131457692
516 569 0.841937883943352
516 619 -0.5859513941234404
516 567 -2.533518052826865
517 568 -0.8195813061260488
518 569 0.9253633087082744
518 621 2.1906742266786665
519 625 1.1956699368394268
519 622 1.1628488741833805
520 565 0.5499356380434945
520 623 -0.39798398122860656
522 625 -0.283766058807431
522 622 -0.15553852457608755
522 574 0.045105079465511955
523 602 -0.9499496863402599
529 609 -1.100200988649868
530 577 0.4194981957491305
538 606 0.18855181591840006
544 614 -0.17803071823950226
546 601 1.4506495407150195
547 603 -0.3302432867521818
554 561 0.17901861772924915
556 604 -1.2127097942151461
557 617 -0.48783432953909006
560 610 -1.2714162792265906
568 622 0.7623636297125691
571 622 -0.5716307532931764
578 600 -1.0072209777727668
590 604 0.8818265163743936
609 624 0.9398707916121037
