625 1250
1 145 -1.311859307989797
1 449 -1.2137938793311756
1 93 0.9225439564841219
1 574 1.2159181533118788
2 233 1.1493901990620232
2 525 0.6631858328268404
2 286 0.22711284873074067
2 336 0.8471090759677536
3 145 0.6918314151658727
3 449 0.551322427702661
3 404 1.182273279497216
3 18 -0.42736635546275575
4 284 -0.7096812351620126
4 95 -0.19058008319481853
4 15 -0.6768991878358429
4 54 -0.6191369704324075
5 577 -2.6175592026070236
5 226 -0.0019128885814768365
5 524 -0.6605066243952428
5 96 1.1923177527024682
6 65 0.02309694026107703
6 282 -0.07971913377619397
6 85 -0.38309953830994115
6 144 -1.1509181434627171
7 58 -1.3385375335566034
7 51 0.03340422123613927
7 214 -0.9357233905945688
7 558 -0.46058094923287113
8 98 -0.11678802525809764
8 284 0.8991541431515467
8 486 -1.5460989287519151
8 54 0.5785918217039264
9 10 0.6354209824836073
9 347 -0.14873513526853793
9 532 0.3647869164473215
9 343 -1.6402748969050724
10 290 0.15285029870156586
10 100 -0.14063237682336285
10 285 1.052672114063683
11 277 -1.1365262592840457
11 348 0.1959875421697434
11 589 -0.08211049400496657
11 534 -1.610898167170821
12 586 0.6346629816939864
12 485 -0.09063050267602814
12 535 1.932737191895271
12 63 1.6638472817078058
13 403 1.7016660530421293
13 104 1.1173397951417448
13 342 1.5854089753222473
13 536 0.14680245318581345
14 537 0.20445307061725024
14 99 -1.2971927466654265
14 541 -0.979233116743166
14 246 1.610727082936998
15 348 0.42279863490449243
15 539 1.4017988143599778
15 589 -2.1668361461743832
16 17 -0.9907075023534556
16 297 -1.0792611841592812
16 109 -1.3989012454730945
16 112 1.095466975058497
17 537 -0.936115464072651
17 541 1.6427648386922464
17 110 0.4230938040407247
18 299 -0.6540994693849376
18 111 -0.17439590901839838
18 302 -1.3556425208436114
19 165 0.4997598113217236
19 109 -0.1775966275757923
19 613 1.1616532537855069
19 112 0.16934500347605536
20 217 0.22342343387020558
20 114 0.5862421679376912
20 163 0.30556387517473915
20 24 2.363357066581838
21 546 -0.48816584410368524
21 499 -0.12211321978098455
21 500 0.3431470557264021
21 164 1.186727613932563
22 179 0.923255152024413
22 500 -1.5902528738714363
22 164 -1.8932172329010561
22 102 -0.31144700216468596
23 553 1.0361225241886578
23 116 -0.3106313799368802
23 213 -0.8646909038496435
23 304 -0.2733783881550131
24 115 0.35494688880687586
24 549 0.7815580022023513
24 212 0.8018896056651853
25 555 1.423664607804316
25 356 0.12692029756010148
25 550 0.16719583951099698
25 118 -1.067039412755938
26 307 -1.9979858188015578
26 263 -1.0768884585541973
26 227 0.6217214532612326
26 119 0.8129159451785901
27 553 0.5247064913007325
27 304 0.5667096273062894
27 126 0.7170557500333202
27 120 -0.8672267876742268
28 554 -0.4201344504523609
28 267 0.20826058794260452
28 364 -0.11123576236675832
28 370 0.7867026502073898
29 169 0.33843759790604316
29 266 -0.3162887514906785
29 310 0.5847485416915806
29 122 -0.6838184190833765
30 316 1.9470906439594704
30 123 -1.9981529533233304
30 556 1.1938096467818164
30 312 -0.3490700901133295
31 124 -3.604067404524167
31 596 -0.39483813973080195
31 175 0.21580401794414797
31 608 -0.6157364766488828
32 58 0.010087370809576612
32 331 -0.321097499167807
32 558 -1.202176346816437
32 368 -0.681875302025002
33 221 0.06294019468484995
33 126 1.7686480181416502
33 559 0.8209776540135981
33 120 0.14670718359288665
34 611 -0.7450234321928867
34 127 -0.44268737718791956
34 319 -2.2912136302595254
34 560 0.34181541596852766
35 129 -0.43694877167126367
35 562 1.0969136994232978
35 318 -0.8782801543130773
35 514 -0.3755966903462931
36 313 0.8313965778293066
36 579 -0.846580438032596
36 46 -0.17296160671523747
36 432 1.2456441989642273
37 177 0.05995651670791298
37 603 1.05005781127833
37 564 -0.47729131389703305
37 131 -0.13559504203019612
38 133 -1.3512468660125332
38 373 0.12601120997711426
38 566 -0.17181523886054764
38 87 2.1486104121899845
39 138 0.694233979367736
39 182 2.4826800285467434
39 567 -2.489354166434862
39 135 0.1911326675702733
40 425 -1.3231921073737891
40 378 -0.9093643016702495
40 519 1.4805712614419109
40 568 1.351261951863493
41 137 -1.241773080960488
41 321 0.557735833612806
41 325 1.7962300210216497
41 42 0.834224493066895
42 139 0.927486447006506
42 324 0.5427155061900123
42 136 -0.2831745548077437
43 433 0.30282796292699393
43 570 -0.610859681338708
43 135 0.7890991112885639
43 138 1.4119986315705904
44 571 0.022943776556370938
44 333 -0.8693244808298562
44 139 -0.0360468145173249
44 136 -0.5543075881486003
45 330 0.48390997622469334
45 140 -1.264360323272833
45 421 0.8951104618079837
45 575 -1.4142439108227234
46 524 -0.17076050244436272
46 226 0.04003205811501596
46 413 -0.8808559841562383
47 187 1.5225438183077389
47 244 0.0661849495224853
47 141 0.12001761593343432
47 366 -0.1841923464287715
48 187 -1.1915807454331084
48 244 -0.7147670441429989
48 188 0.12652810835671927
48 479 -0.3599777913773881
49 377 -0.08462027572126901
49 189 -1.4268329243075437
49 526 3.005331769877011
49 143 -1.196264136372216
50 593 1.1178450517099676
50 386 0.5393765801454906
50 527 -2.325913735140153
50 247 2.3901090659197703
51 529 0.38916602572979436
51 250 -1.4088678575162388
51 624 0.05298853355434137
52 244 -0.6360186162445293
52 605 -0.06579025394004767
52 479 -0.020338336297888986
52 159 -0.5494506824283479
53 385 -1.36335873457589
53 147 -1.1788748219531
53 580 1.9851257196690837
53 239 -0.6609179646271409
54 586 1.7686116119630713
54 581 -1.389920024545135
55 338 0.21557090162501266
55 587 0.3073951516931557
55 588 0.9557504594107417
55 148 0.39903207923333933
56 387 -0.3412331046729995
56 588 0.41735219378311056
56 149 0.128563139431077
56 583 1.5827503658342834
57 170 1.6543193094344797
57 589 1.3600982183937778
57 277 0.38389783928540555
57 584 -0.17994426850385586
58 258 0.06063698034137242
58 624 -0.36443384035417986
59 586 1.4665092592342421
59 581 -2.317792393994145
59 535 -0.2627629105149002
59 151 -0.08605952977487104
60 338 0.5289555080672322
60 587 -0.7058076661611948
60 158 0.1236919148379109
60 152 0.815689217343185
61 154 1.2561847114731868
61 344 -0.09284021422013819
61 198 -0.1674584796571049
61 582 0.5323498938730731
62 539 -0.7042834096291964
62 589 -1.4791502226190114
62 155 -1.0484242949756084
62 584 -0.09291107908272118
63 156 0.3437518301120385
63 551 0.03800864563310087
63 204 1.8620917196616062
64 186 -1.0188576226327408
64 245 -1.2203326897679154
64 158 -0.5767423297408762
64 152 0.21922299499466796
65 161 -2.35010286253529
65 594 -0.08550440628065047
65 542 1.2263555140618108
66 209 1.6171711341994477
66 346 0.920707296208604
66 406 0.37101286205469813
66 162 -1.0491743974840122
67 179 0.3218142429398768
67 356 -0.2346176755866035
67 550 0.03211580059012834
67 327 1.9984815355028478
68 401 -0.8388953974097269
68 114 -1.0035021548142287
68 163 -0.983510108703713
68 598 0.5401560731245987
69 353 -0.45504439216886466
69 165 -0.5044452517636263
69 403 1.1922788192854743
69 573 -0.21441700748819673
70 354 -0.26279917942248493
70 166 -1.4948949257264081
70 351 1.2720263593817698
70 168 -0.6831085184890279
71 169 -0.1945702728648792
71 602 -1.7907932526486943
71 428 -1.3463253270440003
71 167 -1.465268196147547
72 564 1.2164714993641035
72 603 -0.685085490632015
72 220 0.1008355353413353
72 408 -0.8120563479172549
73 610 2.1428958300912533
73 166 0.8878691642260008
73 79 -1.6164557709854444
73 168 -1.6986077089709435
74 169 -1.8865128202356953
74 122 -1.6888124860402558
74 118 1.3378077426603745
74 167 0.8881848067075132
75 490 -1.0764476771310976
75 268 -0.33044620520985324
75 215 1.539019919400692
75 600 -1.146755816397063
76 210 0.06865130624970661
76 171 -0.6360196833032081
76 221 1.2184039157577895
76 559 1.151464009734423
77 274 -0.7870251858835406
77 331 -0.11623120420144652
77 558 1.7772455344071927
77 216 -0.35910664931190317
78 217 0.13154987220147454
78 172 -0.8685954932485863
78 559 1.039464793947465
78 120 1.0441610556078924
79 218 0.8396171736574063
79 611 -1.201796856207452
79 560 -0.38634551899329306
80 411 -0.8437891572036317
80 612 2.798788848371978
80 174 0.1922002703225851
80 616 -0.687505095861999
81 387 -0.5319446031613784
81 367 -1.0653519851944993
81 175 0.028138638708476906
81 552 -0.6355062226281329
82 552 0.148962658693547
82 615 -0.6224814215583626
82 415 -0.2262721341938563
82 176 0.05695033302234613
83 178 0.4433182114343747
83 371 0.708916005647565
83 382 1.1159134933792996
83 224 2.1191557822450267
84 617 0.7485908347870374
84 180 0.11318748314136055
84 183 0.04754672635035188
84 431 -0.7266075860704905
85 433 0.1305916816406098
85 594 -1.2390196973722585
85 476 0.9681257417360458
86 379 1.8295725378354626
86 182 -0.32873068816708867
86 375 0.5890666868483913
86 135 0.35964986425053985
87 425 1.097080058031365
87 378 1.7005697460552154
87 620 0.9464514800811646
88 180 0.2942594771803867
88 183 -0.41977927083536654
88 623 0.6776039493379066
88 416 -0.5948937116374401
89 570 1.5957431187653492
89 135 -0.473642200477817
89 375 -0.2079417221081912
89 184 -1.738857232922618
90 185 -0.17063890016655078
90 379 -0.3269854191835338
90 375 -1.5360208723909772
90 376 -1.071242466235988
91 625 1.6462157787283445
91 427 -0.24190458222920713
91 141 -1.2691557899962767
91 187 0.11395784852455379
92 371 0.9469428435193212
92 189 0.6136960092942549
92 382 -0.36884572965401186
92 143 0.5222791792364267
93 597 -1.0137301183855785
93 383 0.20024159578161024
93 352 0.671394834032762
94 193 1.40552513002856
94 381 0.08336274397984965
94 190 -0.098551304657083
94 384 0.4412639209265675
95 435 -1.1362849305131064
95 581 0.03327221543658718
95 539 -0.49246538986301863
96 441 0.07699364119725616
96 372 -0.2000818824092279
96 192 0.08395621912615951
97 124 -1.5294565975048182
97 596 -1.943438563612679
97 198 0.7849603273202046
97 424 -0.7203832341318724
98 195 0.6856528502098842
98 396 0.5110889743218948
98 191 -0.9550253024271809
99 196 -0.8102277288883779
99 533 1.5320903398710657
99 391 0.31200945121386475
100 441 -0.29413330242288105
100 532 -1.6261965191222778
100 192 -0.7925810121750506
101 154 -0.45284807351679457
101 596 -0.21413269967785303
101 149 -1.0905959365701614
101 198 1.3483698199548255
102 244 -0.6669172513996294
102 605 1.5515738475331515
102 366 0.8986945420867437
103 186 1.0677266946824402
103 245 1.6767214080193256
103 590 1.350317781611018
103 199 0.5005616624204647
104 541 2.7851604566722172
104 246 -0.029095064908771732
104 301 0.3935923059446967
105 201 -0.5439472694851163
105 527 0.31873697261784745
105 247 0.24270506110446752
105 592 0.8524241963828401
106 249 0.05823406677880267
106 202 -1.0370394728431052
106 398 -0.5880833316499263
106 528 -0.20849837790739745
107 593 -0.2461412656815985
107 529 0.966374093979717
107 345 -1.3003431486773434
107 250 0.3464585679572237
108 585 0.2208689624447178
108 204 0.8593527874741553
108 453 0.6334126378597195
108 399 -0.7542675132706418
109 301 1.104776564298173
109 541 -0.40439534947165723
110 297 -0.32474635828007314
110 444 -0.1650052527977414
110 206 1.1169064526635741
111 211 -0.05814354132554571
111 341 -1.805484021166052
111 207 1.8216885237060085
112 450 -0.6766730146943979
112 511 -0.31245396657072416
113 209 1.7997667778079465
113 353 -0.6271742889441344
113 403 1.3735467076320451
113 536 -0.2386198854870031
114 121 -2.277898573701769
114 451 0.4077804717327432
115 163 0.3019859723811936
115 211 1.3608020429371976
115 207 0.4696524033480937
116 457 -0.17858417344915345
116 117 2.328846160292408
116 454 1.0533494072692844
117 213 -0.29333729663253005
117 404 -1.0488142671345921
117 407 -1.6808221781075916
118 459 1.1060121249436297
118 260 -0.6168287838157974
119 131 0.17379297028462184
119 603 -1.1933701129518068
119 170 -1.1234917165287044
120 212 -0.3890436013543554
121 217 -0.5529125418862272
121 172 0.04461195627483517
121 410 0.47872899350999637
122 459 -0.1618984249885375
122 173 -0.11172250548332865
123 219 -0.8655657041412822
123 412 -0.2830287165538705
123 224 0.3183568206751061
124 507 0.9523916545271002
124 438 1.9605190184867984
125 226 1.784514386674205
125 413 0.09060850627770962
125 221 -1.1458025022154703
125 126 1.7201581674776176
126 222 -1.2864832028882216
127 227 2.7259037733015825
127 223 0.8413286550242361
127 266 -0.6718776982935316
128 178 2.2433549492622333
128 219 0.2782672523056376
128 174 0.8532157835376203
128 224 0.7293473502363015
129 225 1.0568385230540898
129 418 -0.5500410392503207
129 422 0.24261355902787513
130 577 -1.1235393300482897
130 226 0.027482937938278874
130 221 -0.4700794606540274
130 210 0.964968356604139
131 227 -0.5619509673878658
131 223 0.5173429032716582
132 330 -0.7530127183581551
132 620 -1.2516641266143962
132 421 -0.2366362424440886
132 272 0.5168589515456447
133 273 0.1995569441371748
133 620 0.24304969524708855
133 272 -1.736363310782329
134 473 -0.3950055046481687
134 621 0.5693117328986874
134 229 -0.9744226132455326
134 317 -1.3182205933129356
136 325 0.12727246163146275
136 231 2.015772076166653
137 324 -0.5803171790494699
137 470 -0.5579157264825764
137 228 1.0149294162614069
138 233 -0.20715505803222709
138 336 0.08869758489123301
139 234 0.20263537246785338
139 236 -0.26699981007669765
140 474 -1.800029291717204
140 472 0.2598331784008193
140 320 -0.8566065403711035
141 597 0.04949280022175518
141 383 -0.34843618509598084
142 234 0.916041970720974
142 332 0.30166274985087776
142 236 -0.3986153295558101
142 328 -0.3902584954351766
143 434 -0.9283134739507778
143 237 -2.685342485256051
144 193 0.918376991887599
144 161 0.7171576917710502
144 384 1.6382179951303382
145 429 -0.2526025200464561
145 299 0.4864311889275512
146 239 0.5873198353257999
146 147 2.424889019708085
146 287 -1.2583069414013341
146 543 0.7996152787963627
147 283 -0.6436338963909334
147 240 -1.981164920235033
148 481 0.23064827739130206
148 489 -1.2373017694395714
148 487 -1.637560291805094
149 489 -0.7626050119928549
149 323 -0.6998676929484007
150 602 1.945551026018847
150 243 1.442217173514668
150 428 0.6999870742373747
150 478 -0.5136201198023073
151 245 0.22157622574381955
151 199 -0.0042581910883825866
151 480 -0.16655200519708854
152 241 0.10711538452773164
152 390 -0.7320729899676027
153 201 0.6157586401881813
153 482 -0.1826019189679457
153 247 -0.9742989257892856
153 440 -0.1624959296375614
154 481 -1.1793782578852894
154 489 0.637012681819291
155 249 0.7778872986819765
155 202 0.4279864754353137
155 484 1.4061980181433844
156 491 -0.8798712726960175
156 412 0.4318793594113776
156 535 0.5468109987831815
157 436 -0.5912341552011557
157 205 -1.3635551213638366
157 494 0.8087454157696379
157 464 2.8479963428473916
158 251 -0.9166908921179647
158 495 0.013627592262690905
159 580 -0.5022339412297151
159 239 -0.7084739682707043
159 327 -0.3901086395665646
160 442 -1.086840300191124
160 475 0.8445663176572648
160 252 -0.0014254281963194742
160 445 1.03548602186059
161 448 -0.5565833128214764
161 253 -0.3686111115911237
162 251 0.7758446678835397
162 495 -1.1822652708694492
162 303 -1.0609092203128427
163 576 1.405313093057321
164 366 0.49340429931783086
164 256 1.0268324009919996
165 473 0.6948498531679589
165 301 -0.23103614406937056
166 218 1.4969598508090074
166 255 0.4155094140300651
167 260 0.27181571520161685
167 181 1.2760373402524015
168 509 0.47047699522988373
168 504 0.7124416393197164
169 262 0.42499285444252366
170 547 0.984940019843414
170 263 -1.5411383076218943
171 507 1.2237737781094387
171 462 -0.1527580971077701
171 438 0.5217006628609555
172 265 -0.5710119727205709
172 462 1.1625650023341063
173 266 0.018357434396835914
173 223 -0.4305428411154286
173 458 0.12414808080067347
174 513 -0.14335829806150988
174 311 0.8724330162471479
175 323 0.7856877326022221
175 456 -0.519791346294444
176 315 -0.7652419890074458
176 269 -1.8743561812692067
176 456 0.18089412376451278
177 458 2.0422663504565692
177 270 -1.6452651286753948
177 223 -0.48254306688838394
178 281 0.3326092806728922
178 513 1.0114246769633406
179 605 0.0650635097821969
179 455 -0.8148233536422886
180 497 -0.14935333526817413
180 556 -0.6232881669257174
181 543 0.23773484716072915
181 428 -0.8037029464844924
181 287 1.995597667018689
182 279 0.7145781105343268
182 516 -0.2521687945187991
183 276 -0.09930444388181683
183 520 -1.8165758875268987
184 275 -0.11550385129945594
184 278 1.9989545336039805
184 471 0.3174354387873796
185 275 -1.8518184780079028
185 276 0.6356775571594677
185 520 -1.1232327734171161
186 498 0.2611113353389666
186 495 -0.3566554834031536
187 329 -0.6446663431739378
188 329 0.6590805437195794
188 330 -0.3753379230012717
188 575 0.5827454423883116
189 466 -0.6272587109663113
189 271 0.3325961190355943
190 388 -0.030988607272858546
190 607 -0.13530827904433573
190 280 0.5847513467296973
191 475 0.6378230717119645
191 284 1.2157278009503536
191 445 0.05010466118715658
192 524 1.090401536279234
192 285 -0.11707436098993766
193 253 -2.018869157868003
193 607 -0.3844216886493526
194 337 0.03535048607499745
194 428 -0.5063572346357657
194 478 -0.6373414669163642
194 287 1.5334829999173147
195 475 0.8464061513814128
195 293 -0.1622932719968025
195 288 0.4748755638174057
196 441 0.04269537343365839
196 537 0.6942461667222758
196 532 0.5868710779994902
197 290 -0.8824603310389547
197 339 -1.0309761326831985
197 482 -1.813845520921286
197 440 -1.1980112261312796
198 291 -0.44650603621626744
199 491 0.5407134783114755
199 535 -0.06841231144708237
200 389 -0.8941572534768825
200 395 1.8871396945639292
200 293 -0.5818175704691876
200 288 -0.23591494581906233
201 492 1.0576141861443453
201 294 0.9775711083467179
202 539 0.4490800114051419
202 435 -0.7035114642599748
203 258 0.35856351175220424
203 339 0.346755707045019
203 335 -0.9805073232170884
203 624 -1.2139420651886297
204 501 0.7671046565093376
204 485 1.184760301736903
205 373 0.2926442475005175
205 563 -1.0166148320941786
205 208 0.06318338664979138
206 298 -0.9130646952172132
206 347 1.26014498330524
206 614 -0.05477818275439744
207 238 -0.44379414065715067
207 576 -1.7376995876217722
208 300 0.11757979463490084
208 540 0.22372437639714313
208 494 0.6741546191919804
209 443 -1.297537146735519
209 257 -1.0331492400540128
210 438 2.149984718569362
210 530 -0.23334848697865618
211 549 -0.14867479061664807
211 302 0.37804039197590655
212 217 1.1128417748172459
212 304 -0.21884572187181256
213 549 0.20746329698235674
213 302 -0.8405032024631973
214 250 -0.7547616241639781
214 595 0.18828894322678552
214 357 0.47784387290368807
215 362 0.8739436253585973
215 307 -0.4843875351161292
215 419 -0.5651764010852126
216 420 1.6418429356695643
216 308 -0.21082636217214948
216 358 -0.25795442746231945
218 310 1.3565668240194213
218 360 0.655855328693277
219 311 -0.24053655999827042
219 551 -0.13009896765583173
220 506 -1.6216035845526748
220 547 -0.85158310017551
220 230 -1.1466446216004478
222 553 0.5770199923446003
222 314 -0.6626638293810551
222 413 0.43205371899041956
224 316 0.665957397517341
225 321 -2.039708371565631
225 317 -0.3774109516488594
225 511 0.693973970870894
227 319 -0.5119489219359864
228 321 0.7663419003159703
228 621 0.7215879444224198
228 317 0.24240183469567414
229 322 0.8113552338368082
229 573 1.8771898956088855
229 518 0.07220421711121573
230 340 0.4066963308009816
230 277 0.0563061716921583
230 534 -1.2651877247548575
231 571 -0.7251168674297638
231 568 -2.5557672119117396
231 232 0.44866700986158925
232 325 1.145025491360008
232 517 -0.2093754974819194
232 514 -0.5825968581232444
233 328 -0.4556411919311077
233 567 0.50844781645446
234 324 0.2877405400678874
234 468 -0.4839181062397225
235 521 2.720996584157109
235 332 0.6775465377375
235 236 0.6673880868903064
235 341 -0.2941371746312872
236 333 -0.7967267164619414
237 337 0.1204187336606658
237 382 -0.506842141468345
237 334 0.40793759392938833
238 306 0.23346088955638622
238 332 0.7041861246649425
238 341 -0.5242745387431063
239 394 0.9887098298410303
240 337 -0.8485762728836592
240 334 -0.16944836226146695
240 287 -0.635966578990636
241 338 -1.653302010264489
241 528 -0.15312542572746396
241 398 1.2497544467250834
242 290 -0.5251733862172137
242 339 -1.5405769813103225
242 285 0.2381973605922295
242 335 1.2014411313116737
243 523 -1.5012371197685785
243 388 -0.16934245550772947
243 607 -0.7657337738497266
245 390 -0.10272777433435434
246 342 -1.4062213482063628
246 391 1.1985653494031978
247 392 -0.9202959508109576
248 393 -0.8738475737647381
248 533 1.1996841010547301
248 391 -0.6435944604082681
248 344 -0.4254985523226645
249 483 1.6914783966844458
249 600 -1.2185621622246323
250 437 -0.7971734325480879
251 587 0.9673483800964361
251 346 0.834450708875705
252 593 -1.0930565630649782
252 386 1.788329842073198
252 345 0.5978720985634085
253 349 0.95682660050425
253 351 0.5351674514688446
254 494 -0.07609909030726265
254 540 -0.6135895356954827
254 350 -0.9064515065807336
254 400 0.8985458873929857
255 349 -1.3518102924691557
255 351 0.08565156440805635
255 360 0.4613214216699265
256 546 1.8064038740970616
256 597 1.3474426481258361
256 352 0.09123675277454445
257 353 -0.9849471421157123
257 406 1.1001689312757108
257 488 0.2513999274709258
258 579 -0.23310295305305584
258 368 -0.11140265669868735
259 545 0.6954409379324806
259 618 1.0611234180498483
259 542 0.016029341747287183
259 354 1.2164102387940436
260 543 -0.13033464905136172
260 356 -0.06359677783574523
261 601 0.2744464465364967
261 308 2.1553508543083257
261 548 2.028093394091326
261 358 1.2235907220337658
262 602 -0.32224922942623124
262 310 0.08487158340396511
262 360 -0.002080810670478643
263 490 0.3586620225193032
263 584 1.3002440557534576
264 362 0.40349410564518334
264 367 -2.38110446110531
264 615 -0.29292889444649645
264 552 -0.0004370245364653654
265 369 -0.10448701004515482
265 410 -1.230832956320075
265 363 1.2966103013048798
266 611 0.23030848128497883
267 555 -1.0913497767082538
267 365 0.49328787744463076
267 550 1.2095427509179797
268 362 0.5756527501883989
268 367 1.5361308902847508
268 578 -0.9972273617742128
269 369 -0.3570331090211866
269 363 1.3532193293635497
269 608 0.6716279245960975
270 564 1.0822307793755606
270 364 1.4384703307080406
270 370 -1.234404713558781
271 371 -0.7576367741360182
271 623 2.1858924096810526
271 416 0.5450502221928443
272 417 1.3828118081744718
272 510 -1.085024076333796
273 417 0.9398062906850336
273 373 -0.8377088799065447
273 563 -0.27819031204863487
274 357 1.181820045213245
274 420 0.914520939910262
274 374 -1.9468422015331244
275 565 1.2267008468327107
275 375 0.8819792168065073
276 617 1.309555988131027
276 376 -1.4158695116126525
277 547 -0.30040984245283414
278 377 0.9314130539913187
278 565 1.228182065247167
278 381 0.3597657829425427
279 569 0.5601240627237088
279 426 -1.1768920885370604
279 379 0.42159133758858736
280 377 2.20355729117991
280 381 -0.5610644822651836
280 526 1.677271341923842
281 572 0.10650527933848403
281 382 0.5032055308913567
281 334 -0.12300802528589314
282 433 -0.07670677422442748
282 570 1.3809715861949687
282 384 0.6600228066509525
283 385 0.9509594632157399
283 572 0.936570440243789
283 334 0.7282502948683193
284 348 -1.086395848281371
285 432 -1.1457772117969645
286 401 -0.27443394302870944
286 476 0.2911358636809561
286 306 0.7776701679301026
288 386 -0.8294200525520776
288 527 -0.6359603958015464
289 344 -1.3605951926380608
289 582 -0.40743654710645355
289 391 0.6585345042599493
289 342 1.7442101103448542
290 343 -0.26905296967206893
291 393 0.675666833078718
291 344 -0.4579298703000882
291 424 -1.137841502847645
292 585 0.060750144152331154
292 395 0.7406409283584903
292 293 0.20501341468204165
292 399 -0.4861133445927944
293 396 -0.24421723173641818
294 440 0.002240557682281678
294 397 0.6760994868332992
294 400 0.12499261692819329
295 338 0.6931746354165009
295 588 -0.16856167297076116
295 398 -1.0375500502981398
295 583 -0.17053046987348872
296 538 -0.6568634570651107
296 395 -0.4325025295771293
296 446 1.22594049342819
296 399 -0.34325928541080447
297 450 0.4751108941118816
297 614 -0.3539918892466265
298 400 1.506351650712794
298 397 0.15995793102122535
298 350 0.2965672165951402
299 341 0.9756714075981081
299 521 0.827821999707872
300 563 -0.5242793928452114
300 446 2.2207330359363238
300 447 0.6668926248196324
301 403 0.10029104188852632
302 404 0.2908340348532909
303 557 0.5418940193233307
303 406 0.26565529470984794
303 599 -0.1969874217693708
304 549 -0.0009089114447987765
305 601 -0.38116538234566955
305 548 -1.3881689348850423
305 452 -0.16958110904141177
305 407 -0.206496693348733
306 576 0.21163681811376095
306 525 -0.9799794178948854
307 319 0.2845730773419871
307 490 -0.0029913897656772322
308 409 -1.5031616122088698
308 331 0.27893784249956427
309 545 1.1876735292111664
309 410 -0.4521385992244397
309 363 -0.7974943221600319
309 618 0.1813565124657736
310 611 -0.2784028547614473
311 501 1.6015093662735318
311 411 0.4940066590704872
312 491 -0.562389426762567
312 604 -0.6806921955781468
312 412 -1.1288372557599748
313 314 -0.7045880848314767
313 413 -2.0012121604265056
313 461 -0.4750179850171363
314 457 1.51561550618036
314 414 -0.0917146535314749
315 618 -1.834411282343431
315 363 -0.8768764021323852
315 415 1.7775440827290638
316 371 1.0211278352494324
316 416 -0.39467597581373437
317 613 -1.1722284094715991
318 418 -1.7986040024503869
318 436 -0.5557785000967848
318 544 -1.4132014584499821
319 419 -0.33501796296907194
320 612 -0.19818113959807301
320 421 0.5208270587138135
320 616 -0.6480115487812075
321 422 -1.214737018128144
322 426 -0.4238254045310876
322 380 -0.925144479170394
322 423 -0.05702479016936435
323 387 0.8992057741019671
323 596 0.4095877015454857
324 619 0.43424369863026324
325 422 -1.1567879377891772
326 426 0.8437913203498195
326 379 0.752465522860405
326 423 1.1798976888403763
326 376 -0.005085190719841382
327 394 1.3804298192388036
327 605 -0.7199570290284607
328 468 -0.16728065417706028
328 525 -0.9082538166938966
329 469 -1.1029010906469983
329 427 0.34227458576432374
330 469 -0.2102160126584484
331 508 0.5501689218661575
332 525 0.6839092501966638
333 521 0.20580690643699648
333 430 1.1663313048314803
335 579 -0.8444674882191028
335 432 0.027034711420868177
336 433 -0.9440334143870072
336 476 0.08553799525941332
337 434 0.2933301735116722
339 609 -2.1208861104644563
340 442 0.01453127081914007
340 437 -0.08154927822987934
340 506 0.5552833708632023
342 439 -0.460816582775545
343 397 0.4187690982962206
343 440 -0.12179272371210827
345 442 1.9138400692922346
345 437 -1.0915814696780697
346 443 0.8330552456557737
346 487 -0.7070494206693464
347 444 -1.7877294539093955
347 397 -0.03025113417287773
348 445 0.35320462449590995
349 523 -2.9656247281544763
349 607 -0.48450406186750344
350 614 0.15046885132106141
350 402 0.28308691031102845
351 448 -0.4828895925287212
352 449 2.213692830049369
352 452 -0.6354509937416064
353 380 -0.6487354442265737
354 504 -1.4716228994603258
354 448 1.0569155610606082
355 449 1.3565677526054596
355 452 0.6640314051954862
355 404 -0.9941376035757316
355 407 0.6468997812618682
356 394 -0.991242593569331
357 558 -0.5638332462385328
357 502 -0.6420056032772843
358 561 0.5686884971985537
358 499 0.2578290070137151
359 561 -0.11559187226340926
359 499 -1.1763897728509471
359 500 -0.4992088348730337
359 365 -0.15753372683939823
360 523 -0.8537311264309991
361 417 0.5231654920016383
361 538 -0.20674526326189654
361 563 -0.7887789991943842
361 446 1.7974933946794023
362 512 1.6566927087840413
364 458 -0.24466194704910893
364 555 1.1507206794581197
365 554 0.2477543069918526
365 455 0.186592749247794
366 597 0.29153829849033425
367 477 0.19954089766001049
368 508 -0.16338172613892946
368 461 -0.1060746928589587
369 507 -1.8016389542493303
369 462 0.2869708799231575
370 465 -0.07534751108066415
370 463 1.8452054942594733
372 393 -0.7520929804978461
372 577 0.3937909503032258
372 533 -0.605162190694677
373 464 -1.1267335353648098
374 465 0.6496487613207588
374 502 -1.083055731050377
374 463 0.37665620130309163
376 515 -0.3729781892965026
377 466 0.7967721938283573
378 427 -0.15652091154361397
378 469 1.0655346383873268
380 573 -1.4870869498968606
380 488 1.4531691706760763
381 471 -0.5006469247956317
383 625 -1.1241559534281313
383 574 0.10393671930115315
384 471 0.9378501561316096
385 474 -0.368449607794133
385 472 0.19256141587416725
386 475 -0.573512200409445
387 477 -0.7637249233019734
388 526 0.5544543378120055
388 478 0.4366496977300735
389 592 1.1462216632487696
389 527 1.5890071626897866
389 591 -1.5578069546662494
390 528 0.25925180727717106
390 480 -0.662135330447087
392 593 0.4414597995500686
392 529 -0.08568770406273986
392 482 0.16269645789848527
393 530 1.076399409566025
394 543 0.9994984129598901
395 591 -0.9359309679911527
396 585 0.16051570899989404
396 486 0.6540325435517432
398 483 -0.2883499704014577
399 405 0.6547028719086092
400 492 0.24246032401536388
401 493 0.25702727823548244
401 576 -0.28953937207338465
402 494 -1.5732984240339205
402 436 -0.31925582810667186
402 544 -0.6634358813752744
405 505 -0.8524061794701021
405 538 0.9738618722113606
405 453 -0.10989024811199613
406 460 -0.4986631508027132
407 454 1.730581363110914
408 465 0.04939366108145939
408 506 0.3832121859309836
408 502 -1.8263940161977876
409 548 -1.1136737442392057
409 503 1.14632998320256
409 508 -0.36929724608778625
410 451 -0.6010494517452882
411 505 0.3095994265574105
411 453 -0.39685841851050274
412 551 0.7373152722040226
414 508 0.29819668324979864
414 461 -1.5646404607784785
414 503 -0.37926643575895
415 509 -0.750371590514479
415 504 -1.7920175707744408
416 556 -1.3210292528224963
417 606 -1.1730239880501174
418 450 0.2612361407281296
418 511 0.3868599057227462
419 560 -0.41580069112159207
419 512 2.85495258712885
420 561 -0.3793568899446933
420 463 -0.6668206767039107
421 510 0.6832134099236701
422 514 -0.8646270687117622
423 515 -0.18918969425410137
423 488 -1.228514988604435
424 530 1.4860391036758185
424 438 -2.2732482708976205
425 517 0.527619246194795
425 566 0.19041071594117615
426 518 -2.7293045494504558
427 519 1.2728658654477067
429 521 -1.0359129432043188
429 574 0.6309913997642276
429 430 -0.8052485558692973
430 571 -0.6134387289869351
430 522 0.12248743515454043
431 497 -1.6191844369320791
431 557 -1.0614066953735486
431 599 -0.36157721429172796
432 524 0.45375351539754344
434 478 -1.0394519886110962
434 526 0.26917719665296336
435 480 2.4512538244053346
435 528 -2.0478713159118453
436 562 0.5692807906106251
437 595 -0.25796420356103333
439 531 0.021711875428714243
439 582 -0.9817972749207399
439 536 0.031479549260743006
441 533 -3.108307673431504
442 534 0.4297600309153746
443 531 0.34375722038997925
443 536 0.8683819641306932
444 537 0.35049898644470406
444 532 -0.40664904056791273
445 534 0.3150898650236044
446 591 1.3046164976606303
447 540 -1.4933128985148048
447 591 0.10251156242385438
447 592 -0.17074600918149294
448 542 -0.5627750506075646
450 544 -1.0664135982394156
451 545 0.49958765025691426
451 598 -0.017454167284223318
452 546 -0.4049646355919673
453 501 -0.99321189087931
454 548 -1.0906013056838242
454 503 0.9224445785006967
455 500 0.7155468071906762
455 550 0.9240388012379253
456 552 0.2561492426642183
456 608 -0.3423926910890969
457 553 1.3313480867823377
457 503 -0.4310504944462114
458 459 0.44330012896621274
459 555 -0.2883009025777313
460 515 0.015583505922321854
460 557 1.4331203109438084
460 488 0.6836505277882685
461 579 -0.5187080884602542
462 559 -0.6515365900288791
463 554 -0.7612253756570061
464 566 -0.26648227343358516
464 562 -0.7157473631505217
465 564 0.5145397006303607
466 565 0.582248252032909
466 623 -1.691154678371509
467 562 -2.206471413625797
467 517 0.7680301097078416
467 566 1.368048733878092
467 514 2.136877106990299
468 619 0.18367632554334784
468 567 -0.27229706030719447
469 620 0.01875059338353486
470 569 -1.3511691290548864
470 619 0.5655541389501896
470 621 1.1983240209814283
471 570 -1.1112829749711588
472 572 0.9990744557055561
472 616 -1.47527237200522
473 573 1.3902095674919814
473 613 -0.9044656049830383
474 580 2.0887795990651092
474 575 -1.1575539280505938
476 493 0.26219872398062344
477 578 0.7630219810061494
477 583 0.4070221732716942
479 580 -1.4732356756063425
479 575 0.22869081170470593
480 581 0.780405087612281
481 531 1.82222040736223
481 582 1.1156931964821906
482 609 2.0963548035104878
483 578 -2.0619420012416287
483 583 0.8135766434203252
484 490 -0.014625330084277511
484 584 0.854476240059375
484 600 0.1132246979667072
485 585 0.3952456885355227
485 486 -0.07806596139475987
486 586 1.1950479188467313
487 587 1.0871504642936862
487 531 0.06550544890304023
489 588 -0.10233451695223107
491 590 2.515507165626257
492 592 -0.7418843561263853
492 540 -0.294148419199297
493 594 -2.0829294299520393
493 598 0.005087803946829318
495 599 0.4163702504562552
496 545 0.2216354737040825
496 594 -0.5225659561037922
496 598 -0.09101096130470895
496 542 1.0638001683130638
497 498 0.5680802746068099
497 604 -0.5996357434341633
498 590 -0.514982235950538
498 599 1.0184383201516762
499 601 1.3230108314962923
501 551 -1.316266459372018
502 595 0.28560778882492194
504 618 0.17054121349232726
505 612 0.5674183941390938
505 606 0.7636219719162272
506 595 -0.7405444488443607
507 608 -1.5615786110462033
509 610 -0.40467856219512643
509 615 0.6376205274231906
510 612 -1.5257283124791965
510 606 -2.292310292502517
511 613 2.286378630259117
512 615 1.6673027389872965
512 610 0.7530604412820024
513 572 0.15785440525850172
513 616 1.4751375897834282
515 617 -0.8022038206726029
516 569 -1.6070880668049647
516 619 0.36633036588175477
516 567 0.4762718096398264
517 568 -0.05578587721896137
518 569 0.631522839067576
518 621 1.1527484393677556
519 625 -1.2762390988336045
519 622 -0.14913698553029034
520 565 0.654643893534849
520 623 -0.0028596269771235007
522 625 0.9746323126500548
522 622 0.7198225389249926
522 574 2.0446198375874483
523 602 -2.372120595964309
529 609 1.256374883708888
530 577 1.0061229276769974
538 606 -1.5565554893848126
544 614 0.8338667901637227
546 601 -0.627732018617015
547 603 0.5062922808939205
554 561 -0.6330715350105883
556 604 1.2678360101934774
557 617 0.23456293376865894
560 610 1.1175969671001609
568 622 1.1154470294431231
571 622 0.9666262783707972
578 600 -0.43810427306005395
590 604 0.27029781227948446
609 624 0.17773128078104572
