625 1250
1 145 0.09914430123934617
1 449 0.23931880546249984
1 93 1.266480068810107
1 574 -1.8404329015095027
2 233 0.33899632503273136
2 525 -0.7324915122644707
2 286 0.9825267604080856
2 336 1.308963709769617
3 145 -0.8412837503168142
3 449 -0.15566102440387353
3 404 0.7867005313799035
3 18 0.8052608775936766
4 284 -0.9979820715103105
4 95 -1.4774481901125027
4 15 -1.0522400487463968
4 54 1.0431474028505616
5 577 -0.2353568648246887
5 226 -1.796392954344579
5 524 0.2096953423877155
5 96 1.474823159145449
6 65 -0.6936298779413094
6 282 -0.03466261483444647
6 85 -1.1087173221398385
6 144 -0.05510174863469655
7 58 1.3085013922328868
7 51 0.90500106677609
7 214 1.5715360351049878
7 558 -1.1646721772754967
8 98 2.4137928563585436
8 284 0.92627562254894
8 486 0.16526875835732413
8 54 2.920600281093079
9 10 -0.3039319257147368
9 347 -0.6111645382090624
9 532 -1.0433808364122314
9 343 -0.14981786208693568
10 290 0.7437004181367222
10 100 1.2508884905799194
10 285 -0.14992174468093658
11 277 -1.0960263291322414
11 348 -0.18456501606258974
11 589 0.2844146499481547
11 534 -0.13285467713957158
12 586 0.874304837418032
12 485 -2.259446467596295
12 535 0.33295456345836005
12 63 -1.3293153851770751
13 403 0.822396803643326
13 104 -0.20290181356010842
13 342 0.30152355040863693
13 536 0.10187133104623602
14 537 -0.3914650311369241
14 99 0.3193806798308145
14 541 -1.0205897215502215
14 246 -1.7103084006534846
15 348 0.9214719874816405
15 539 -0.9173651675767752
15 589 1.808159097453372
16 17 -0.6367559877431211
16 297 0.09472373695624663
16 109 -0.34875316524890665
16 112 0.33229942178906247
17 537 -0.8723345384249975
17 541 0.42691989567145333
17 110 1.8579622074811875
18 299 -1.0184943572918093
18 111 -0.03892690280329876
18 302 0.01226452425588437
19 165 0.029829930392181073
19 109 -0.23975880421119583
19 613 -0.3310931990556228
19 112 -0.6926143378132693
20 217 2.1019561050303874
20 114 -1.8847617351575123
20 163 2.1721325256254898
20 24 0.5798071964749547
21 546 0.3623818775999185
21 499 -0.43116226074305053
21 500 1.7979129207219815
21 164 0.9769239680044581
22 179 0.9292826464384867
22 500 1.803064795392166
22 164 1.4040271460853837
22 102 0.3304305659456435
23 553 1.1362076297548354
23 116 -1.1853473722294345
23 213 0.11342429974679329
23 304 0.5649329965438464
24 115 -0.0010593932940119778
24 549 1.1437065781480056
24 212 -0.7803329958054865
25 555 -0.17852719222955646
25 356 -0.26761536981598466
25 550 -0.22818078951765977
25 118 -0.6420217503359654
26 307 0.5922716346807848
26 263 -0.7987077598813686
26 227 2.0335107367463596
26 119 0.5589431188699855
27 553 -0.15544125721100424
27 304 -0.4536295125785458
27 126 -2.302849574316584
27 120 -0.32279758921096036
28 554 1.0238476367965343
28 267 -0.49954315722448955
28 364 -0.9240634664327111
28 370 1.1904315338243323
29 169 1.16862295535935
29 266 -1.1764336122717007
29 310 1.2308586272185806
29 122 0.5047658197242333
30 316 -0.6450312965183853
30 123 0.18832929175159024
30 556 1.3998810464950184
30 312 0.22330214453061883
31 124 -0.616984510222185
31 596 -1.0650318149329248
31 175 0.5837135540261461
31 608 -0.03595637188415832
32 58 1.618866855399943
32 331 -2.111374773101315
32 558 -0.13032184084820136
32 368 1.3884582925334852
33 221 -1.1261660132259594
33 126 0.20057727947763118
33 559 0.6875072322601734
33 120 -0.8488224822864031
34 611 0.03936713003338869
34 127 -0.4326097904872833
34 319 0.8216355361736447
34 560 0.6923084245938979
35 129 -0.6616118781234078
35 562 -0.24414574631671257
35 318 -0.41251025566064875
35 514 0.6204768610610478
36 313 -0.5996857362382927
36 579 -2.277612326121353
36 46 1.3291452805173347
36 432 -0.501638741200415
37 177 -1.2219330012230096
37 603 0.5935409821924087
37 564 0.28622603486089854
37 131 1.2620880187292152
38 133 -0.07034581048959714
38 373 -1.3382354206155491
38 566 -1.3109231890266506
38 87 0.31994779722115824
39 138 0.522839824429571
39 182 -0.952160353966047
39 567 0.5578823151136477
39 135 1.120905580675223
40 425 -0.05647748141582617
40 378 0.6932972766581996
40 519 1.4840375999791706
40 568 -0.7965935486962531
41 137 -0.7224826011453307
41 321 0.12295853059136717
41 325 -0.6419930897171618
41 42 0.41924633912019516
42 139 2.0370307385043036
42 324 0.8338333853345101
42 136 -0.4941063680078729
43 433 -0.18195989261049808
43 570 -1.5205262261333425
43 135 0.9513458257914827
43 138 -1.8212023993385245
44 571 1.9300348181600304
44 333 0.1384221514667563
44 139 0.8509541333076066
44 136 0.9312447316720566
45 330 0.3031832692380765
45 140 -1.5302384932427986
45 421 -2.452151428808437
45 575 -1.5852356902737512
46 524 2.168437935343747
46 226 -1.0547182915222701
46 413 -0.8613760248629792
47 187 0.21382060130870892
47 244 1.220327287473727
47 141 -0.24231821416498217
47 366 -0.47357310102169653
48 187 -0.9611121088281299
48 244 -1.7530024734109972
48 188 0.3133006524711552
48 479 -0.5983403000344528
49 377 -0.6453042483962639
49 189 0.7122727409084013
49 526 -0.6684891356619799
49 143 0.0544185251668846
50 593 -0.026885544483085697
50 386 0.6065321602398078
50 527 0.9306387618379459
50 247 0.7292900912323106
51 529 0.34986017486907905
51 250 0.3891108316253687
51 624 1.1846138013309861
52 244 0.22020070549224657
52 605 -1.888566936325843
52 479 1.9986061224449203
52 159 -0.1509431463573227
53 385 -0.059691794410934765
53 147 1.3419045093158104
53 580 1.1656789467533508
53 239 -0.23078977939992334
54 586 -0.4243841503986371
54 581 -0.910403708145516
55 338 -0.5636945479447782
55 587 -1.1602145137250408
55 588 1.018765993814795
55 148 -1.5150782379126648
56 387 -0.834378591711594
56 588 1.0837190894379
56 149 -0.2892102866856919
56 583 -0.14888776096003642
57 170 0.21894832694138647
57 589 -2.6721613829287496
57 277 0.3989256636517495
57 584 0.5717355735604409
58 258 1.415444522873478
58 624 1.232765703474412
59 586 0.2386033758768987
59 581 -0.06755369842505411
59 535 2.9988229086660585
59 151 0.8992644302261315
60 338 -1.3052978708694962
60 587 -0.9096530522917204
60 158 1.0194813951847592
60 152 0.28032955671328436
61 154 0.6552053843463134
61 344 -0.7128557196125911
61 198 1.7438768757037173
61 582 0.464142887116059
62 539 0.017668941570827237
62 589 1.8221766247099591
62 155 -2.201233003739375
62 584 -2.550863777776446
63 156 -1.293815407147934
63 551 0.08251614942685725
63 204 -0.41913969257589784
64 186 -0.4900203690250195
64 245 1.2850967090652952
64 158 -0.3339711246140025
64 152 -0.20006100623461193
65 161 0.4716742453722344
65 594 -0.9384498938392346
65 542 0.8520417013592647
66 209 -0.6895774775374205
66 346 -0.5887066787435528
66 406 0.2389813237896278
66 162 0.5061696998433889
67 179 0.644324694420377
67 356 -0.19057995917667483
67 550 0.7329075064382815
67 327 0.12710032573270447
68 401 2.6322698320350595
68 114 -1.4544058703967426
68 163 -0.532806262911609
68 598 0.26442931794929697
69 353 0.1772465008318832
69 165 0.6342544518515711
69 403 -1.92364729514671
69 573 0.2846248157336271
70 354 0.3900338104531552
70 166 -0.8529922732601076
70 351 2.0440940199669972
70 168 0.5026748610887288
71 169 1.7359710773741979
71 602 0.2286551373232896
71 428 -0.6270723216040501
71 167 0.6461470872907258
72 564 0.6581272344560608
72 603 -0.6468332662556471
72 220 -0.8424929853255677
72 408 -1.7099413146549765
73 610 -1.0113718049706861
73 166 0.9920187886708961
73 79 -1.4228732003290632
73 168 1.3548267320922425
74 169 -0.32590727064514746
74 122 -0.3054886491945018
74 118 -0.07519199219934708
74 167 -1.1322620342903802
75 490 0.7742041672507072
75 268 -0.5002056396145276
75 215 1.028091464941608
75 600 0.12240532430354031
76 210 -1.629733216940165
76 171 -0.6508040170720967
76 221 1.3731669025439852
76 559 -1.9367627702263162
77 274 1.268781720279729
77 331 1.4900499881157514
77 558 0.45990191505889555
77 216 -0.9317778152784135
78 217 -0.19353103251116777
78 172 -1.4225351426298587
78 559 -0.7985559568466493
78 120 1.0132418881008112
79 218 -0.38242551175873674
79 611 -0.7201512773861027
79 560 0.9402495349288458
80 411 -0.9862085764894513
80 612 0.4800626798765404
80 174 -1.1602766355362166
80 616 -0.35400894329456856
81 387 -0.9819545465239531
81 367 -1.1674516355622377
81 175 1.9744813233726826
81 552 -0.19926000915693892
82 552 -0.2774024732654416
82 615 1.9608241398413178
82 415 0.46015969216130626
82 176 -1.4970816949922874
83 178 0.6843289273061528
83 371 0.40859684251069156
83 382 0.9412401755321422
83 224 -0.9100199449495778
84 617 -1.6308073543517307
84 180 -2.443917840900919
84 183 0.36197696235928617
84 431 -1.092557519714193
85 433 -0.19366783161460654
85 594 1.2298685654143815
85 476 1.3080528920483734
86 379 1.6175981227414793
86 182 -1.6793687056435638
86 375 0.6473786303836839
86 135 -0.44889920997245625
87 425 -0.42920709708130744
87 378 0.011930564039067799
87 620 -0.9465380433185835
88 180 0.6174691269619972
88 183 -0.29735965498536676
88 623 0.7147171680982604
88 416 0.6288187958781397
89 570 0.2841723914974885
89 135 -2.5743401729662567
89 375 -0.009113249050868718
89 184 1.159091295381094
90 185 -0.6184638443171313
90 379 -0.2543953856228166
90 375 -0.44433660259202684
90 376 -1.2297078144543563
91 625 -1.6249250672103157
91 427 0.0005321669893795026
91 141 -0.0749701272774125
91 187 -2.4389981177091595
92 371 0.08662424118125994
92 189 -1.892054501423849
92 382 0.8276702557740477
92 143 0.35888966821911283
93 597 0.9529887164788244
93 383 -1.0715571877985666
93 352 1.2233008788034105
94 193 -0.10285348722419219
94 381 1.1889611993789568
94 190 -0.4551398556644249
94 384 -0.700161529590345
95 435 0.06413202320088841
95 581 -1.5713332655545533
95 539 0.7986960554526121
96 441 -0.9094856786449624
96 372 1.6384987743370985
96 192 2.2860858557602572
97 124 -0.5231934990134532
97 596 -1.8651528799495507
97 198 0.6132359002904181
97 424 -0.2710345071796746
98 195 1.229824054756408
98 396 -0.23065389455893084
98 191 1.4760941178975806
99 196 1.7849111763451093
99 533 0.2800937335855482
99 391 -0.4791145941768986
100 441 -1.065067093576369
100 532 0.025467765922144503
100 192 0.03028589965911102
101 154 0.7248627900807988
101 596 -2.037501283489161
101 149 0.8103014102715548
101 198 0.12413781745492569
102 244 0.6509093215951791
102 605 -1.6662724336925925
102 366 0.6111672516143655
103 186 0.9277297522940031
103 245 -1.9026650700151753
103 590 -0.9868876459700445
103 199 0.6883722956637367
104 541 -0.3091357048168464
104 246 -0.7443728488854964
104 301 -0.8772586051838388
105 201 -0.042067746056235346
105 527 0.7890436685925225
105 247 -2.1465290068133123
105 592 -0.9975253709994563
106 249 0.43208605304425257
106 202 0.20774481572802742
106 398 -0.6080374093548608
106 528 0.7411577262897407
107 593 0.35587189509238737
107 529 0.12006076232061597
107 345 -0.6479564881668135
107 250 -0.07333386476402848
108 585 0.8141016532805306
108 204 0.48155111481809537
108 453 -0.8184285103764597
108 399 0.1263798589662349
109 301 0.3098856020438336
109 541 0.2521676099989512
110 297 0.6824952144495342
110 444 0.20994011850194444
110 206 0.8000812400885555
111 211 0.20442732829050175
111 341 1.3508119810854342
111 207 1.067485166244269
112 450 0.009570306562465493
112 511 -0.8818408748657363
113 209 0.8585492100422273
113 353 -1.2250655249292899
113 403 1.529442769992441
113 536 -1.0213668800085667
114 121 -2.4164322692707287
114 451 0.8878032441996636
115 163 0.5087837101205769
115 211 -1.2979655429349268
115 207 -0.3311629686873578
116 457 0.12233556490088213
116 117 0.8717617728904282
116 454 0.3085503160487428
117 213 -1.1484748465206513
117 404 -0.8986836021852965
117 407 2.2568040521371375
118 459 0.47204590065712004
118 260 -1.6404244948449471
119 131 0.7363799330556619
119 603 -0.6856800862003125
119 170 -0.04353333288298695
120 212 -0.8234101721112215
121 217 1.611005872505706
121 172 -0.07122075214222721
121 410 1.937167857561997
122 459 0.5309593682077469
122 173 -0.20504723598281582
123 219 1.5772347861546154
123 412 -1.3273021097078088
123 224 0.5879577172942693
124 507 -0.16294423332018879
124 438 1.392171696134051
125 226 -0.9445016805019677
125 413 -0.9108354280508172
125 221 -1.1571549308189646
125 126 1.594656317543523
126 222 0.9895361432110447
127 227 -1.628557676046974
127 223 0.5257304386514153
127 266 1.6253134696709701
128 178 -0.16688181157619617
128 219 2.0702175171183734
128 174 -1.6485672062758454
128 224 0.7725473573802193
129 225 -0.44679372013170876
129 418 0.7428278296617637
129 422 -1.3989188136783148
130 577 1.7098431925086417
130 226 -0.16384634970197304
130 221 0.7100935938727675
130 210 0.5588691386384368
131 227 -0.1183316301762071
131 223 -0.3738041725208775
132 330 -0.5212649250460605
132 620 1.482667675663771
132 421 -1.0298709421722636
132 272 -0.5438458392977797
133 273 -0.456085128897565
133 620 -0.4763311178412736
133 272 -0.4938257233010539
134 473 -0.0475610873584264
134 621 0.3884460535534219
134 229 -0.9564544640413464
134 317 -2.325732374603591
136 325 -0.1241925651404544
136 231 -0.034416685731226415
137 324 1.128930317978505
137 470 -0.3764861118992614
137 228 1.5960128986989253
138 233 -0.04108679925060997
138 336 -1.555199775720572
139 234 1.0125170444453635
139 236 0.9753056052109721
140 474 0.316817863300774
140 472 -1.1294353970460373
140 320 -0.6571350493192288
141 597 -0.9442782482584092
141 383 0.23048556585623023
142 234 -1.6777197961107029
142 332 1.316209118965252
142 236 -0.6008283087738416
142 328 0.3334349427693095
143 434 -0.5307258282724231
143 237 0.43902710616882495
144 193 -1.2181628441058974
144 161 0.18499494322494855
144 384 -1.3783847608385262
145 429 1.0508238857432222
145 299 1.1139522760353722
146 239 -0.17502404316426276
146 147 -1.3317828172522466
146 287 -0.410392573199469
146 543 0.208921787267459
147 283 -0.2951098061038883
147 240 1.8622537906506713
148 481 -0.36785230389261175
148 489 -0.9070367647566053
148 487 -0.1394216363885149
149 489 -0.7199262774877293
149 323 -0.447588830770722
150 602 -0.3978480518456918
150 243 -0.8260605810004291
150 428 -0.8216269268417907
150 478 -1.4953321108180893
151 245 1.25579231921731
151 199 -0.5988384570769834
151 480 -0.8913274102597762
152 241 1.197065300488342
152 390 0.8728981650907806
153 201 1.9399091575722724
153 482 0.2539874054457321
153 247 -0.6795088005478128
153 440 -1.1272281999098805
154 481 -0.37626883989413795
154 489 -0.0034604286751632463
155 249 0.07606584196663545
155 202 1.1162883551844245
155 484 -1.3766718049553421
156 491 1.2703931706925924
156 412 -1.3244054267059142
156 535 1.3585474633470678
157 436 0.16593611294956562
157 205 0.15288894188684
157 494 -2.1466702483813633
157 464 2.124630652488041
158 251 -0.07995359521579347
158 495 1.7422896350273733
159 580 -1.549253980592843
159 239 0.578162900785356
159 327 -0.4096782669628318
160 442 -0.3962736555655072
160 475 -0.5847885595738735
160 252 1.8187331345722701
160 445 0.41708320445384933
161 448 0.12947287345831784
161 253 -1.7601668569550626
162 251 -0.12902154387309875
162 495 1.3474204365440041
162 303 -0.9747589278788936
163 576 -0.9595250753762409
164 366 0.413652927442001
164 256 0.15824136029000016
165 473 0.8426143179603017
165 301 0.1843970601207459
166 218 1.4391667375768848
166 255 -1.0950917453675566
167 260 0.04744340761840394
167 181 -0.05639238654588039
168 509 1.0683466598747902
168 504 0.29136210472842716
169 262 -1.4061503925489147
170 547 -0.41404969338762426
170 263 0.20317256442146195
171 507 0.07270419799250205
171 462 0.4919622355186819
171 438 1.2625349859629613
172 265 -0.09308014379093309
172 462 -0.010662980619109502
173 266 0.9755416277825916
173 223 -0.2926899073330816
173 458 2.092108225560411
174 513 -0.7348147933541127
174 311 -0.9409984603852094
175 323 -1.7388174346488798
175 456 0.3264705968650647
176 315 -1.5498321862478102
176 269 -1.811805668347771
176 456 0.158977110253358
177 458 -0.8204041590490281
177 270 0.4346438937190264
177 223 0.6100968330343207
178 281 -1.202991669073841
178 513 -0.8935150637087015
179 605 -0.8587463872702373
179 455 -0.0173653828427458
180 497 0.9164316594372196
180 556 0.09486432973853462
181 543 0.2707915816879523
181 428 1.027636903584206
181 287 0.7367624949209647
182 279 0.06876460848816868
182 516 -1.1393738211303484
183 276 1.1974988794447516
183 520 -0.23962614415582115
184 275 -1.620656612511844
184 278 0.3131470480733855
184 471 -1.215999349571405
185 275 -0.2589770644704747
185 276 0.19587056417346566
185 520 0.820412439947324
186 498 -0.900910500230851
186 495 -0.282593800759377
187 329 -0.17910077692262485
188 329 -0.1681172611032199
188 330 0.5038529560198113
188 575 -0.7031839253414263
189 466 0.2882721676180844
189 271 -0.7319999171444808
190 388 0.7862209520529977
190 607 -1.3115486430597774
190 280 -1.96873637543723
191 475 1.0929600667547952
191 284 -1.165223913589924
191 445 -0.6763796608315372
192 524 -0.3668657789555608
192 285 1.2634902003271007
193 253 0.6174854203974449
193 607 1.188212001745377
194 337 -0.17552470659349892
194 428 0.16926442013593684
194 478 -0.25734037535760285
194 287 0.26892535878774704
195 475 -0.23514711562674515
195 293 1.1306775129537057
195 288 1.5722283778893469
196 441 -0.2538887439584424
196 537 -1.5301432682735634
196 532 -0.13620972519152363
197 290 -0.8668080776454865
197 339 0.6129081359814885
197 482 -0.3876818150047778
197 440 -0.4670196746784148
198 291 1.4783841602361378
199 491 -1.1057224225640656
199 535 0.3394686202331578
200 389 0.8366870131950056
200 395 -1.7894642233666225
200 293 -1.7242731161459173
200 288 1.1532283183267165
201 492 -0.32811939725097106
201 294 0.45994935156159455
202 539 0.7190362222632007
202 435 -0.9151261475537243
203 258 -1.5648012200897845
203 339 -0.2459993428563974
203 335 -0.9801871467768325
203 624 1.2512414030429038
204 501 0.3052318189089735
204 485 -1.267994362243036
205 373 -0.8369052332578528
205 563 -1.7187798554234617
205 208 1.0265928620998184
206 298 -0.5415900444855676
206 347 0.005451701751334131
206 614 -0.41639371443408923
207 238 -1.453902702252615
207 576 1.2656848213480218
208 300 0.2841222670707034
208 540 -0.35006680386479283
208 494 1.5120748382529496
209 443 -0.4926734019665201
209 257 0.9480969581620945
210 438 0.010028781366337192
210 530 0.4698963898326177
211 549 -0.7048121876004122
211 302 1.0840121283991353
212 217 -0.12211856434987119
212 304 2.0725178183783015
213 549 -0.7330899475403903
213 302 0.025104040980750274
214 250 -1.0068903239287326
214 595 0.3496376233950738
214 357 -0.37658160084820347
215 362 0.12031049600798066
215 307 0.004949786421622988
215 419 -0.316172786935619
216 420 0.2682429033563967
216 308 0.9595798185445431
216 358 1.6703099202587053
218 310 -0.10996301360637513
218 360 -0.5606610068729069
219 311 1.2219138643813845
219 551 1.1812302624047506
220 506 -1.2963796094533981
220 547 -0.16484302335254786
220 230 0.19702953100380552
222 553 -0.5926760233213396
222 314 0.5157925878286413
222 413 -1.647147695379954
224 316 0.9069559175151204
225 321 -0.39406315573180895
225 317 0.13727019771184393
225 511 0.6551530215032162
227 319 -0.11915742019516747
228 321 -0.26305303518692713
228 621 -0.546234104492078
228 317 -0.679496876259943
229 322 0.5012406689415374
229 573 -0.9560589248611855
229 518 0.9552292751927752
230 340 0.25540569689230813
230 277 1.20670944297447
230 534 0.9773928950867774
231 571 -0.34014304626995145
231 568 0.7290288756241864
231 232 -0.5562893671638887
232 325 1.8108453716407615
232 517 -0.9866749536621517
232 514 2.6391280644019637
233 328 0.8626201582532972
233 567 0.8929909089696385
234 324 -0.8415257155356235
234 468 2.199938432814636
235 521 -0.3869121774673145
235 332 1.2317703989865172
235 236 -2.465593034023419
235 341 -0.15369220793120042
236 333 0.2966428696992374
237 337 -0.5389204534541412
237 382 -0.7121152934352405
237 334 0.5919048320920607
238 306 -1.2075814470269108
238 332 1.3241174666494835
238 341 0.13386486073018303
239 394 0.007583797284506425
240 337 -0.3108149597685952
240 334 -0.9342164883027387
240 287 0.1431873410981339
241 338 0.27383850139263727
241 528 0.930713857232324
241 398 -0.3184070910542756
242 290 0.8052599079709329
242 339 0.6439268452927428
242 285 -0.6668660690002042
242 335 -0.9655758210451948
243 523 0.5669236342063287
243 388 -1.032481857336757
243 607 -0.8828958889923222
245 390 -1.6714175972082137
246 342 0.12234351474859426
246 391 -0.9340030910497589
247 392 -0.16644226527086714
248 393 0.19476428630077028
248 533 -0.6609342357654436
248 391 0.5929916542192755
248 344 -0.23686827925559537
249 483 0.3700249654163306
249 600 -0.6641088616948361
250 437 0.09757990458259257
251 587 -1.316026495028676
251 346 2.3577923046309035
252 593 0.2271893505753739
252 386 -1.0413273665794927
252 345 -0.6198643826996312
253 349 -2.4502417532487653
253 351 -0.9513393911600545
254 494 1.4634214221334951
254 540 1.410175149651405
254 350 -1.549037338748279
254 400 -0.06888203689643381
255 349 -0.55584999413339
255 351 1.8773765448931043
255 360 0.31357445441619997
256 546 0.9274137702892931
256 597 -0.8918651030691745
256 352 -0.014717727706266198
257 353 -0.9551830195807751
257 406 1.0710332775714968
257 488 1.5997265234640938
258 579 -0.5917563641469531
258 368 -0.9075890562793756
259 545 0.9269737816942012
259 618 -0.9966989828051586
259 542 -1.1041062131711576
259 354 0.01910886627915473
260 543 0.7315865569612432
260 356 0.27252761269654135
261 601 0.33337714103246885
261 308 1.0324815282786584
261 548 -2.5120487660994772
261 358 2.1685341469332444
262 602 0.7044306885208711
262 310 0.8399201518793505
262 360 0.44705750658931875
263 490 0.36833808453679495
263 584 0.42015967576844127
264 362 -1.8499349982524473
264 367 0.6622469573049737
264 615 0.3415728896299391
264 552 1.7356754124466425
265 369 -0.28914077163185004
265 410 1.6286257817073597
265 363 1.3247095796623198
266 611 0.46200815920450594
267 555 -0.8882092939165621
267 365 -0.6885992152925429
267 550 0.7448709373396251
268 362 -0.14172188447753412
268 367 1.3253637414224817
268 578 -0.3892701623967539
269 369 0.06523183973267221
269 363 -0.11385481933297482
269 608 -0.9660778339707257
270 564 -0.49393093909644176
270 364 -0.899908879689045
270 370 1.389051670796981
271 371 0.20733606994748013
271 623 0.23781047659475815
271 416 -2.0636797450749254
272 417 0.04525579014999973
272 510 -1.1939576347750318
273 417 -1.1876026317018213
273 373 -1.168562515614721
273 563 -1.0851938832243113
274 357 0.5757609686941336
274 420 -0.9595409252201543
274 374 0.4848663764473724
275 565 0.6410398108808387
275 375 -1.4235258310390035
276 617 -0.09914968139907383
276 376 0.49933462630058945
277 547 0.4765543243462058
278 377 0.929962335339305
278 565 -0.3242779583987097
278 381 -0.33061004883413553
279 569 0.7767598154667971
279 426 0.023927891833998443
279 379 -1.1353314434114854
280 377 -1.1273560266106313
280 381 0.3908756517746808
280 526 2.4962726712623335
281 572 -0.4290232801439754
281 382 1.381425990752325
281 334 0.4986215544220817
282 433 0.20540307193247784
282 570 -0.24169825617163462
282 384 0.9598889715303603
283 385 -1.294473106204334
283 572 -1.3491359823800464
283 334 -0.19674527296323124
284 348 0.6485957013446438
285 432 -0.5777841965482902
286 401 -1.1195891740589097
286 476 -0.7541531022740046
286 306 0.6085467962078132
288 386 0.2964222269717475
288 527 0.3837099041821097
289 344 -0.3933488856433806
289 582 0.34801971581148716
289 391 1.2988531094769888
289 342 0.7348782308122378
290 343 1.7027536021788252
291 393 -0.41798429422208183
291 344 0.32392331418375236
291 424 1.2435171450226241
292 585 -1.6379057931898504
292 395 -2.0599155575570056
292 293 -0.7191896149074202
292 399 0.2636484346161304
293 396 0.9760820538112837
294 440 0.4687416463607921
294 397 -1.9017506874766856
294 400 0.21670998433701905
295 338 0.9691574544787213
295 588 -1.680436747384776
295 398 -0.9879961120556803
295 583 -0.14500672749394444
296 538 -1.5624844575146548
296 395 0.9730959046246163
296 446 1.5067759556366422
296 399 0.3042743902601315
297 450 -0.19925895546744032
297 614 -0.7569515606070025
298 400 -0.6996887392165141
298 397 0.46912505390282844
298 350 -0.17125134330946182
299 341 0.44344530451447917
299 521 0.054132859747688306
300 563 1.1009687519873828
300 446 0.13821054990893622
300 447 0.3458367477840121
301 403 -1.957652343821333
302 404 -0.82681723894896
303 557 0.6577531190177753
303 406 1.2039497116610374
303 599 0.12069681839451081
304 549 -0.5993574144862417
305 601 0.7875389850108903
305 548 1.517855010948676
305 452 -0.7328653739999818
305 407 -0.27349790869183455
306 576 -0.672715613549735
306 525 -0.07077099547560257
307 319 1.384014567102227
307 490 0.01619528397065087
308 409 -0.35467385633969
308 331 0.8695260942981964
309 545 2.2975473153428516
309 410 1.7648713624153136
309 363 -0.023368725929980013
309 618 -0.91211476589695
310 611 -0.8853296699692212
311 501 0.8422501693070432
311 411 -1.1714080759525196
312 491 -0.5817856741791976
312 604 0.5671472339692639
312 412 -0.862561529478455
313 314 0.45039369253829203
313 413 0.7938188288954633
313 461 0.3530071972395781
314 457 1.2988646706753362
314 414 0.9513489640427566
315 618 -0.2206561056217722
315 363 1.0342141853221511
315 415 -0.8533553492925668
316 371 -1.2567879110393607
316 416 -0.5650272614302123
317 613 0.9882358897308798
318 418 2.498364465837246
318 436 -0.5996237575522402
318 544 -1.6352823170933604
319 419 0.7506480751926619
320 612 -0.30592205914471216
320 421 -0.14117112476005428
320 616 0.3832468775040738
321 422 0.27517466577243005
322 426 0.5581490674552768
322 380 -2.0498426114686383
322 423 -0.3982408139961438
323 387 -0.7294125891616312
323 596 1.2663243297335594
324 619 -1.3918258519526
325 422 -1.145845108907662
326 426 -0.3600051157241645
326 379 1.4093111825574898
326 423 -0.7305734363881781
326 376 1.9568505447498001
327 394 1.0319579005226631
327 605 -1.372289990447392
328 468 0.9200285469169488
328 525 -2.5359264755548656
329 469 -0.16469596541689266
329 427 1.5418128684741366
330 469 -1.6284286505816377
331 508 0.3710310269637437
332 525 -0.45813684227641016
333 521 -0.3369884065352259
333 430 1.3180393969689923
335 579 1.563675971118848
335 432 1.1722707542805149
336 433 1.4034918180874116
336 476 1.7542626581247034
337 434 -1.6442577676926433
339 609 -0.8237769308771503
340 442 0.2354492410701912
340 437 -0.8472212904540692
340 506 1.0659376738386477
342 439 0.1429376953263425
343 397 -0.6088527211210694
343 440 1.8740649828005937
345 442 0.5585689357732192
345 437 -1.1029227646093354
346 443 0.6553517919912746
346 487 1.9225316681380327
347 444 -1.2272195328198499
347 397 0.5575045665359947
348 445 -0.4302448161963205
349 523 -0.3687095580886755
349 607 1.283149557539483
350 614 -0.2538054308392204
350 402 1.049122801401496
351 448 -0.4777992919685239
352 449 -0.9088035089904627
352 452 -0.08173453647184245
353 380 -0.3682481272210215
354 504 1.0621483371795064
354 448 0.986196050356818
355 449 1.1964536563769619
355 452 1.2939493062457985
355 404 0.41415496197164675
355 407 0.20234239414809543
356 394 0.5430653778291078
357 558 0.6443407238223446
357 502 -1.018064210576793
358 561 0.7086303086135013
358 499 0.08732995076602143
359 561 0.03723038638088936
359 499 -0.8037413829840101
359 500 -0.09618205453622358
359 365 1.1596635005734353
360 523 -1.1038100584980632
361 417 -0.8641901002740348
361 538 0.8817298863060339
361 563 -0.4302519408825998
361 446 0.2699307873370904
362 512 0.15738878071048024
364 458 -0.2514814683591937
364 555 -1.1924453934111787
365 554 2.374646248254257
365 455 1.5359481065843654
366 597 1.1132732426749827
367 477 -0.27949221512689376
368 508 0.31184504680457237
368 461 -2.3645715443363398
369 507 -0.43060923469750173
369 462 0.16981803632118198
370 465 0.45500677236842796
370 463 0.4203755983824073
372 393 -0.9581392103579671
372 577 -0.5629386974759227
372 533 1.4907440046147045
373 464 -0.9603141648237747
374 465 -0.5843284188801792
374 502 0.8569838826867825
374 463 -0.05995556691601327
376 515 -0.47518820080369933
377 466 0.6140408802772912
378 427 1.572210568801267
378 469 -1.2551297007440783
380 573 1.4717177195398559
380 488 0.07745360999034273
381 471 2.0746654648688176
383 625 0.7637605445830141
383 574 -1.22458025046739
384 471 -0.6391466767527089
385 474 -0.7151197935521809
385 472 -0.7574955609337611
386 475 -0.3340165056471967
387 477 0.24202080047814725
388 526 1.449674617888118
388 478 -0.7082358506741656
389 592 -0.6138895804997071
389 527 0.4255401766470656
389 591 -0.20500920516660964
390 528 -1.1418596952571674
390 480 -0.20788892764429112
392 593 0.9443584263806439
392 529 0.40775383699954104
392 482 -0.7931402275335153
393 530 1.7266406350392443
394 543 0.986610923745679
395 591 0.5686517923814759
396 585 -1.902219834529753
396 486 -0.393473305779128
398 483 -0.28282589074299497
399 405 2.2510313285101105
400 492 -1.063650083632811
401 493 -0.866921082515249
401 576 -0.17751256989070224
402 494 0.47952687262347093
402 436 1.6909636868799975
402 544 -0.1005005061978253
405 505 0.7550624302945034
405 538 1.1307922985046575
405 453 1.6185584782263929
406 460 -2.2285603318394793
407 454 -0.6604494225830327
408 465 0.7553476689685459
408 506 0.7980065811993062
408 502 0.10807123913579601
409 548 1.4653597972343693
409 503 -0.7862963231458456
409 508 -0.6999638936011472
410 451 -0.02665737839930232
411 505 -1.1310891527177924
411 453 -1.4345291264873299
412 551 -0.9271658324697024
414 508 0.3836698503246656
414 461 -0.2266573466477157
414 503 -0.6184660592242424
415 509 -0.21262699312384628
415 504 -0.022869403737413755
416 556 0.4024860424705672
417 606 -0.8506317325614534
418 450 -0.086793554493891
418 511 0.36420714790006276
419 560 -0.4212393764302186
419 512 -0.46432681001693077
420 561 -0.4071596015482466
420 463 -0.928046939480032
421 510 -0.8205840087551307
422 514 -0.1340610630168234
423 515 -1.4928728300155383
423 488 -0.15150474625968674
424 530 -0.7859323646739349
424 438 0.610694209074568
425 517 -0.9450995605602918
425 566 1.1671590879812153
426 518 -1.0600540066908644
427 519 0.4782575993188969
429 521 0.20678187684873076
429 574 -0.636020110236261
429 430 -0.4850897585970514
430 571 0.17894402652597668
430 522 -0.6025067714482613
431 497 0.3188452392978041
431 557 1.4895407779754448
431 599 1.3442989576668563
432 524 0.45817734522453085
434 478 -0.3490996586570483
434 526 0.5964774730286138
435 480 -0.13358633398135564
435 528 -1.0513806473229437
436 562 -0.2188522972672545
437 595 0.30936350816480546
439 531 0.17682035506430807
439 582 -0.802562951214199
439 536 0.06853752493192841
441 533 -2.079559101906906
442 534 2.2061165590485006
443 531 0.8608183311637162
443 536 1.3843653152816138
444 537 -0.6896272946039184
444 532 0.286152208570761
445 534 0.09899965138169968
446 591 -0.7605460088595875
447 540 -0.3069003492350537
447 591 -1.351367169279969
447 592 -0.5923463053915995
448 542 0.7083584540466891
450 544 -0.2895646889605907
451 545 -0.7637746367167776
451 598 1.855675409291905
452 546 -0.7704797095854596
453 501 0.3051726028490234
454 548 -0.7757784087530857
454 503 -0.38187198347572343
455 500 0.2684310909729916
455 550 -1.174271583038518
456 552 -0.37243825760877813
456 608 0.438780346562246
457 553 1.0291807578787449
457 503 -0.5883008842838613
458 459 -1.8164201211333115
459 555 -1.4596650451701494
460 515 0.11230489429485867
460 557 -0.22731403014046292
460 488 -1.1926873249069398
461 579 -1.295905691857316
462 559 1.8215876738195105
463 554 0.6201380222863223
464 566 0.07479138009961565
464 562 -0.2811177766200709
465 564 0.3364226647260179
466 565 1.1409525018471125
466 623 -1.1878758945935726
467 562 -0.12215108632172443
467 517 -1.0085217709655114
467 566 -1.5695449410949112
467 514 -0.4854493618064611
468 619 -1.9506777461358762
468 567 -0.3637711408794507
469 620 0.26532218153173087
470 569 0.6355179427920438
470 619 -1.1283103551221454
470 621 -0.24552754991567963
471 570 0.9147130217739217
472 572 0.31158989773432944
472 616 1.3319974440516695
473 573 0.04103667428282256
473 613 0.5251647389988289
474 580 -0.33009545146697883
474 575 0.9240068374390272
476 493 0.9886352007412009
477 578 0.9151352829603496
477 583 -0.19963840983592052
479 580 0.7167394168390172
479 575 -0.6812612841149841
480 581 -0.24457594093104798
481 531 -1.3607738670138538
481 582 0.3690223699101853
482 609 -0.2831478454529285
483 578 -1.4513410110516771
483 583 -0.16839996742130642
484 490 0.3333355431265253
484 584 -0.31354742922663853
484 600 -0.7790634502380055
485 585 0.030070175297480267
485 486 -0.3624202047634937
486 586 0.698244902770048
487 587 -1.3398841379341337
487 531 2.1478457675515794
489 588 -0.10315687224067285
491 590 0.5447306985594036
492 592 -1.8127551667847481
492 540 -1.893381934638745
493 594 -0.222933070914988
493 598 -0.3953380489296797
495 599 -0.5555368772547319
496 545 -1.3097870893143158
496 594 0.3541615315977217
496 598 -0.7893633007623992
496 542 -2.378642832708292
497 498 3.24797225518042
497 604 1.2143639320856754
498 590 -0.13991474140175514
498 599 -1.377329892314225
499 601 0.9101847495503986
501 551 -0.4701631221437804
502 595 -0.6757502214562459
504 618 -1.785404737699652
505 612 -1.441391536366422
505 606 -0.0782842899679317
506 595 -1.1362835815786296
507 608 1.008288523616738
509 610 1.2716224898311148
509 615 1.5329891362337411
510 612 -0.40835923230557075
510 606 -1.242687085892527
511 613 0.9765272359760575
512 615 -1.0499590522148827
512 610 -0.9778178044595713
513 572 -0.1997132303287148
513 616 0.1275800349087268
515 617 -0.37722108406227894
516 569 -2.0067355546656565
516 619 1.4745411996295532
516 567 0.5232149405691731
517 568 -0.24987373734875554
518 569 2.1241374734061402
518 621 -0.14462064984769812
519 625 0.7138072294642492
519 622 0.13665461203725368
520 565 1.5436846678297624
520 623 -0.7002741320842999
522 625 0.09351468760343672
522 622 -0.0376383560452996
522 574 1.2039153845906758
523 602 0.6783219958847326
529 609 0.46632641077550685
530 577 0.046131376676764
538 606 0.49682295745165445
544 614 0.17111764794464418
546 601 1.1096736200411317
547 603 0.21859630564627427
554 561 1.285574244092681
556 604 3.3864687754160676
557 617 0.9921315154029174
560 610 1.059135839950302
568 622 -1.3946901601506652
571 622 -0.4438838726083554
578 600 0.6618265001053634
590 604 0.28122440927361375
609 624 -0.14089213370127882
