625 1250
1 145 1.5832124243328025
1 449 -0.08437029568428553
1 93 -1.1637498354179177
1 574 -0.6969854639839667
2 233 -0.10402718864970621
2 525 -1.4468354664978629
2 286 -0.5860091249127638
2 336 -0.6199242390212064
3 145 -0.3184243270657839
3 449 -0.4813478187218157
3 404 0.4020205779245217
3 18 0.2826282357881253
4 284 0.43491522895195905
4 95 -0.8822317091202585
4 15 0.0477223539231522
4 54 -0.9529611254341384
5 577 -0.6054583083123831
5 226 -0.047125956798813824
5 524 -1.2464256630517487
5 96 1.1512855968254332
6 65 1.6752090779939703
6 282 1.0982652496477059
6 85 0.3768376761417256
6 144 2.4344376104462753
7 58 -1.020030540763325
7 51 -1.10832285959022
7 214 0.49611809448567895
7 558 -0.036373768682808186
8 98 0.10644757977647748
8 284 -0.5964104372422593
8 486 -0.6834379034319263
8 54 0.3285746048228411
9 10 -0.8341922089480068
9 347 -1.2608480603695496
9 532 0.7195034356171677
9 343 -0.3667650456293314
10 290 -0.48929361086299394
10 100 0.9338360100313767
10 285 -0.09223829446211243
11 277 -0.17873087761526715
11 348 0.7760740299084863
11 589 2.582850107677733
11 534 -0.8042930694304052
12 586 -0.26125714698777047
12 485 -1.4815430496930082
12 535 -1.3250240489410816
12 63 0.8276660063755954
13 403 -1.457223325577538
13 104 0.8974116452819818
13 342 -0.8349122454547985
13 536 -0.7694635147644617
14 537 0.21277622600729715
14 99 0.8152133237083652
14 541 0.6513863267917704
14 246 -0.180678663179595
15 348 -0.5607577267331462
15 539 -0.023554090055609437
15 589 -2.0681531893913476
16 17 0.25590215093522856
16 297 1.5596290817676999
16 109 0.20450769744976435
16 112 0.7907491413205703
17 537 -2.156988063239224
17 541 -2.1985454098428643
17 110 0.6814360253944933
18 299 0.43862106360513253
18 111 -1.3453993580450654
18 302 1.1646443730814044
19 165 -0.5944901803589129
19 109 0.2396371639649653
19 613 -1.7667987942488061
19 112 1.4219844244168076
20 217 -1.1055418147964708
20 114 -0.4060970288295564
20 163 -1.0488326610921987
20 24 -0.9214356498798544
21 546 0.9103747777597584
21 499 -0.007052549774493859
21 500 1.0840515056307662
21 164 -1.9735452535319002
22 179 0.4519537079385611
22 500 0.7552237832933367
22 164 -1.4110338247521064
22 102 1.9458307555524594
23 553 0.062469467543182444
23 116 0.16480791772614464
23 213 -2.64215019577746
23 304 -1.8354503615103699
24 115 -0.44179415416135426
24 549 -0.32581724554594294
24 212 0.02798230849934994
25 555 -1.6591008660229492
25 356 -0.3164927550391065
25 550 0.7710440488344551
25 118 -0.6709488243466181
26 307 -0.0616759958250048
26 263 -1.3413598772303894
26 227 -0.766797162446348
26 119 0.33023342629692126
27 553 1.035833052665157
27 304 2.6260983205043047
27 126 0.8980212285186538
27 120 0.8608562158710489
28 554 0.39734883724775455
28 267 0.4110622681272054
28 364 0.6470870458709586
28 370 -0.09364495636738372
29 169 -0.48942708138499114
29 266 -0.15838741332017175
29 310 0.483069776134392
29 122 -0.6276789008052226
30 316 -0.8426626640796689
30 123 0.27526855434085734
30 556 -1.5770583303194885
30 312 -0.44661308395942256
31 124 0.16188808355545567
31 596 -0.9042179704039461
31 175 0.5215635842651438
31 608 -2.8770087575887238
32 58 -0.8456132375985645
32 331 0.48927789770288654
32 558 0.3651546117801119
32 368 0.26875664486391243
33 221 0.7351026512842024
33 126 -0.6379214260690704
33 559 -0.523549047486375
33 120 -1.1164225358816577
34 611 0.1120107940141447
34 127 -0.43157893478409165
34 319 -0.18010444999927303
34 560 0.24376851380359696
35 129 -1.0591787192650646
35 562 -1.327279545911143
35 318 0.38044241163024617
35 514 0.6439162632401537
36 313 -0.7426622670911761
36 579 0.03981248587017884
36 46 0.3481524363127339
36 432 -0.5158177304613365
37 177 0.7053859953667625
37 603 -1.7020796147270831
37 564 -0.040779891452929616
37 131 0.14047340014538046
38 133 -0.9220311169300994
38 373 -0.6659993841370973
38 566 0.586732411049064
38 87 -2.664950272807728
39 138 0.4022912490428342
39 182 1.9393532003519935
39 567 0.25241061225855255
39 135 0.9594799626983349
40 425 -1.2957426179404525
40 378 0.41097636470270377
40 519 -0.12561578003477203
40 568 0.32168549213906383
41 137 -1.6939336692205618
41 321 0.669902906480792
41 325 -0.41200182156996734
41 42 -0.3564435323691376
42 139 -0.7390123920782449
42 324 -1.280052072415835
42 136 -1.9806305808651603
43 433 -1.336388757598189
43 570 0.6898212647134782
43 135 0.3078257571670808
43 138 -2.5158525874941926
44 571 -2.8575894858245556
44 333 0.16902314852860664
44 139 -1.0241079470134005
44 136 0.6966224186449638
45 330 3.336546248167324
45 140 -0.5463297379433103
45 421 0.22302602770224605
45 575 -0.6591179988446184
46 524 0.17448035750548188
46 226 0.5522904018723948
46 413 1.957472334171976
47 187 -0.7918790612429331
47 244 0.03283141529187283
47 141 0.315740484492584
47 366 -0.47801668350551957
48 187 -2.747322210430929
48 244 2.152556495313694
48 188 -0.7793849314922145
48 479 0.9656206970377003
49 377 0.609052989888641
49 189 -0.25207862119781216
49 526 -0.019676867422118136
49 143 1.3413446369259594
50 593 1.5766158374211214
50 386 -0.8931478269779793
50 527 0.9814469623652488
50 247 -0.6425662102997165
51 529 1.2561176171466215
51 250 0.7197812983908368
51 624 0.10501648238496428
52 244 -1.2384394881860372
52 605 -0.20042111328437284
52 479 0.12910208928919575
52 159 -0.5607712688618904
53 385 -0.7602992292572385
53 147 -0.6897511179640429
53 580 0.739117796171724
53 239 -0.06320527514221658
54 586 -0.3650993933203468
54 581 -0.39817349591257456
55 338 0.7040771320860922
55 587 -1.3161919891223002
55 588 0.0030523698826284995
55 148 -0.2866003613374038
56 387 1.2820190571594332
56 588 -0.29439616807138136
56 149 1.4625839803874099
56 583 2.163324360383493
57 170 -1.247614955453992
57 589 1.0184104793563127
57 277 0.7997085238498158
57 584 -0.11770398784295749
58 258 0.5570811083436803
58 624 1.3276414018029745
59 586 -1.9147155372218931
59 581 -1.2722731735648147
59 535 0.6987515284666723
59 151 -0.08545606093489964
60 338 -0.7583937865842971
60 587 -1.723968657346625
60 158 -0.9283304091146918
60 152 -1.186368970183006
61 154 1.3666759286467187
61 344 0.27696437197116636
61 198 0.26203503698982444
61 582 0.7529030677860072
62 539 1.183177900642948
62 589 1.6169303897890515
62 155 2.1954286297535424
62 584 1.1758603561107002
63 156 1.4522824746608929
63 551 0.04455547715924897
63 204 0.23576058888495857
64 186 1.195808937436295
64 245 0.7513203149640897
64 158 -0.5187801320020743
64 152 0.45088914056395735
65 161 -0.7662260631516549
65 594 0.27330601884779526
65 542 -0.07646344756628085
66 209 0.42050753644424255
66 346 -2.053324309394703
66 406 -1.047912559625457
66 162 0.32706615234267594
67 179 -0.037484240412542405
67 356 -0.8321202190353691
67 550 -1.9730226798229173
67 327 -0.36360174349977586
68 401 1.0660022495894521
68 114 -1.0145313558574578
68 163 1.2323773809015046
68 598 0.18561289459666128
69 353 0.0832048030885577
69 165 0.6615916318423686
69 403 0.838766490371455
69 573 1.3900701381694545
70 354 0.37418522137025745
70 166 1.4007024041255745
70 351 -0.3597003408730465
70 168 -1.2462628196113044
71 169 -0.2616707312512793
71 602 -0.707956511354763
71 428 -0.7455462054066905
71 167 -0.6337149174725819
72 564 -1.0416806681876818
72 603 -0.8889057413588106
72 220 0.194685605803434
72 408 0.22018078517267897
73 610 0.06115646005495114
73 166 -1.1639063393771012
73 79 1.6429458445510463
73 168 -1.6892234778350166
74 169 -1.6557744463032682
74 122 0.7670864438166395
74 118 1.7059957099946401
74 167 0.05494259236433357
75 490 -0.6003148331395713
75 268 -0.6483208840234765
75 215 -0.6961950087388773
75 600 -1.6212041472887695
76 210 -0.48089497962269795
76 171 0.3502393315919931
76 221 1.0183906044638475
76 559 -0.08528181758371692
77 274 1.3194390023327693
77 331 -0.5262404691953441
77 558 -0.21183272025171404
77 216 0.7081104139849059
78 217 1.4789082902779631
78 172 0.7863384618057303
78 559 -0.8870536818538853
78 120 0.8414010775660374
79 218 -0.880571997420291
79 611 0.27486316875982364
79 560 0.15939876767386957
80 411 1.8220078062155467
80 612 -1.7888373176001287
80 174 0.029395346321812538
80 616 0.23257778669715168
81 387 0.38457471848835945
81 367 0.018928612016518614
81 175 -0.29958255581467047
81 552 -2.1962117212862307
82 552 0.7210570457786574
82 615 1.6741569598493988
82 415 -0.18422396392033868
82 176 -0.3862984985735179
83 178 -0.07709304929888126
83 371 -0.011456548030523898
83 382 -0.08544555754574887
83 224 -0.13891179543634016
84 617 1.0381219537068567
84 180 0.32395742907403924
84 183 0.5042989563135596
84 431 0.2253302716142211
85 433 1.9185048539506673
85 594 1.9982571867218386
85 476 2.3122161113687922
86 379 -0.026376110193891366
86 182 0.09957615369298713
86 375 1.8106611780266084
86 135 -0.06726256574167389
87 425 1.1010323485803617
87 378 0.43702859453349235
87 620 -0.4961882449142241
88 180 -0.15290560644862827
88 183 1.2546670439490795
88 623 -0.27056764132117134
88 416 -0.18569273252355417
89 570 -0.04360532328872988
89 135 1.2094166769201153
89 375 -0.04407788025294785
89 184 -1.2911094834184669
90 185 -0.10517918451050272
90 379 0.8141064584629069
90 375 -0.4901302940479618
90 376 -0.1112261529620252
91 625 -1.1831114279660249
91 427 -1.1510986759558892
91 141 -0.38329051392591573
91 187 -0.33618168211400784
92 371 -1.3919470438771515
92 189 0.23319147149666986
92 382 -0.5095190446647868
92 143 -0.4859985728648619
93 597 -0.8627640820459349
93 383 -1.8745904495314196
93 352 1.6462541248712645
94 193 0.3882320756783656
94 381 0.5201204243604038
94 190 0.13595579494518784
94 384 -0.30330663044510625
95 435 0.6059866887166422
95 581 -0.5261272062848364
95 539 -1.095821815264968
96 441 -0.0958528573780246
96 372 1.582112945508594
96 192 -0.49819054819400854
97 124 1.3754727743175028
97 596 -2.300168175551351
97 198 0.9214216971804887
97 424 0.27401411409166454
98 195 -1.4752986906641161
98 396 0.08415983544908053
98 191 -1.2068001797904724
99 196 -0.5611842249721648
99 533 2.1482808680891363
99 391 0.920102772989135
100 441 -0.8047085799717109
100 532 -0.09730318166536252
100 192 -0.041799992011743
101 154 -1.1539674945149607
101 596 -0.3738373194486122
101 149 0.13592680777858734
101 198 -0.6153051221591962
102 244 -1.1227051826538432
102 605 -1.9006215852903219
102 366 -0.4940889887866435
103 186 -0.7593471769465915
103 245 1.9019579735661865
103 590 1.7663243945235807
103 199 2.099684187120757
104 541 -2.294414819286243
104 246 0.2074799529074018
104 301 -0.5994275225218414
105 201 0.7513488470571521
105 527 1.0029071937877918
105 247 -0.1152248963883687
105 592 0.45143758131505707
106 249 1.6334447499163827
106 202 0.03367259544051333
106 398 -1.6947332770683676
106 528 -2.2758535301219704
107 593 0.5181648268160431
107 529 0.0020169950564749117
107 345 -0.08339803362557331
107 250 0.012293896015002158
108 585 0.8346945045896275
108 204 -1.5306044141586688
108 453 0.5277957530183836
108 399 1.0077009840784732
109 301 -0.17718158497757122
109 541 0.09050844225349719
110 297 -1.3265936951056154
110 444 0.6026179765502937
110 206 1.0858494880370377
111 211 0.6487249382484223
111 341 1.385758710239862
111 207 -0.5683350836632171
112 450 -0.2231583546487484
112 511 -0.33438296469883505
113 209 -0.4648413722730154
113 353 -1.204359923231336
113 403 1.3727677897955628
113 536 -2.719404078850666
114 121 -0.227380831089884
114 451 -2.1491608178894714
115 163 -0.3216760150384139
115 211 0.8422542175186452
115 207 0.42939725581902627
116 457 -0.4250270764622409
116 117 -0.20803003990677965
116 454 -0.1809931217079134
117 213 -2.3046421742941745
117 404 -0.53361606950765
117 407 0.32087199293774304
118 459 -0.13982800053209138
118 260 1.114773427816004
119 131 0.02379259017373843
119 603 -0.5224789825448418
119 170 -0.7123832083790229
120 212 0.8176877626576003
121 217 -0.6377802753180888
121 172 0.12366019795414916
121 410 1.4955772004579695
122 459 1.1863044628980537
122 173 0.5140160690037925
123 219 -0.06061116799517365
123 412 -2.2208555698266026
123 224 0.01199074690439982
124 507 0.5338620243206714
124 438 0.8158871859728367
125 226 -0.36492501501757785
125 413 -2.0387462274693977
125 221 -0.5166239889029117
125 126 0.5696944010742458
126 222 -1.0017143329691016
127 227 -1.708518737099232
127 223 0.36456479513215323
127 266 -1.555522191176169
128 178 0.5398401487033972
128 219 0.6884641978654499
128 174 0.13584551131446762
128 224 0.07030445587685172
129 225 -0.4138139856170913
129 418 -0.3292049152389713
129 422 -0.6648432021486501
130 577 -1.6789571312213465
130 226 1.1632985590083729
130 221 -0.22262142492674772
130 210 -0.34363930466870685
131 227 0.4104060578477933
131 223 -0.0457641171461383
132 330 -0.5980169641558646
132 620 -0.4926723685777145
132 421 0.17210706362508335
132 272 -0.4694979619992731
133 273 0.7999944404673752
133 620 0.3377214027070897
133 272 0.008656148960600496
134 473 0.38683862195209245
134 621 0.5409527335490413
134 229 -1.103056648114314
134 317 0.9029780950343973
136 325 -0.06936516921959376
136 231 1.6951847915664406
137 324 0.2828293435055856
137 470 -1.2296527001185151
137 228 -1.7693914084163442
138 233 1.1565832130487945
138 336 0.1015235246968604
139 234 1.0017829317807776
139 236 -0.18162088602848933
140 474 0.14166099547545913
140 472 -1.5721054758646897
140 320 -0.2559073986967783
141 597 1.5283654575825314
141 383 0.9468930591052512
142 234 -0.8768078327050908
142 332 -2.487161060893768
142 236 2.6245322487183276
142 328 1.0306182843790348
143 434 -1.6481092355741938
143 237 0.9270008018681327
144 193 0.09290444062851293
144 161 1.3421396613021257
144 384 -1.0071355675930092
145 429 1.9933599400915223
145 299 0.9605306274016754
146 239 0.5295915464641575
146 147 0.618912285458886
146 287 -0.5002434784865819
146 543 -0.14221133454313356
147 283 -1.3304541844877944
147 240 -1.1160700339684262
148 481 0.4305421435317343
148 489 1.0151618434087397
148 487 -0.9772739941144497
149 489 0.9929342232211633
149 323 -0.5414327991418046
150 602 -0.16892255129089417
150 243 0.7213565790216965
150 428 -0.2007471866919302
150 478 -1.0031065263827421
151 245 0.24164003662064754
151 199 -0.14964633846632702
151 480 0.7032525886926326
152 241 0.8119516510205735
152 390 0.6560851600178104
153 201 0.341987978288287
153 482 -1.0639969954525443
153 247 -0.441437001444274
153 440 -0.29188326457324815
154 481 -0.07392760147789744
154 489 1.400604583826674
155 249 0.7835850966067499
155 202 -1.846537439371681
155 484 -0.5907266610512019
156 491 0.3120621138757444
156 412 0.3938352872976431
156 535 0.6785251827080836
157 436 -0.19688270222234255
157 205 -0.47676785304434105
157 494 -0.3821786444191132
157 464 -1.010410137763203
158 251 -1.2068058649046889
158 495 -0.3569395189866233
159 580 -0.5331130577365005
159 239 0.860778704772813
159 327 -0.3165424963846784
160 442 1.058236842728345
160 475 -0.32432945201471863
160 252 2.2525568352842362
160 445 -0.19447220559278405
161 448 1.7692203180117512
161 253 -0.7983541598430444
162 251 0.9257563783363302
162 495 1.4612072043006321
162 303 0.3822688044932491
163 576 1.6694510610241837
164 366 1.615477667212596
164 256 -1.3476760058212114
165 473 0.6211411931803329
165 301 1.0053268890436569
166 218 -0.9101348042686948
166 255 0.8250211229274685
167 260 0.28126254900584374
167 181 0.06283053821345244
168 509 0.36239251139547485
168 504 -0.13931781261271053
169 262 0.6304027169968673
170 547 1.2351471704231052
170 263 0.35797636043423076
171 507 -0.025344921917282128
171 462 -0.04215901414551018
171 438 0.20535205486831648
172 265 0.0623898326954839
172 462 1.8263119972493538
173 266 -1.0919985714332634
173 223 0.06908635370911619
173 458 1.8985383576180188
174 513 -0.7039825707206916
174 311 1.0385593492577434
175 323 -0.02094230816573103
175 456 -1.0776293813583722
176 315 -1.956509108227821
176 269 0.11242338260721607
176 456 0.9685176082735492
177 458 0.6840635912187808
177 270 -0.9230602620910417
177 223 1.8954210128231914
178 281 -0.16991734168537045
178 513 0.6044392959734184
179 605 -0.43981729653757995
179 455 2.1519229550462886
180 497 0.9419220786127133
180 556 -0.690131736870372
181 543 2.05365909397164
181 428 -1.1327181625765443
181 287 1.022952983067461
182 279 1.2538465552722446
182 516 0.3455291671148392
183 276 -1.8275598482330682
183 520 0.03530311200339929
184 275 -0.0847727705984084
184 278 -0.7088509478931567
184 471 1.3288764197292768
185 275 -0.15014402544734978
185 276 -0.1689967684653172
185 520 0.2717375252205777
186 498 0.4217360245370045
186 495 1.5410083294145336
187 329 0.5818479377049263
188 329 0.6196563910108478
188 330 -0.9841420017770783
188 575 1.4794517854427636
189 466 -0.5121358798640377
189 271 0.19640485512434494
190 388 0.7455553523599502
190 607 -0.6712695657748899
190 280 -0.539251173230812
191 475 0.46749164005388466
191 284 0.725780818116937
191 445 0.34605262771585477
192 524 -0.8952352552651975
192 285 0.516609501629782
193 253 0.7603816538527794
193 607 0.6527471487376497
194 337 2.1285558737430144
194 428 2.2230395824124174
194 478 -1.112343860869122
194 287 -1.7105939310646538
195 475 -0.5931067667873794
195 293 0.2237927678179522
195 288 1.0784170931470483
196 441 0.10516530994135448
196 537 1.1989731266152222
196 532 -0.05503449869248146
197 290 -0.4167709921149251
197 339 0.39164278095563876
197 482 -0.8887250214021553
197 440 -0.1068616800656236
198 291 1.0434881616607685
199 491 -1.032225974534055
199 535 -0.0454130269627343
200 389 1.1574367114119963
200 395 0.5765713993850088
200 293 0.7271334992239239
200 288 0.1990269462616529
201 492 1.5197172037419384
201 294 1.1785197592364067
202 539 0.00973363451946564
202 435 -1.4111349324940614
203 258 0.39791744383555566
203 339 -0.04242764252649003
203 335 1.413529431430379
203 624 -0.991027752751196
204 501 -0.7840861727369034
204 485 -0.43150157669611955
205 373 -0.5421490172586957
205 563 1.951731816738304
205 208 1.3358831093221044
206 298 -0.6902475217502044
206 347 0.469935393294851
206 614 -0.4320760686468366
207 238 -0.9088981963005209
207 576 0.02805355453447848
208 300 -0.8094625601187004
208 540 -0.7986628634031093
208 494 0.3343752358955536
209 443 0.29488962704604055
209 257 0.14365788837146015
210 438 0.39113531530312323
210 530 -0.5206335354961822
211 549 1.3852848926182768
211 302 -0.2693273741351876
212 217 -0.9502657885166588
212 304 1.860196626182625
213 549 1.3096621618535589
213 302 1.2980375105030704
214 250 0.6477382075127344
214 595 -2.4092247370082283
214 357 1.2078047003155807
215 362 -1.5987577414451741
215 307 -1.1497407041085477
215 419 1.1664964795431287
216 420 0.5775119671909813
216 308 -1.10860154151879
216 358 0.7545031513845465
218 310 -0.21752417352788125
218 360 -1.4878173897077966
219 311 -0.7621231702261615
219 551 1.3175828268188996
220 506 -0.9644022101938969
220 547 0.25651452394529095
220 230 0.7651836126385312
222 553 -0.5501035824332423
222 314 0.5225151597767429
222 413 -0.23592700368624434
224 316 0.0018361548663736733
225 321 -0.5619998164877503
225 317 0.19566804378603378
225 511 0.1966190304090832
227 319 -0.2386726188952828
228 321 -0.468077897261259
228 621 -0.6696457492734094
228 317 0.4908722495591273
229 322 -0.7235383892342084
229 573 -1.7373110230351516
229 518 -0.19709228295854953
230 340 0.9745620232789025
230 277 0.3850650356250483
230 534 1.1641925215495619
231 571 -1.3665596038131251
231 568 -0.1267688936807836
231 232 -0.8672299162402263
232 325 -1.012072564241844
232 517 0.263033581936553
232 514 -0.814513373508106
233 328 -0.5707207159302901
233 567 -0.3800304581829929
234 324 -1.5125649430834387
234 468 -1.885929772099575
235 521 -0.5747792832070037
235 332 0.9978984153775077
235 236 -0.04792874035971157
235 341 -1.117816955303189
236 333 1.2858299921114287
237 337 0.9589200925305386
237 382 0.4124997208032485
237 334 -0.12998850939009218
238 306 -0.21217867470250623
238 332 1.7773814872982443
238 341 0.06484853984825335
239 394 -0.5499859844456948
240 337 -0.4355300496835905
240 334 0.9100514671498402
240 287 0.6984198223028947
241 338 -1.245965739331014
241 528 -0.06445626084775465
241 398 -0.4266997605717529
242 290 -0.014975934091824183
242 339 2.037295517052772
242 285 0.7693511115821268
242 335 0.3963561024095294
243 523 -0.11253619898169226
243 388 -0.5551089032803221
243 607 0.6230122284141555
245 390 1.0998006594111622
246 342 1.1254767089319082
246 391 -1.7666472742145942
247 392 0.1839804738032446
248 393 -1.198407189000059
248 533 0.09878674948953775
248 391 0.01659096677273102
248 344 0.7504488251148488
249 483 0.6371704673288968
249 600 -0.3309213570513003
250 437 1.9991437589013468
251 587 -1.838092434219067
251 346 0.09351135144462536
252 593 -0.18745072382799738
252 386 1.8454844337570064
252 345 0.8393585236628401
253 349 0.7470504797519149
253 351 0.8803975701840133
254 494 -1.8607521685984498
254 540 0.7662740588377158
254 350 0.10070444169428074
254 400 1.586690196648296
255 349 0.36802178344118364
255 351 2.1615933999273715
255 360 -0.7294482112927402
256 546 -0.16227742834747172
256 597 -0.2930872317810916
256 352 -1.0287062543377838
257 353 1.4068449361707318
257 406 -0.9936001597023861
257 488 0.8519756241151052
258 579 1.5905461994157903
258 368 1.3764703151810502
259 545 -0.14205161145434184
259 618 0.404000528644841
259 542 -1.6422234381071485
259 354 0.5143776583109693
260 543 -1.0991284534288097
260 356 -0.924209096002188
261 601 0.5338394790799166
261 308 0.5481955834700832
261 548 -0.7774945120896586
261 358 0.6898526954095104
262 602 -0.9193787500942296
262 310 1.0030363701716183
262 360 -0.13415359660369883
263 490 -0.01912141627066348
263 584 -1.803317883324917
264 362 -0.25499024578489515
264 367 1.1322445658307303
264 615 -1.1992648973846431
264 552 -0.6903042799495922
265 369 1.197444108270745
265 410 -0.1206884728078691
265 363 0.5596609631122931
266 611 -0.5514801807224471
267 555 0.9419120399032213
267 365 0.49812194371691054
267 550 -0.7382107020131902
268 362 1.0187803230073507
268 367 0.9688625901223676
268 578 0.6076064070076818
269 369 0.287755595439236
269 363 -1.2761867741933228
269 608 1.432213447919087
270 564 1.0098107351547903
270 364 -0.8829662197383426
270 370 -0.8147011807499701
271 371 -0.9415944744822585
271 623 0.36818566102635514
271 416 -0.4339930209906119
272 417 0.10424095342250295
272 510 -0.33536581883547684
273 417 0.5153864063854418
273 373 1.2888536758580496
273 563 -0.9743386894178315
274 357 -0.9733391641182986
274 420 -0.5359679578067835
274 374 1.2997696926202762
275 565 -0.6532851621872885
275 375 -0.2074947584717008
276 617 -0.5657896867672307
276 376 0.08618472764256015
277 547 0.4622598515056836
278 377 0.4422753822374378
278 565 1.1380282282213767
278 381 -0.8239635233840757
279 569 -0.6617760718635914
279 426 -0.7529228996432414
279 379 0.06711158022826062
280 377 0.12213758833421258
280 381 -0.4536724185103214
280 526 0.6867037271926476
281 572 0.845672061013481
281 382 1.3171194866963825
281 334 0.6044844829156087
282 433 -2.2632624882199606
282 570 2.3046823844553748
282 384 0.7655266793668702
283 385 1.4841577260730354
283 572 0.21316281818019814
283 334 -0.3900171914556225
284 348 0.33447484003218786
285 432 -1.4113257617417088
286 401 -0.10173789242722664
286 476 0.5234515367405965
286 306 0.6210830767403791
288 386 0.8622594416721422
288 527 -0.12649320079009263
289 344 -1.1488638026247762
289 582 0.7501308287035052
289 391 -0.14934926343685426
289 342 -0.296713337903862
290 343 -0.46956631085375966
291 393 -1.6522251357706095
291 344 0.4257822015179526
291 424 -0.6632740065126689
292 585 2.2023904711991746
292 395 -0.9275127192082323
292 293 0.11153270061413148
292 399 -0.3036651700508466
293 396 0.9067314990726558
294 440 -0.9007269398816127
294 397 0.9672395038121859
294 400 -2.099994893289
295 338 -0.8208300307313483
295 588 -0.7394727735010685
295 398 0.2613875936245145
295 583 0.2933979019655204
296 538 -0.18214307454316772
296 395 1.7509882212539152
296 446 -1.1087864851617706
296 399 -0.296234905344323
297 450 0.9287108787287525
297 614 1.2611108792190548
298 400 0.2023757372302601
298 397 0.3831585711939224
298 350 -1.4219097468202349
299 341 1.545362020810605
299 521 1.1263635768927498
300 563 0.2505589453777741
300 446 -0.4784853656581327
300 447 0.7643157933646363
301 403 -0.2675923196577476
302 404 -0.047731727793968615
303 557 -2.065378463747198
303 406 -1.401421665170213
303 599 -1.748837680385638
304 549 0.22331310288134557
305 601 -0.8725136775677365
305 548 -0.2651327632841689
305 452 -0.6865837069017019
305 407 -1.004575483467014
306 576 -0.699611799322805
306 525 -0.5428035181779933
307 319 -0.029813534697098677
307 490 -0.40708528357853324
308 409 -0.2678384162439814
308 331 -0.7780105078191254
309 545 -0.6226269715994005
309 410 0.3497088281597996
309 363 -0.555895273222206
309 618 2.682922195002909
310 611 -1.0101340289703256
311 501 -0.028355137636760064
311 411 -2.352696259440452
312 491 1.4206612047628402
312 604 0.35430450996550883
312 412 2.1837871126952315
313 314 0.2625902656044674
313 413 -0.24444784446540269
313 461 -0.04030888520771818
314 457 1.4271422864291987
314 414 0.029725926531296545
315 618 -0.04774316466447654
315 363 0.1547570905470249
315 415 -0.3301700385987718
316 371 -0.0034094692474050947
316 416 0.6730187658621333
317 613 0.21324456509975304
318 418 1.2188841873359906
318 436 0.1806467142611483
318 544 -1.0176865659213894
319 419 -0.14604729903841882
320 612 0.7049121394321576
320 421 0.2614454741298847
320 616 -0.02897728440729166
321 422 0.2657248273808219
322 426 1.3553805489453177
322 380 -0.5635715344796285
322 423 1.30571396714528
323 387 -0.07561054321066955
323 596 1.0813903282314405
324 619 0.09953605267371149
325 422 1.6354554799420404
326 426 -0.6296329575481889
326 379 1.7704746193592225
326 423 -0.4976770448742185
326 376 0.12156541929743732
327 394 1.40564191443673
327 605 -2.3732389519254005
328 468 1.9459775121516831
328 525 -0.6390719439512651
329 469 1.389623314215518
329 427 -0.35406969962556306
330 469 -0.7370266481184244
331 508 0.2876694960189695
332 525 2.8750931088666047
333 521 0.2995904393607065
333 430 -0.4991367363313226
335 579 -0.8212532495161294
335 432 -0.5723931874815308
336 433 -1.7380688375018087
336 476 1.1473207372544216
337 434 1.2585140031602176
339 609 -0.22608572938473964
340 442 -0.12888680073695688
340 437 -1.023354939315503
340 506 0.2155512725121534
342 439 -0.8048062246632537
343 397 -0.2528698279847926
343 440 -0.1499066089368478
345 442 -0.7569050953851011
345 437 -0.6235436840958253
346 443 0.20966610811118042
346 487 0.78534001541944
347 444 0.6803543120428478
347 397 -0.6240022347846778
348 445 -1.0734034447540395
349 523 0.12097054218849472
349 607 0.40106131652627985
350 614 0.3073711986483381
350 402 -0.6291247670744722
351 448 -0.3494305008671343
352 449 -0.4709083658370976
352 452 -0.13643547579253013
353 380 -0.4446278914749939
354 504 -0.6552443041703867
354 448 -1.4486786056999224
355 449 0.04151229480845387
355 452 -0.05664068135723117
355 404 0.2839099022302573
355 407 -1.0689984201515095
356 394 0.49270329465370316
357 558 -1.5652040895465769
357 502 0.10741537153548747
358 561 -0.36347426890496304
358 499 -0.7777170409954731
359 561 0.10968711746302673
359 499 1.1713581935629416
359 500 -1.0472733475489366
359 365 0.15914129547273578
360 523 -0.661376384172033
361 417 0.4531437293657201
361 538 -0.46248957445034494
361 563 -0.006448890348548326
361 446 2.3459708984360965
362 512 0.1725005604054815
364 458 1.6191585774779176
364 555 1.2126941789080414
365 554 0.011176021236896183
365 455 1.900258181959797
366 597 -1.393118444746661
367 477 -1.0209420868379222
368 508 -0.6579736940702785
368 461 0.45580787655851435
369 507 0.28829986333049795
369 462 -1.1537580896125446
370 465 -1.921952680900503
370 463 -0.730760414593595
372 393 1.7417081584596945
372 577 -0.2824575180696516
372 533 1.1010201800136405
373 464 -0.26813933892141545
374 465 -0.06295922404375963
374 502 1.5881601643495074
374 463 0.17734703048951883
376 515 -1.3282942930182342
377 466 0.41607947923536776
378 427 0.24853942098974852
378 469 -0.5626924430012823
380 573 0.8342574570347191
380 488 1.752041298621509
381 471 -0.17108814040904544
383 625 -0.0009088252288188515
383 574 -0.27122561313404214
384 471 -0.22562355442119886
385 474 0.09873908392018274
385 472 0.7752672763379779
386 475 -1.6220969244555332
387 477 0.5899194017205448
388 526 2.2741849795814666
388 478 -1.516357934610542
389 592 0.7864007836515751
389 527 -0.40256504747648003
389 591 1.438439655773657
390 528 -0.8175709106000938
390 480 0.196478755761573
392 593 -0.5898531165547162
392 529 -0.6623409684119465
392 482 0.4900308833377087
393 530 0.230805754611811
394 543 3.1996307530402173
395 591 1.2552341457154594
396 585 -1.1311986782150776
396 486 0.47826574112352044
398 483 0.6888997325201468
399 405 0.3997980358149011
400 492 1.6344153260886973
401 493 -0.4118853693488921
401 576 -1.2220553187579575
402 494 0.49772815695870004
402 436 2.505316959301262
402 544 -0.19921882085194456
405 505 1.0031389329300138
405 538 0.06546259606252766
405 453 -0.11840836006417538
406 460 -0.3567896211828823
407 454 0.6164246227416783
408 465 -0.3649819931884477
408 506 2.2467164337608523
408 502 -0.7610865462418483
409 548 -0.5080590139945685
409 503 -6.667997327481739e-05
409 508 0.7554194685050494
410 451 0.06055736388256469
411 505 -0.5329825966271462
411 453 0.9321979830506677
412 551 -1.2799542181515455
414 508 1.18120777481536
414 461 -0.3193421159445694
414 503 1.094852789879897
415 509 -2.3182128744265347
415 504 -1.3449904354798965
416 556 0.7852220771156869
417 606 1.4181951490924303
418 450 -0.6175809378557928
418 511 1.3078542878425699
419 560 -0.7255039404315647
419 512 0.5707315322475154
420 561 0.7760775540606523
420 463 0.33555536383023177
421 510 0.5431500966659517
422 514 -1.3021434378363377
423 515 -0.908269458681071
423 488 0.8488360052602235
424 530 0.0872336376205101
424 438 2.256115696809411
425 517 0.004488288476102101
425 566 -0.34263765326014084
426 518 1.0509803336603583
427 519 -1.2744938227339666
429 521 -0.7483871901918652
429 574 0.41262025688597054
429 430 0.21155010977588778
430 571 0.5497703313745622
430 522 -2.880693189352615
431 497 -0.16700793466206443
431 557 0.12580445289845532
431 599 -0.019363030580186413
432 524 -0.24094776637437465
434 478 1.6443776184229058
434 526 1.2112760330327539
435 480 -0.22058089642277495
435 528 0.9390035896368998
436 562 -1.3710276228834324
437 595 0.7530962082817971
439 531 -1.6102566607119682
439 582 -0.7907592766751491
439 536 -1.4133621113566481
441 533 0.12403355498645409
442 534 0.6404729314581502
443 531 -1.0952578169741518
443 536 -0.6997710661599944
444 537 -0.09837855278748127
444 532 0.7124633907478931
445 534 -0.6165221804982138
446 591 -3.0238698242101347
447 540 0.21347990225280736
447 591 1.1936738850097273
447 592 0.87220519718491
448 542 0.06461163152430853
450 544 -0.518020639852056
451 545 -0.5285756933463354
451 598 -1.599162094060964
452 546 -0.09902392042573675
453 501 0.8525138655800942
454 548 -2.708460396943014
454 503 1.0499138510702877
455 500 -1.0835601388573224
455 550 0.21187690854485947
456 552 -0.5391881437561915
456 608 1.3836573837823023
457 553 -0.37702373142287426
457 503 0.5842931050992083
458 459 0.7655250574964803
459 555 0.23141164998620276
460 515 1.4400497097000966
460 557 -0.2658868196377839
460 488 1.8804429190467025
461 579 -2.570057082486372
462 559 0.5339657922348312
463 554 2.811678517877351
464 566 0.35609435683548685
464 562 -0.829262622272094
465 564 0.18630126554155774
466 565 -2.2915428596114933
466 623 -0.7860072231137931
467 562 -1.8998457164169686
467 517 -0.9662704564348337
467 566 -0.6766441981915708
467 514 -0.10452042205579866
468 619 -1.2105400973482618
468 567 -0.12491599083869008
469 620 -1.0009824789500732
470 569 -0.45662545538306026
470 619 0.8758672226821836
470 621 0.04168308351536707
471 570 -0.579070640920012
472 572 2.4322761377995112
472 616 -1.2784834927389852
473 573 -0.3811552108342714
473 613 0.16343435033330656
474 580 -0.8174803492115359
474 575 1.6630151398633868
476 493 -0.605765290579347
477 578 -0.24102783380099765
477 583 1.874398063892965
479 580 -2.207160153789671
479 575 -0.9912718511436267
480 581 -0.598844333635498
481 531 -0.7361551948866565
481 582 1.264463126295691
482 609 0.32716396890127325
483 578 -0.3457662416497409
483 583 0.8807827461687383
484 490 0.8834818035602269
484 584 0.6936286908231105
484 600 0.830086773391678
485 585 0.9786529272391061
485 486 -0.41695898226813327
486 586 0.6606992134186326
487 587 0.6744741000269903
487 531 0.3440096537155095
489 588 0.6661322064425729
491 590 -0.3020511694619351
492 592 -0.4554453170040024
492 540 -1.4353773501329616
493 594 1.9623355948690646
493 598 -1.7170936594078101
495 599 -0.695510542398531
496 545 0.7134390871658294
496 594 0.3997115224848179
496 598 -1.027809002313942
496 542 0.1568214403883867
497 498 0.3779307140716948
497 604 -0.6109202348669237
498 590 0.24232598435170896
498 599 1.4056435085583943
499 601 1.5099889595867004
501 551 0.8593473781473808
502 595 2.320664099606502
504 618 0.6093760178892874
505 612 1.2015262041666048
505 606 -2.061996786224017
506 595 -0.8076980599952147
507 608 0.9607129840447796
509 610 2.0748311430184367
509 615 -1.623222622590106
510 612 0.4194741561922743
510 606 0.1190074707761514
511 613 -0.2285155295353662
512 615 0.8677582288738172
512 610 -0.5656737337302024
513 572 -0.1195298749524873
513 616 -1.7089782376482245
515 617 0.4460857734158324
516 569 -0.4038172227147407
516 619 0.26561965499162515
516 567 -2.5726477632050395
517 568 -0.2176746839950546
518 569 -0.589183950219191
518 621 0.3773161558356506
519 625 -1.0460750446057223
519 622 1.0676984672691832
520 565 -0.15321847485463536
520 623 0.2311600778490375
522 625 1.3274866389129114
522 622 2.1918401315366998
522 574 0.02666871575806035
523 602 -0.5424754124689845
529 609 -0.9965350378610551
530 577 -0.24835936513560808
538 606 0.16977811582768176
544 614 1.8939746222322957
546 601 -0.3148226020806278
547 603 -0.3566491251897972
554 561 -0.3635630307744529
556 604 -1.5756247036128472
557 617 -0.6443612872484235
560 610 -0.34032528543290147
568 622 1.0658116968840103
571 622 -0.015293090969930383
578 600 -0.8206185015222137
590 604 -2.5589290058946412
609 624 2.046916592387374
