512 1536
1 65 0.8938794214130427
1 449 -0.28788699564235626
1 9 -0.4846166252705439
1 57 0.1907778329751732
1 2 -0.048978728511902714
1 8 0.43599715007363526
65 129 0.3371463530996211
65 73 -1.2600460893718772
65 121 -0.44388110859091134
65 66 0.7148560218429039
65 72 -0.3564811728373063
449 385 2.933277003515558
449 457 -0.24786963534953219
449 505 -0.7972862474128011
449 450 -0.2879266565832611
449 456 -0.234926484865206
9 73 -1.4166172582919625
9 457 -0.6037479762029542
9 17 -0.42227399177994135
9 10 2.587147906710078
9 16 -0.7030280302124877
57 49 0.5900863844669607
57 121 -0.7787737754702618
57 505 2.085604924799995
57 58 -0.356829598973497
57 64 -0.0007406143694117109
2 66 1.9880130867582906
2 450 0.5723035065811806
2 10 0.8624661986003193
2 58 -2.586450725729299
2 3 -0.7240166964105904
8 7 -0.03739126791011274
8 72 0.7033769026023728
8 456 -0.15988405681813433
8 16 0.7809776247368995
8 64 -0.9529566449742849
66 130 -0.22924540283291772
66 74 -1.0592934208542286
66 122 0.6375026747632832
66 67 0.8777773616310182
450 386 1.4850658221686543
450 458 -1.1747186576219026
450 506 -0.21968848587382597
450 451 1.0466231313396266
10 74 -0.3758394635258011
10 458 -0.05659273221610402
10 18 -0.0026410319963882252
10 11 0.9963249383367624
58 50 -0.1821685554902927
58 122 0.8248524046383591
58 506 0.05827256863042225
58 59 -0.9977559326249248
3 67 0.5174273633676095
3 451 1.9030070352591228
3 11 0.02589830269092242
3 59 0.42529461471530683
3 4 1.900143747828095
67 131 -0.46992565675844195
67 75 2.0534833729837376
67 123 0.3928669903673119
67 68 0.14708187903339062
451 387 1.6614769140178074
451 459 2.030053266234275
451 507 0.9348543383248118
451 452 -0.25701567093843214
11 75 -1.1570467587101352
11 459 -0.970628532275095
11 19 -2.3408465892438346
11 12 -0.2443722087828328
59 51 0.1821028257474544
59 123 0.3480478757763362
59 507 1.6908255140713546
59 60 1.1911006583612302
4 68 0.9719794918055953
4 452 -0.05546659292563695
4 12 -0.55738744848007
4 60 0.2696989281612629
4 5 0.6681619594687701
68 132 -1.6734038116639003
68 76 0.4242276836011278
68 124 0.30912794424104933
68 69 1.095695846350646
452 388 -0.13542847948440437
452 460 -0.09883609575425517
452 508 -1.0772789771399114
452 453 -1.5371248064799667
12 76 0.20132247834955716
12 460 0.18315786406318327
12 20 0.2317241913348747
12 13 1.4741669575334135
60 52 1.1083041502311841
60 124 1.3842828056593999
60 508 -1.436376468472464
60 61 0.36163423276269874
5 69 0.99305979409788
5 453 1.499674172418909
5 13 -1.406487467316983
5 61 -0.15629633032011728
5 6 -0.9768222696983024
69 133 -1.203245303366655
69 77 1.517300277122984
69 125 1.2050056982257045
69 70 0.02128948316333025
453 389 -0.08107318985677195
453 461 -2.2759202820675375
453 509 -0.12657755894425338
453 454 -1.7126121288376657
13 77 1.3733368732067168
13 461 -2.2093566094675134
13 21 -0.7126739565554394
13 14 -1.7416514637577198
61 53 -1.08309880212044
61 125 2.6287737886048568
61 509 0.2943296902480794
61 62 0.5645531673892438
6 70 -0.5888402229312822
6 454 0.22771414486479707
6 14 -0.7399966181324732
6 62 -1.2654756131691778
6 7 0.5531694693730604
70 134 0.3738013512749404
70 78 1.6741983984515951
70 126 1.124092744867546
70 71 -2.327760570665876
454 390 -1.228213812291365
454 462 1.1856616408877363
454 510 -0.20603635477711738
454 455 0.018878359721294306
14 78 0.0981738962259091
14 462 -1.4834217236211389
14 22 0.18896958312958906
14 15 -0.42924841178780515
62 54 -0.11558123390644451
62 126 -1.1928739166828073
62 510 -1.097927141524317
62 63 -0.7503194276865762
7 71 0.9044014583664279
7 455 -1.0178890671715166
7 15 1.7756065297004677
7 63 0.23777500830234247
71 135 0.17913662564907523
71 79 -0.24167776894005333
71 127 0.2630869226701591
71 72 -0.26513364699093733
455 391 1.728644355987861
455 463 -0.03313689746696623
455 511 -1.0431870698901178
455 456 -0.9975077888191187
15 79 -1.118780186718902
15 463 -0.06414288634449371
15 23 -0.7527131422915188
15 16 1.0457921253784488
63 55 1.971256247121177
63 127 -1.4029946396567092
63 511 0.7279602013584022
63 64 -0.08235707813527879
72 136 1.606881458442342
72 80 1.9252144314180537
72 128 -0.43655990111409176
456 392 -1.7588452914719652
456 464 1.7198971329927475
456 512 -1.4540188165163928
16 80 0.27820383791285935
16 464 -0.38971712222645793
16 24 1.0873842089358066
64 56 -0.0565513810533289
64 128 0.6412219558123056
64 512 0.9893933544332844
73 137 0.20724211819821314
73 81 -1.6300889863138999
73 74 0.758445905345644
73 80 -0.02715629493565873
457 393 1.2095968032928173
457 465 1.1241139066753472
457 458 -0.3566680851924225
457 464 -1.5984267150293734
17 81 0.8908540544299729
17 465 0.23041601354365676
17 25 0.37180794825333435
17 18 0.1670813077220596
17 24 -1.5000132089345593
74 138 0.4123166637335327
74 82 0.12325334098063319
74 75 -0.34543209648887657
458 394 0.054839029400850337
458 466 0.42182917678650955
458 459 1.3566167059693552
18 82 2.375656866737368
18 466 -0.6314078355074917
18 26 1.9816980586908448
18 19 -1.2905876448489466
75 139 -1.1199453670532096
75 83 0.6631961078043243
75 76 0.01468640683274267
459 395 0.21109376837504382
459 467 1.5916519876098394
459 460 -1.2012561092792224
19 83 -1.179535122164821
19 467 0.6101517345809263
19 27 1.2762172132745855
19 20 0.2619742021447382
76 140 -0.1541831308762495
76 84 1.7482693361104265
76 77 -0.13930537770319965
460 396 -0.4554684466236766
460 468 0.03560820136055258
460 461 1.2128962650689106
20 84 0.6771016679444303
20 468 -0.8956370109121318
20 28 0.1360266628414322
20 21 -0.6284375982996735
77 141 0.3356899872863729
77 85 -0.5054520000709758
77 78 0.3339674031042613
461 397 -0.5866613830160733
461 469 -0.7814141592326811
461 462 0.48786257059984095
21 85 0.40340716762440804
21 469 0.7360133178961783
21 29 0.9725986157788205
21 22 -0.4376040242215456
78 142 -1.2103784709651364
78 86 0.8881102412974808
78 79 1.286428164451758
462 398 0.00021181819136584717
462 470 -0.8070018316569623
462 463 0.42689917131930444
22 86 1.051800451579415
22 470 1.763733333328377
22 30 -1.3135075934437583
22 23 0.03318405394022458
79 143 0.013697092968939947
79 87 -1.2636814854618996
79 80 0.5011859169991257
463 399 -2.3777332616094986
463 471 0.3909662431562636
463 464 2.1688341232809103
23 87 -1.1269960939477275
23 471 -0.4665265245882451
23 31 0.6977354598857262
23 24 0.6373602356413541
80 144 0.21975371951589057
80 88 0.7245603964156065
464 400 0.598393458249634
464 472 2.910805160864063
24 88 0.2547785883743087
24 472 0.7346099200793875
24 32 0.38014052602633863
81 145 -0.8644081016446729
81 89 -1.0115216091487942
81 82 -0.8971385687625489
81 88 -0.022981750569197417
465 401 -1.161801619825427
465 473 -0.6237684142376211
465 466 -1.0054169730024625
465 472 0.6391693975137662
25 89 1.8851616530899094
25 473 0.20899877539073924
25 33 -0.6088819446233538
25 26 0.5404516958859936
25 32 -0.7659402085556287
82 146 -0.9424039750912078
82 90 1.3741574304209165
82 83 0.04970026455508326
466 402 0.8399220555722635
466 474 0.18467854458146185
466 467 0.667281244939783
26 90 1.238651921216613
26 474 1.9071030830083335
26 34 -0.10608707073029959
26 27 -0.21502890803651573
83 147 0.9063402006081616
83 91 0.07409152143863627
83 84 0.8336632226745877
467 403 0.9323525259305798
467 475 0.4560144837346379
467 468 0.6651766815859629
27 91 -2.3345938962620565
27 475 0.5377529609784751
27 35 0.847366277314561
27 28 -0.21502923867657497
84 148 -0.8192574817207628
84 92 -0.5124698050088375
84 85 0.9020836153423145
468 404 -1.2601770685653066
468 476 1.1775071703589477
468 469 -1.4632974648094235
28 92 1.0398480389220977
28 476 -0.3460779072685352
28 36 0.6594911203503766
28 29 1.0953789817777155
85 149 -0.7150259563408896
85 93 0.3766746233661033
85 86 -0.41969342649111785
469 405 1.1768215609202028
469 477 -0.1600533349167538
469 470 2.3545174637061312
29 93 0.9533921776607215
29 477 1.9433751012134015
29 37 1.5854704216215694
29 30 -0.05728646722362448
86 150 0.6155322893663325
86 94 0.4458129681643537
86 87 -1.1803562386526982
470 406 1.6167892420819105
470 478 0.7249180985753771
470 471 -1.0567326408373061
30 94 0.585503653905263
30 478 0.7477514142968043
30 38 -1.5851075126203105
30 31 0.2741260147552476
87 151 -0.6098125165862368
87 95 -0.18695191959280108
87 88 1.0720482362557597
471 407 -2.386893143701086
471 479 -0.46763244713938473
471 472 -0.9619991982428573
31 95 -1.2804147724653068
31 479 -1.4800964817932125
31 39 -1.35437778469474
31 32 -0.44147195053957783
88 152 -0.5622676961289362
88 96 -0.8060026075386661
472 408 1.233099865720725
472 480 0.6686156452884274
32 96 -0.44674956855387865
32 480 -1.110790741039755
32 40 -0.10878735648607599
89 153 0.4300924964418901
89 97 -1.199269460825525
89 90 0.04592067338330149
89 96 -0.2632674538474843
473 409 1.295494259499519
473 481 0.04676133747297628
473 474 -0.04323212026810909
473 480 -1.1043724125572756
33 97 0.5294328447374758
33 481 -0.9964632686876087
33 41 -1.3973889428559871
33 34 0.8203205826167133
33 40 -0.5538842087502076
90 154 -1.2826447766609084
90 98 -1.759048384536262
90 91 -0.15845524471729217
474 410 0.8866684958560271
474 482 0.4116895016007378
474 475 -0.11421729113682469
34 98 0.8211596518089517
34 482 0.6922548010017988
34 42 0.2506751149091687
34 35 1.2421655103390161
91 155 0.12302756227392958
91 99 2.3043277675543203
91 92 0.207491058848308
475 411 -0.7610212887380833
475 483 -0.36618049332750136
475 476 1.3151759239814538
35 99 -0.525029008149125
35 483 0.9995115324216183
35 43 -0.2938229956357662
35 36 0.23101342455979437
92 156 0.5199094133605832
92 100 0.5899776815573231
92 93 0.6607923081858705
476 412 0.4339640902348791
476 484 0.2507664226947411
476 477 -0.13947243316416175
36 100 0.40234198437433444
36 484 0.08505056254859074
36 44 -0.697744884281869
36 37 1.7312025071007402
93 157 0.23794510054422985
93 101 -0.37388095316016706
93 94 -0.5820348931075214
477 413 1.228366026922746
477 485 1.1356501138779103
477 478 0.8923286472781777
37 101 -0.7199672976449705
37 485 1.0545234082136812
37 45 -1.1948881509583509
37 38 0.469628690581822
94 158 0.451004011130009
94 102 1.9969404457546815
94 95 -0.6540399407158128
478 414 -0.879765776811721
478 486 0.16034308047589593
478 479 -0.2044748750981229
38 102 -0.11938850235624464
38 486 -0.12038792702257903
38 46 0.9871175184189768
38 39 1.2881296450380924
95 159 -0.7670407966806843
95 103 -1.4777091218281806
95 96 0.2200074565057071
479 415 -0.5227224787863548
479 487 1.7682212380256819
479 480 0.6215807787559944
39 103 -0.2074010768397213
39 487 1.0466701995986534
39 47 -0.41338380058775076
39 40 -0.004826150302367663
96 160 0.03475619130927085
96 104 -1.5688460625060383
480 416 0.6831833882371076
480 488 1.7798111849937353
40 104 0.2991808884370795
40 488 -0.20624389904183107
40 48 -1.0382670686715116
97 161 0.4267068741607906
97 105 -0.2898140502711077
97 98 -0.08699634548372029
97 104 1.4620287154770455
481 417 -1.2970800978606551
481 489 0.4051364860840306
481 482 -0.8296085894710341
481 488 -0.046320788686170865
41 105 -0.27550846062371426
41 489 -0.5160848498889875
41 49 0.7440865066548702
41 42 -1.0088381233389148
41 48 2.1540169123976507
98 162 -0.2503560858694805
98 106 -1.2196924514538723
98 99 0.46719212063114596
482 418 0.7251469623767618
482 490 1.4406287042178088
482 483 -2.270083154757449
42 106 0.4207753900304577
42 490 -0.4603779591185561
42 50 -0.08225676446319667
42 43 0.36078362169989275
99 163 -1.6019782517651358
99 107 -0.4910459058742868
99 100 0.3808342203872053
483 419 -0.9120882571325512
483 491 0.6507392388140097
483 484 -1.010569214380159
43 107 0.3035192399026214
43 491 0.9793750278121955
43 51 2.23475369957103
43 44 0.8148140986364916
100 164 -1.59515513110748
100 108 0.8452864735753883
100 101 -0.08236434963281618
484 420 -0.6265902249264251
484 492 0.7534003624433265
484 485 -0.9736599761043715
44 108 -1.9180100963854516
44 492 1.9482322352769936
44 52 -1.3910339429321397
44 45 0.6750893408425936
101 165 -1.370041401865476
101 109 -2.1398664902450903
101 102 -0.309817642235909
485 421 0.2440643841279004
485 493 0.21017681327074167
485 486 -0.04899534059503175
45 109 2.586597279447288
45 493 0.1360127770670569
45 53 -0.7850050086495229
45 46 1.0229222844195882
102 166 -0.8095322281723563
102 110 1.8578227483780487
102 103 0.17986803590259381
486 422 0.8870276027026109
486 494 0.16372609251981124
486 487 2.0713835480832343
46 110 0.7809354358068465
46 494 -0.024873713107285294
46 54 -0.23817008856284053
46 47 0.6033141433768526
103 167 0.013747335520809818
103 111 1.4910199980470957
103 104 -0.4343240869724841
487 423 0.4765361707723174
487 495 -0.11387585763782224
487 488 1.3786177377348243
47 111 0.10292472534725472
47 495 0.3743881705864355
47 55 0.2363384523898774
47 48 -0.7718280390713382
104 168 0.12391934760896493
104 112 -0.35426540651587307
488 424 1.4353056731308553
488 496 0.05811686623312792
48 112 0.36855399993606935
48 496 0.7848414034244704
48 56 0.5927619412914484
105 169 1.326879315877072
105 113 -0.6329912529911945
105 106 -0.2984608248907702
105 112 -0.9752849434227081
489 425 -1.2448072838280633
489 497 -1.686845319101035
489 490 -0.3159740482765071
489 496 2.384873368775582
49 113 -0.5271642744076926
49 497 -2.0833254429157284
49 50 1.7086462345393165
49 56 0.1945641364499079
106 170 0.31582096469518817
106 114 0.0593828335361636
106 107 0.2854085177997363
490 426 -1.1295568649905832
490 498 0.8042714768483296
490 491 -0.24082115028810128
50 114 0.02387954687564221
50 498 -0.6745018670096674
50 51 -0.869433381457303
107 171 -0.17214588249546744
107 115 0.1519932630146359
107 108 -0.6331129842739354
491 427 -1.3208177579224412
491 499 0.5609321903970699
491 492 -1.5585211405761223
51 115 2.3520648129541675
51 499 0.10712796104825222
51 52 -1.354630506299358
108 172 -0.09489829433752858
108 116 1.5019060386956187
108 109 2.21375346923357
492 428 -2.0193122379738195
492 500 -1.6774086247166882
492 493 0.7034288480133781
52 116 -0.1267006210258205
52 500 -0.745631156203567
52 53 -0.7879641118884757
109 173 1.040807787727186
109 117 1.439593347333383
109 110 1.5586468376978204
493 429 -0.07930085734055524
493 501 -1.1392995324149153
493 494 -0.6963340752786374
53 117 1.0700742282589073
53 501 -0.1344630994096075
53 54 -0.4166683254467456
110 174 0.08827503292104107
110 118 0.8553057433710127
110 111 0.5810299050631639
494 430 0.39815933273845755
494 502 -0.7429078583694596
494 495 -1.269737999389759
54 118 0.017837284338230397
54 502 1.2461130901451616
54 55 -1.3984162035657166
111 175 -0.8172458871113975
111 119 -1.775859656167241
111 112 0.24108971003469934
495 431 0.22399581671702123
495 503 1.130550947762994
495 496 0.22434861939726117
55 119 -1.5493717629386883
55 503 1.1096346078072714
55 56 0.4007030994920637
112 176 -1.5629507187588758
112 120 -0.3903725417768444
496 432 -0.781606009522487
496 504 -0.46408094205566597
56 120 -0.18741175952996217
56 504 -0.5936939668758733
113 177 -0.14161833046102412
113 121 -1.131490527032187
113 114 0.7043575686669439
113 120 1.0899120110852192
497 433 -0.6882029613374472
497 505 0.21709613019554297
497 498 0.4103741972244572
497 504 -1.1537783972080333
114 178 0.45033491735393005
114 122 0.794458777654842
114 115 -0.35047061321196815
498 434 0.5158502672810209
498 506 0.9140191436538128
498 499 -1.7772966594345643
115 179 0.503077407120804
115 123 0.084408563306839
115 116 -0.35824496999630867
499 435 -0.9342437204565704
499 507 0.8786142715319394
499 500 -0.23734711395799987
116 180 0.2500947910513376
116 124 -2.1154799896800682
116 117 1.384900108215366
500 436 -1.3969943446918054
500 508 1.7311251763466626
500 501 -0.7285397943534697
117 181 -0.6825540874727987
117 125 -0.41000462893754663
117 118 -0.4527218683963459
501 437 -0.23529618030048485
501 509 0.20767273880897824
501 502 -0.43932552725999136
118 182 0.9747258915479599
118 126 -0.08502255499405535
118 119 0.31003881247265436
502 438 0.299945679132759
502 510 -1.346843927698647
502 503 1.1548433737649253
119 183 0.261186073356554
119 127 2.0415641572143217
119 120 -0.14198364438623587
503 439 0.673264461504617
503 511 -0.31720796408461344
503 504 -0.056116685449200496
120 184 0.06472532886088583
120 128 -1.760037866781223
504 440 -0.4136536916495965
504 512 1.806152909925923
121 185 2.3262439170448213
121 122 0.9259936458025064
121 128 0.8254016864690205
505 441 0.015861586685932516
505 506 0.3704075476964938
505 512 0.5501014127193367
122 186 -1.9712080830153547
122 123 -0.10063258792302676
506 442 0.35592664221264086
506 507 0.38227773290264566
123 187 1.2621417455053259
123 124 0.8211868598572717
507 443 -0.2539418687238127
507 508 -2.033526019661461
124 188 -0.9361287494738405
124 125 0.4573337843169792
508 444 -0.6739108489201426
508 509 -0.5012130393091252
125 189 -0.8397185281486669
125 126 -0.96705091192473
509 445 -0.904250374997425
509 510 -0.24460955878048898
126 190 0.15289444033379912
126 127 -0.3587057622401735
510 446 0.7467258045278454
510 511 0.3553013374767098
127 191 0.34898640363339095
127 128 -1.4628926342001138
511 447 -1.0384761266158646
511 512 -1.601025154198594
128 192 0.4428027528263394
512 448 0.5202674945590747
129 193 -0.45872054587193645
129 137 1.211689134836461
129 185 -1.4051616859479115
129 130 0.15452196495216264
129 136 -0.35716022471502995
130 194 0.7259648680534054
130 138 0.7470458966602487
130 186 -0.17687990697650174
130 131 -0.47852564945120124
131 195 0.228733516521655
131 139 -0.7626465253633918
131 187 0.40270705895029624
131 132 1.1703708889797957
132 196 0.4769823098119369
132 140 -1.4068692571955195
132 188 -1.1815774551764784
132 133 1.210744362957785
133 197 1.4556089444322635
133 141 0.2545260235236164
133 189 0.3464552055784867
133 134 -0.22711201196427638
134 198 -0.4922879850186251
134 142 1.9198273447264615
134 190 -0.18511764205591252
134 135 0.4410942086576932
135 199 1.4666125642606387
135 143 0.6335983211347849
135 191 -0.1694616025089411
135 136 0.6506976552297182
136 200 -0.046999265241659975
136 144 0.13645167293732574
136 192 0.281414298543873
137 201 1.3999332028140432
137 145 0.5274988267725133
137 138 -0.9302085417415688
137 144 0.7359612989391324
138 202 0.07958934461230434
138 146 -0.5955557980239716
138 139 -1.2878919362095826
139 203 -0.8129511454244372
139 147 0.5873248684427512
139 140 -0.33227818419225585
140 204 1.217612491253271
140 148 0.047778368439987125
140 141 0.40595655458194163
141 205 0.007492831965128441
141 149 0.38762516832894245
141 142 0.08896745878220554
142 206 2.023245572535652
142 150 -0.7839562670309277
142 143 -0.6152845678935263
143 207 -0.12576780258512807
143 151 -0.7105928623858081
143 144 -0.9246223236531073
144 208 -0.9890906928319315
144 152 0.09396645264352474
145 209 -0.6737780608238588
145 153 -0.3716949648772024
145 146 0.2892954413576543
145 152 1.0245123172584725
146 210 0.9584329599015182
146 154 -0.36496052310679333
146 147 0.45296297398956575
147 211 -0.7313169673809483
147 155 0.33553440064906415
147 148 1.378974061806019
148 212 -0.32884473858662716
148 156 0.02343536089860609
148 149 0.1849673294863619
149 213 -0.25454860585292677
149 157 0.3069697302498716
149 150 0.6556616693688918
150 214 -0.4998486768872544
150 158 -0.404422261745631
150 151 -0.8924775946497581
151 215 1.2881651907821974
151 159 0.5848595023126892
151 152 -1.604335861021007
152 216 -0.9849795085602213
152 160 0.5323891707514221
153 217 -0.8142475760283178
153 161 0.4538413850217787
153 154 0.4963735212400936
153 160 0.6286938157436165
154 218 -0.46635434141816956
154 162 1.6196043946527543
154 155 -0.4713933351782008
155 219 0.8672707819918297
155 163 0.6766567932144232
155 156 -0.15689198992982378
156 220 1.8798578034520352
156 164 1.3025317817648823
156 157 -1.011961329126588
157 221 1.6284014749450504
157 165 -0.42675932982104214
157 158 -0.166302243933335
158 222 0.905188490408108
158 166 -0.7653735125846003
158 159 0.14560912720279465
159 223 -0.5960421739369346
159 167 -3.4046312620956916
159 160 -1.8311794296922095
160 224 1.3308765085949068
160 168 0.37310024795486796
161 225 -1.4361806311005758
161 169 -0.5320591312591916
161 162 -0.5674592416566678
161 168 0.6442365036995025
162 226 -1.7715746270820756
162 170 1.4019588377186483
162 163 -1.1698091558604014
163 227 -0.31802457489129643
163 171 0.9328894857799312
163 164 -0.48606558185214715
164 228 1.24960494526453
164 172 -2.5573585230858793
164 165 0.4362836098261565
165 229 -1.1854787793386063
165 173 -0.40743476283671803
165 166 -0.39646860198595524
166 230 -1.4269100078892025
166 174 -0.04306108504078554
166 167 0.9277858562665369
167 231 -0.31575235682593167
167 175 0.31318260414750493
167 168 -0.4832525414548663
168 232 -0.13062840620138758
168 176 -0.36263563755572475
169 233 2.0112703148747895
169 177 0.14938998849915539
169 170 -0.6264100347989637
169 176 -1.3602376648163081
170 234 -0.3371529197779521
170 178 1.14798089817317
170 171 -0.9286899295847024
171 235 -0.9019946978370845
171 179 1.245663102421562
171 172 -0.5575464737730966
172 236 0.634489614804054
172 180 1.050897232313384
172 173 0.7126785550251221
173 237 1.4826921289849384
173 181 -0.5067352989986799
173 174 0.34720666536889433
174 238 0.4130697442228307
174 182 0.5324842682096493
174 175 1.6561157859741145
175 239 0.9830410028585227
175 183 -1.2983914245968937
175 176 0.022237566283319535
176 240 -0.13324656934724488
176 184 -1.7939667642915478
177 241 -1.3562189092176162
177 185 -1.1359753608180918
177 178 -0.012770853561197268
177 184 1.6289995516299507
178 242 -1.0196833865396604
178 186 1.0913320935221547
178 179 2.0378234249873772
179 243 0.9400521269068516
179 187 0.36518805376967506
179 180 -0.23736078394214832
180 244 -0.8451981835918381
180 188 -0.7221924667990814
180 181 1.8541483666059158
181 245 2.035561848020654
181 189 0.9591466398898685
181 182 1.4604176135284468
182 246 -0.3042744020800573
182 190 0.1386073924956405
182 183 -0.8291580006186304
183 247 1.2301830143408803
183 191 0.8724353628370279
183 184 1.0719774577187295
184 248 -1.011173492183185
184 192 1.0168069555747603
185 249 -0.48436562169225694
185 186 -1.8861324411926061
185 192 0.08279963370821149
186 250 0.7098081077653537
186 187 -0.523834129515742
187 251 0.5708607285562979
187 188 -0.11245652192875642
188 252 0.7689083836961307
188 189 0.7750805450163126
189 253 1.302027138469818
189 190 -0.7159733051019587
190 254 0.3206634527782988
190 191 -0.17330788105663242
191 255 -0.949822643473566
191 192 -0.13107861260459092
192 256 -1.3607417324604971
193 257 0.6742196378405475
193 201 0.600948098034985
193 249 -0.1550559399338043
193 194 0.02314267250003327
193 200 -1.0185733670201653
194 258 0.07966054004711012
194 202 0.10341321094860585
194 250 1.4530215139829972
194 195 0.055903807432497496
195 259 -1.127527524333216
195 203 0.2262991080283983
195 251 1.417880165632036
195 196 -0.060614089210710834
196 260 -1.2665380187124204
196 204 -0.43260712545231716
196 252 -0.23637565737189092
196 197 -0.06587964936642673
197 261 1.2463800199305604
197 205 0.8279830733007848
197 253 -0.6717477566053504
197 198 -1.7116786730488056
198 262 0.7289771019866763
198 206 -1.5046570543254687
198 254 0.17251029687320193
198 199 -0.6309905280956187
199 263 0.17909119004362622
199 207 -0.020932076096226816
199 255 -0.8528901767232807
199 200 1.4958422905844264
200 264 0.31888834311695907
200 208 0.10048343511431608
200 256 1.426103263347826
201 265 -0.4512927752731448
201 209 0.2555895510223496
201 202 1.8728019750634202
201 208 -1.2051127921794722
202 266 0.561202595795461
202 210 0.3573359098115812
202 203 0.35274029446825816
203 267 -0.25313335412143667
203 211 -0.8056585697763089
203 204 2.1178264110699163
204 268 0.9742294933259971
204 212 0.1505652252232624
204 205 1.961745856886726
205 269 -1.115250639201086
205 213 1.1487707531209612
205 206 1.4185363048858042
206 270 0.404541494304318
206 214 1.2559342161541458
206 207 -0.9239457171782498
207 271 -0.9645631283961995
207 215 1.1160636854948902
207 208 -1.0531377948205813
208 272 -0.9665282463452373
208 216 -0.5044332853026953
209 273 -0.009931132518806323
209 217 -0.14637015238139464
209 210 -0.04050474649737008
209 216 0.4135677082546318
210 274 1.1840476820391224
210 218 -0.311321951187388
210 211 0.5633666488549368
211 275 1.332507301174204
211 219 1.2430155539868075
211 212 2.269059461895169
212 276 -0.7668451200745999
212 220 -1.2948338535288226
212 213 1.643482043941087
213 277 -0.0008822803304895695
213 221 0.1840246530754138
213 214 0.6465396870206684
214 278 -1.4145400973055384
214 222 0.8778342673659245
214 215 1.186566877536286
215 279 -0.8907034701274456
215 223 -0.9990725888389358
215 216 -0.03492075594227103
216 280 -0.9599177762287505
216 224 0.7434790730017085
217 281 -0.43643300355163495
217 225 0.19558540861836043
217 218 0.24259294862207295
217 224 0.6833261932674413
218 282 -0.7330746456098878
218 226 0.7171669681297685
218 219 -0.9015211474721987
219 283 0.9011520608583291
219 227 -1.8481783519147563
219 220 0.19987106133546
220 284 -0.9792845011556953
220 228 -0.621644299478043
220 221 -0.6484349620105634
221 285 2.6171927092961096
221 229 0.6042933129044452
221 222 -0.40627496450105105
222 286 1.3828109814323934
222 230 1.0879045266073406
222 223 -1.295335622585986
223 287 0.5172835311599363
223 231 0.540454846268266
223 224 -0.9364639845631746
224 288 2.730472170706283
224 232 0.44112085870551326
225 289 -0.6895672266665069
225 233 -0.401619097571186
225 226 1.3152436767089954
225 232 -2.128296162744161
226 290 0.04578440043554905
226 234 0.6632292641712159
226 227 0.6824078383605529
227 291 -0.08263067282085683
227 235 0.8689019788009841
227 228 1.1664114695545935
228 292 0.12789028560337565
228 236 -2.3021411596481505
228 229 1.1946145462112239
229 293 -0.0006576184481662733
229 237 0.7757464449342656
229 230 -0.7010232927125857
230 294 1.881690419438774
230 238 -0.15438576443856514
230 231 1.6186138484300867
231 295 0.07371240292640471
231 239 0.29751741409232585
231 232 -1.480276594171082
232 296 0.4150950599667041
232 240 2.7924594880831295
233 297 1.403379090243418
233 241 0.5570515234017457
233 234 -0.4661278352647086
233 240 -0.428271672980978
234 298 0.6042444760133042
234 242 0.8541488988476258
234 235 1.083814401232492
235 299 -1.0794195902345551
235 243 -0.6029649631917966
235 236 -0.7209848563890061
236 300 1.2068495676289646
236 244 0.24144092648109186
236 237 0.9777856758765656
237 301 -0.254127861512405
237 245 0.10050661576117025
237 238 -0.3415801451149005
238 302 -0.09891670109334237
238 246 0.35115264824549997
238 239 1.323539030546411
239 303 1.7238254577123242
239 247 0.6443214848014817
239 240 -1.454456185962595
240 304 -0.3338571750833108
240 248 -0.989415531584483
241 305 -1.407082048184787
241 249 1.8781627605905167
241 242 -0.6385721805776353
241 248 -0.7511607421591779
242 306 1.5601093248653548
242 250 -2.0269695865819752
242 243 0.29924265662305527
243 307 0.5791372787040722
243 251 -1.8455291787244428
243 244 -0.12774685607308606
244 308 -0.15482715221552543
244 252 -0.34564689466647874
244 245 -0.3543848360761931
245 309 -1.1058098615301017
245 253 -2.2420162184768855
245 246 -0.15991595950640597
246 310 0.44583576198595004
246 254 1.2689881574602304
246 247 0.10357028420431891
247 311 0.5405239743295603
247 255 -0.05905035964222993
247 248 1.5890052831043657
248 312 -0.28774990935881595
248 256 -0.40130617615692815
249 313 1.3070559365988905
249 250 0.5331808986731326
249 256 0.3323742124831843
250 314 -0.16840615681709795
250 251 1.637900410142386
251 315 -0.22986700891895157
251 252 -0.39113731487298947
252 316 0.17979368515799768
252 253 -0.8132169450205161
253 317 2.023619545243938
253 254 -1.6064000591026752
254 318 1.0681716667864447
254 255 -0.1650007431087988
255 319 0.6381637790686354
255 256 1.9083398111679053
256 320 -0.8172107120606239
257 321 0.7739991994708331
257 265 -0.9875516254221643
257 313 0.9745543215636155
257 258 0.9941226082474515
257 264 -1.5524364849013197
258 322 0.11122773377851894
258 266 -1.1913045095496044
258 314 0.7227443220735225
258 259 -0.38944797877033444
259 323 0.9006503059614803
259 267 -0.3353124096273073
259 315 1.7326343491007339
259 260 1.5245439366405102
260 324 0.1435089686710703
260 268 0.5019562713090477
260 316 1.322626932286281
260 261 -2.7172035969579977
261 325 0.17079377519328845
261 269 -0.6709332187626439
261 317 0.1370432183334984
261 262 -0.00044698798081236924
262 326 0.9735979269352002
262 270 -0.6345600653243102
262 318 -1.064919255092279
262 263 0.05418066993716181
263 327 -0.03152883881366448
263 271 -0.19135770947784253
263 319 1.688131964675149
263 264 -0.6052339474704252
264 328 0.5323315750642872
264 272 -0.6091428066516235
264 320 0.9494116323964201
265 329 -0.8958673943355938
265 273 -1.306151386369344
265 266 -0.6077979834560379
265 272 0.7946757375152991
266 330 -1.030537828244994
266 274 1.9098686779906944
266 267 0.7478795209895361
267 331 -2.6927151259881943
267 275 1.4223049750043195
267 268 -1.7738076789336763
268 332 0.8204964000585091
268 276 -0.7116765215825424
268 269 0.44087469794075196
269 333 0.7451169223008958
269 277 -0.9863848923131434
269 270 -0.8236622416494846
270 334 -0.8106633671184705
270 278 -0.39504683792625345
270 271 -0.4329526581998844
271 335 -1.424694610524678
271 279 0.5597062656905283
271 272 -0.8938870586504473
272 336 0.8703699942103278
272 280 -0.2248304197165341
273 337 -0.49554237114632993
273 281 0.03883318074222065
273 274 2.174130435817281
273 280 2.7319179398954825
274 338 0.298578473418587
274 282 -0.2086992836852959
274 275 1.3826557179009955
275 339 0.27803574542356313
275 283 2.0096375829647455
275 276 -0.6548006926653508
276 340 1.0161558533184059
276 284 -0.6116775699553066
276 277 0.42812581143730255
277 341 0.5491349920902929
277 285 -0.36966831675838985
277 278 -0.40788615723897725
278 342 -0.5063840504976506
278 286 -0.9784183757863876
278 279 -0.06706126115290181
279 343 -0.5970422304571011
279 287 -0.7596076872519374
279 280 -0.7710512044102356
280 344 0.00673745275917852
280 288 -0.145206974977553
281 345 -0.07891289288554476
281 289 1.366537540207728
281 282 0.38728529923901006
281 288 0.16149207423096168
282 346 -0.11043855564784828
282 290 -0.7657287401851298
282 283 0.22011441333604315
283 347 -0.5884861194183885
283 291 0.1764911322149569
283 284 -0.7328371005115013
284 348 0.6344104099541008
284 292 1.3677571632215955
284 285 -0.038077614222954186
285 349 -0.11071911129215697
285 293 0.1782172504388993
285 286 -0.4225629553832743
286 350 0.5685390038200173
286 294 -0.5208551856573148
286 287 1.0127363212295528
287 351 -1.3224116736180953
287 295 0.4380775240326306
287 288 1.594108884943032
288 352 -0.9571129567911514
288 296 1.051895450622322
289 353 0.4326579910066807
289 297 -1.1015633488473555
289 290 1.3360122819534517
289 296 -1.0066310870337352
290 354 -0.5966555162364221
290 298 0.09956658378901415
290 291 0.621798353961991
291 355 -0.8940705992691435
291 299 -1.5802120406826734
291 292 -0.8417700491120852
292 356 -0.7436993201125409
292 300 0.5194718913624231
292 293 -0.1135421004502346
293 357 0.3471990016139378
293 301 1.002777820178001
293 294 -0.20983116332672777
294 358 -2.402493329314487
294 302 -0.2567148871701905
294 295 1.8682612131302325
295 359 2.2307699579114963
295 303 -0.6289897624096814
295 296 0.4645185499332147
296 360 -0.3527197498394492
296 304 0.29402402475330297
297 361 0.35252325512722976
297 305 2.2623013599190687
297 298 -0.2547433674401484
297 304 -1.0050631389199487
298 362 -1.2185539611207876
298 306 0.6503015456235897
298 299 -0.2836786636321985
299 363 -0.3455929284236225
299 307 1.8560726714372173
299 300 1.48943702440988
300 364 -0.14642165896151094
300 308 -2.021894092950394
300 301 0.4279743608527103
301 365 -0.21740716989716546
301 309 0.04842906912754951
301 302 1.9024869395768884
302 366 0.008767046705749352
302 310 0.9180363492875661
302 303 1.092503992373954
303 367 0.5156143594789169
303 311 0.012809597695851693
303 304 0.5289610134870635
304 368 -0.8358541295294055
304 312 1.2114444209687605
305 369 -0.7018239403459795
305 313 0.6953927364169237
305 306 -0.4670770456586885
305 312 0.3005427555669473
306 370 0.7175761608290435
306 314 0.6764875206582261
306 307 -1.92825628353062
307 371 1.8990097341892955
307 315 1.0626481910006311
307 308 -0.6212185913474041
308 372 0.7866236958014742
308 316 0.07985156046440169
308 309 1.213038549435726
309 373 -0.005939525328886119
309 317 -0.12063879360727513
309 310 -0.2038946205633663
310 374 -1.2994023027656378
310 318 0.0710728526234168
310 311 1.242487649707975
311 375 -0.7522544148973069
311 319 1.5303221076285718
311 312 0.5323715397572872
312 376 0.05735722333328249
312 320 -1.9061529422220733
313 377 0.2391343073568074
313 314 -0.6384569197647487
313 320 0.8085314201610853
314 378 0.48393201481832243
314 315 0.3491637241590522
315 379 0.5896757435967135
315 316 -0.49995930460171767
316 380 -2.0804166916618816
316 317 -0.3081795173865328
317 381 0.41693319606140816
317 318 -1.0757053150085982
318 382 -0.17081501928105736
318 319 -0.003701309785227193
319 383 0.6440582202313169
319 320 -1.6650086096774563
320 384 0.169897225671758
321 385 0.7827924132621614
321 329 0.8785605404338895
321 377 -0.25705374848889756
321 322 -0.8205629195296317
321 328 1.7160541166271486
322 386 1.4213803603697561
322 330 -1.622874732680554
322 378 0.33248244106463776
322 323 -0.6412078935709155
323 387 -1.187297780394569
323 331 1.6546721451563349
323 379 -0.06357466983638813
323 324 -1.6581538434576237
324 388 0.26583694094420773
324 332 0.8654440877384187
324 380 -0.04790807143414625
324 325 -1.4912176519644236
325 389 0.7875011521688527
325 333 -2.333458931938897
325 381 0.8886552374400392
325 326 0.009782535446245988
326 390 -0.41522635303471445
326 334 0.19356010788239053
326 382 -2.1753870460991798
326 327 -0.7430221564985363
327 391 -0.8542036186582316
327 335 -1.405273165563607
327 383 -0.7194907547684122
327 328 -0.20301462118067123
328 392 -0.5872236741348985
328 336 0.8334446634403492
328 384 -0.8292152801009828
329 393 0.1249846668763754
329 337 1.1262745691001195
329 330 1.9456619933239394
329 336 -1.8494111872199848
330 394 -0.24900061180443236
330 338 0.9259590861522866
330 331 -0.9721524103965176
331 395 2.362811661817534
331 339 -0.07083379185591686
331 332 -0.4766463162180907
332 396 1.3215198476262018
332 340 -0.7087133269764476
332 333 1.9669822021393095
333 397 -0.012386483575062982
333 341 0.2415600895223546
333 334 -0.8850772888515036
334 398 -0.3464694445077187
334 342 0.023232219560077167
334 335 0.018703233348752037
335 399 0.2160948987554129
335 343 -0.5295614202648521
335 336 2.19762517875369
336 400 -1.1962432081464147
336 344 -0.4589102201195596
337 401 0.9726226346136775
337 345 -0.0068428837231921886
337 338 1.3273788678674348
337 344 -0.4365304507646882
338 402 -0.4007506515595763
338 346 1.5441717118107776
338 339 0.9580874801791756
339 403 0.3330349004869616
339 347 -0.4457408258483468
339 340 0.920764224208097
340 404 0.9617822813541353
340 348 1.1673340762076303
340 341 -0.3149833758756212
341 405 -0.28303030978915533
341 349 -0.9400917218507117
341 342 -1.665684571650723
342 406 -1.3337304682278313
342 350 0.3302213385752268
342 343 -1.3777167359890896
343 407 1.2591805961634561
343 351 1.121909088495418
343 344 -0.02474868502179349
344 408 -1.0028253841808557
344 352 0.15328322405605294
345 409 1.1547862255047026
345 353 0.2501594649545902
345 346 0.12287303064687924
345 352 -0.06807688934457531
346 410 0.06271569277528483
346 354 0.9679984672685396
346 347 -1.9807959726285203
347 411 -1.2136705304943802
347 355 0.6724171345635692
347 348 -1.0323814144870596
348 412 -0.8137761252162147
348 356 0.18534051374986824
348 349 0.941431094519351
349 413 -0.9335424278710442
349 357 0.17141298279840575
349 350 0.027392834881773746
350 414 2.0382050423034266
350 358 0.13337831749076134
350 351 -0.7556842983237663
351 415 1.1793011625189576
351 359 -2.1741632035528635
351 352 -0.9773768781847992
352 416 0.15306194520501493
352 360 -1.5670429375490007
353 417 -0.17615821816013683
353 361 0.6157392504342392
353 354 1.8258581127564726
353 360 -0.6849474823039453
354 418 -0.47832760229112015
354 362 1.1375731656712653
354 355 0.80785981395677
355 419 0.19143649272690708
355 363 -1.4502839564213765
355 356 -0.08966735130459877
356 420 -0.4241631288091318
356 364 -1.887041789769973
356 357 1.09975092056587
357 421 0.16042431334652657
357 365 -0.10140307643892353
357 358 -0.8910230972908273
358 422 -2.068547819692365
358 366 0.8038075801116467
358 359 1.302459986193557
359 423 -1.0290823160239349
359 367 -0.1654699718489629
359 360 0.8184391579071112
360 424 0.362897516276377
360 368 -1.229202577442931
361 425 -0.5123351152299231
361 369 -0.44646191818211084
361 362 -0.4855807810410862
361 368 0.8505629580836178
362 426 0.8020693556625617
362 370 0.47114196255630414
362 363 0.541605206373346
363 427 1.5919769926914613
363 371 1.582230054997728
363 364 0.6024139722235282
364 428 -0.10286397829814808
364 372 -0.33525279754942056
364 365 -1.4930328857924309
365 429 0.7052374969074944
365 373 -1.2080873457397467
365 366 0.3312064160291219
366 430 2.839686240325155
366 374 0.6791453546076809
366 367 -0.601715943339049
367 431 -0.6807813373228887
367 375 -0.9944809169520776
367 368 -0.04203207115535685
368 432 0.581516019606816
368 376 1.7534832825011382
369 433 -0.035650964195487404
369 377 -0.7485878694000538
369 370 2.6038053026443633
369 376 -0.09767540498649604
370 434 0.31305748499491515
370 378 1.086271295612465
370 371 -0.1336068597056688
371 435 0.6882270805735085
371 379 -0.7279373692502226
371 372 -1.6122710079195501
372 436 -0.3756098005716063
372 380 -0.6680288460187086
372 373 1.1080872746509185
373 437 0.611112907924309
373 381 2.0414973715813693
373 374 -0.655634600718623
374 438 -0.2404227752105877
374 382 1.5779579495338805
374 375 -1.049255473054448
375 439 0.9144934469602181
375 383 1.155486985313052
375 376 -1.2591856154048844
376 440 1.0386182863528166
376 384 -2.597889442033261
377 441 1.268822918189738
377 378 1.4989084082955688
377 384 0.4488185796306956
378 442 -1.8931983133250383
378 379 0.4153021718441398
379 443 0.5988987284655899
379 380 -2.212926516875054
380 444 -0.71326943811356
380 381 -0.10940201271242668
381 445 -1.508946071134064
381 382 -0.6045729973134449
382 446 1.2967465365496444
382 383 0.05758596843860168
383 447 -0.2950760218527657
383 384 0.9958328186711922
384 448 2.827228762526073
385 393 1.7412506387298017
385 441 -1.4267381893071254
385 386 1.654995617118343
385 392 1.199018562752777
386 394 1.0642048343264026
386 442 0.45789181329828404
386 387 -1.1212732239015692
387 395 -0.791091398128114
387 443 0.7718758840498676
387 388 -0.3338148607205218
388 396 -0.5980223769506959
388 444 -0.4987474326319789
388 389 -2.223420537389395
389 397 -0.22712560500578113
389 445 -1.1487872438547304
389 390 -1.0377671912111182
390 398 0.8522955534446419
390 446 1.26422496182581
390 391 0.7795308240160116
391 399 -0.38542332078845765
391 447 0.7389425023256158
391 392 0.6206127167442131
392 400 0.8903907829672834
392 448 -0.21332831686759138
393 401 -1.491959358158899
393 394 0.13781259801303203
393 400 0.7681671260091013
394 402 0.792510875188154
394 395 1.4005197791530815
395 403 0.6748389016208791
395 396 -0.4552669722629552
396 404 -2.4388454137451747
396 397 -0.06364993305777049
397 405 -0.12893195653947734
397 398 1.352975710427097
398 406 -1.7591944644399633
398 399 -1.1166506775943699
399 407 0.17773795409279344
399 400 1.5603561606207907
400 408 -0.35846122331615077
401 409 -1.156224846831382
401 402 0.3687493145122798
401 408 0.6901374683680067
402 410 0.11474156970909066
402 403 -0.5548034034285498
403 411 -0.9897090751603308
403 404 -0.046657367262047784
404 412 0.5772457823629557
404 405 -0.025775195851727613
405 413 0.20187927056204014
405 406 -1.254803848056972
406 414 0.48804115517941365
406 407 -1.6617508874038038
407 415 1.0443159330657823
407 408 0.30778202146353056
408 416 -1.5311667416722754
409 417 0.11426714273965748
409 410 -0.09769725192674548
409 416 -0.09985482520938796
410 418 -0.1388415198053191
410 411 1.0555874243208263
411 419 -1.053787239225334
411 412 -0.3426225542083515
412 420 -0.9934630416735923
412 413 -0.4205643313207065
413 421 0.41561730496593263
413 414 1.0738766614431374
414 422 0.7795912097216985
414 415 1.4545062498733938
415 423 1.923977288872774
415 416 2.1215816346056022
416 424 1.0959214032243896
417 425 -0.4884939962195964
417 418 0.10356951517427938
417 424 -0.8941178031165872
418 426 1.7170705201689347
418 419 1.3473313528972501
419 427 -0.84048392805988
419 420 1.7427648622406533
420 428 -1.0367685653134198
420 421 0.7661007250242753
421 429 -2.0616454290487773
421 422 1.226961565290363
422 430 0.5144540729817457
422 423 1.361148451846752
423 431 -0.5015797084508548
423 424 0.4248680189505281
424 432 0.23082907207291095
425 433 0.6744903336542345
425 426 -0.054561859523218015
425 432 -0.3392286173824876
426 434 -0.19684720957770804
426 427 0.4765185427839912
427 435 -0.9183853828703546
427 428 -0.6191986690777292
428 436 -0.4281164550480133
428 429 -0.4866940772138767
429 437 0.3773055587009382
429 430 -0.018014318050984874
430 438 1.3356547505337204
430 431 -0.019887618612534762
431 439 -0.4170890772972735
431 432 -0.3427731889718842
432 440 0.31488750366305973
433 441 -1.0636707655939954
433 434 0.03080547538344629
433 440 -1.8901174705331085
434 442 -2.6753965892435514
434 435 1.4596346773952267
435 443 0.6128672947860374
435 436 -0.13231558580263603
436 444 -0.6253553627855796
436 437 -0.07581966279598999
437 445 -0.44988108972215995
437 438 -0.863139902224036
438 446 1.269465890389766
438 439 -0.7147794293372705
439 447 0.7779040283462223
439 440 0.9719299565110541
440 448 0.6116012547106909
441 442 0.16007042851525882
441 448 2.5186057455982875
442 443 -0.29873458829096855
443 444 -0.8714429277934611
444 445 -0.7285937085381844
445 446 -0.8668054630281117
446 447 -0.08103044962925526
447 448 1.6657522204126458
