512 1536
1 65 1.6103551323114544
1 449 -0.31283650793923357
1 9 -1.339860032233956
1 57 -0.8754320839481828
1 2 -0.7406708446893006
1 8 -0.6598776043612066
65 129 1.1547065119985378
65 73 0.450107919570741
65 121 -2.4124134717365573
65 66 -1.022487495594836
65 72 0.7155909636819955
449 385 0.24861846088653167
449 457 -1.4117791984473387
449 505 0.10205880646044231
449 450 -1.3512165254187074
449 456 -0.75988503106563
9 73 -0.24752183066735534
9 457 0.4794252873782246
9 17 -2.565315502910749e-05
9 10 -0.723050394704959
9 16 0.7122079587641654
57 49 -0.27733165894828476
57 121 0.8560465169648462
57 505 -1.1304993893498856
57 58 0.5425363122777945
57 64 1.4506046011300409
2 66 0.5465895549301125
2 450 -0.7119157610703458
2 10 0.9149188162930701
2 58 -0.504961852951677
2 3 1.58875421697336
8 7 -0.61204985092183
8 72 0.5882011372125111
8 456 -0.11445352718391515
8 16 -0.9621439397963383
8 64 0.6252268684343052
66 130 0.1446841651052111
66 74 0.2832621614218016
66 122 -1.0594669102465772
66 67 -0.25847176779185477
450 386 1.0461735759828752
450 458 0.24895486023213703
450 506 0.938799603247831
450 451 0.3484382570457253
10 74 0.24042718118059955
10 458 -0.3145227787436138
10 18 -0.07966377160833274
10 11 0.5650435701505038
58 50 0.967500081762898
58 122 1.3113411686708163
58 506 2.213317871138861
58 59 1.112624847556893
3 67 -1.701674127850368
3 451 2.425447259919266
3 11 -0.23836702610244145
3 59 -0.339706300180544
3 4 1.5334509807638026
67 131 0.18344265234149285
67 75 0.421207851935622
67 123 0.1383165638901401
67 68 -1.4014006142419493
451 387 1.0462286654825603
451 459 -0.24552705814146228
451 507 0.6594519668529905
451 452 -0.3495685318403574
11 75 0.46653362301205037
11 459 0.06259233593201696
11 19 0.5630515739582599
11 12 0.4047837269337239
59 51 -0.005243083233411527
59 123 1.8411460277565634
59 507 0.2158915238295595
59 60 -0.8496488894232652
4 68 -0.3430528540814024
4 452 1.0522198654462744
4 12 0.8023070737637773
4 60 1.0036814748584169
4 5 0.4370537489833359
68 132 0.1405960898446003
68 76 -1.438921213251063
68 124 -0.6366918787728754
68 69 1.2873575147617249
452 388 -0.9667312898484494
452 460 -1.0636686839870735
452 508 0.0520571720672322
452 453 1.119152949582298
12 76 -1.2764313195367343
12 460 0.012174081666396056
12 20 -0.997545840169919
12 13 0.1968037223310998
60 52 0.28271845228560244
60 124 -0.554059493131696
60 508 0.7725604556738214
60 61 -1.7945536551663883
5 69 -0.9759487913284884
5 453 -0.6204878276386546
5 13 0.2553573737829951
5 61 -1.771824429989766
5 6 1.0929064408843934
69 133 -1.9457811647782124
69 77 -2.1133277595861664
69 125 0.2518063674253898
69 70 0.4287312379784396
453 389 1.0140757108691267
453 461 0.6623990684127172
453 509 -0.8692522259282003
453 454 -0.6962202970154722
13 77 0.1182574669788447
13 461 0.9415312342497021
13 21 -0.21366906312985537
13 14 0.028257101521182968
61 53 -0.8582890878702902
61 125 0.6859208709024974
61 509 -2.130963716273033
61 62 0.10933945279170151
6 70 -0.7390269531117829
6 454 1.018141040611458
6 14 0.9734933657032617
6 62 -1.271960750964425
6 7 -1.067637299085658
70 134 0.8790072405308311
70 78 -0.04561834447327674
70 126 -0.5588936285543464
70 71 0.5373499068936197
454 390 1.003276405580799
454 462 -0.12142946703309634
454 510 -0.5561797270324261
454 455 0.23338255915421446
14 78 0.10372909525006051
14 462 1.0228454775028877
14 22 0.20409200079138176
14 15 0.0597693818947174
62 54 0.33858776777822275
62 126 1.162804410594927
62 510 1.0501896678868563
62 63 0.13191652340640442
7 71 -0.6660656706164937
7 455 0.45222695074044433
7 15 0.765568251729051
7 63 -0.5045012276286075
71 135 0.6289398521396982
71 79 0.052211272241358325
71 127 -0.8706885305671151
71 72 -0.7019420002847782
455 391 0.25733407596692537
455 463 -0.5903374727138221
455 511 1.0475693647716542
455 456 -0.376050750499883
15 79 -1.4184439498936117
15 463 -0.21816492844333532
15 23 0.003459026140710099
15 16 1.6843363128497526
63 55 -0.6527344656262333
63 127 -1.1569869079853945
63 511 -1.0159738521007642
63 64 -0.4277383479232685
72 136 -0.704355850164273
72 80 -0.6907217549679484
72 128 -1.2939221989160943
456 392 -0.1933471942711954
456 464 0.6400269542794631
456 512 -2.0080818922463686
16 80 -2.116397149396482
16 464 -0.465951247884526
16 24 0.18748029899151675
64 56 0.4197715743220459
64 128 0.09458691128754798
64 512 -0.4669108725347579
73 137 1.4239278785527922
73 81 0.16089634860735
73 74 0.4514576283776459
73 80 1.7256401374804107
457 393 1.5904418957895883
457 465 -0.4772198712911611
457 458 -0.057070013666845575
457 464 0.4108546459198544
17 81 0.09292149459629537
17 465 -0.27864610515629373
17 25 1.372461018246379
17 18 -0.9825265938115062
17 24 2.0549191429850286
74 138 0.3539768206225105
74 82 -1.5279852736102062
74 75 -1.274744957788994
458 394 -0.9400491991145148
458 466 1.5682316168409722
458 459 0.039500519971112445
18 82 0.7253121879465726
18 466 -0.44115401103455815
18 26 0.3382680438308598
18 19 0.7598895592488794
75 139 0.3005689074060352
75 83 0.7255699527593121
75 76 1.1772502697278697
459 395 0.9619553364747055
459 467 0.30710501746725866
459 460 -0.09138607204825278
19 83 -2.3754099555693053
19 467 0.015915658160435893
19 27 0.7353992691512393
19 20 -0.34507043540412585
76 140 -0.8771579392820485
76 84 -2.3189681168499945
76 77 -0.1556666790250493
460 396 1.3851829175239583
460 468 -0.2654201627003195
460 461 0.40586744311943485
20 84 -1.1396687267988264
20 468 0.6473215957210419
20 28 1.5285543727128792
20 21 0.8604496711792589
77 141 0.02455973616598499
77 85 0.30162357567620157
77 78 0.3574218281964911
461 397 -1.6235875835775209
461 469 1.4478562789213298
461 462 1.208721833083596
21 85 -0.18149968113522294
21 469 -0.11691450179711259
21 29 -0.7820424457133563
21 22 1.19378752109286
78 142 0.6661244083253697
78 86 -1.528962007706286
78 79 -0.8700290911839804
462 398 -0.5347279774676571
462 470 -3.4570226735576277
462 463 1.2985192926030786
22 86 -0.043269105999054196
22 470 2.1707591730200106
22 30 -0.4159935992996077
22 23 0.19335630020044767
79 143 -1.1892911737828058
79 87 1.8811794730741827
79 80 -1.4308527467285672
463 399 0.18606117850991238
463 471 -1.6094089335725539
463 464 1.428346743119875
23 87 -1.568202723702155
23 471 2.1557778400731618
23 31 0.33627400773325294
23 24 -1.9708192781475973
80 144 0.5819909142817075
80 88 -0.08493947265820848
464 400 -0.9148736321550232
464 472 -0.012659779779762202
24 88 1.6968856912528305
24 472 -0.5005499295858551
24 32 -0.45533200609144053
81 145 0.34126777014239174
81 89 -1.50490189390752
81 82 1.2418704261379674
81 88 -0.17798280675519987
465 401 0.9921136412358985
465 473 -1.770083148259185
465 466 -0.8921939728977285
465 472 1.968223056354019
25 89 -0.10024887264727435
25 473 -0.6913935066419483
25 33 -0.34154929649504095
25 26 0.6714847236781258
25 32 -0.8229814518118166
82 146 -1.0400116659168916
82 90 -0.3389293621746445
82 83 -0.17411654518604797
466 402 -0.46398416351470384
466 474 1.5123840503495891
466 467 0.2588040927450738
26 90 -0.9710577332441301
26 474 -0.7305603571665931
26 34 0.5988558554975264
26 27 0.1798448263587438
83 147 -0.5398122188569315
83 91 -1.1057697208420671
83 84 -0.15921039605132564
467 403 0.9520515356196565
467 475 0.9244608714644706
467 468 0.07185230528390425
27 91 -0.7181707828614254
27 475 -0.14187312076841924
27 35 -1.3752091583243997
27 28 -1.242531785339442
84 148 -0.7554868394880676
84 92 -0.1691326586354266
84 85 -1.336496392433394
468 404 0.4613672225797441
468 476 -1.0001516081726585
468 469 0.41462422674279464
28 92 -0.4594685089950945
28 476 -0.5569966722757762
28 36 -1.0970373914250602
28 29 1.724849261758943
85 149 0.41640349050053815
85 93 -0.4324022925459916
85 86 -0.7807082586642186
469 405 0.8008773945841609
469 477 1.0946288166192415
469 470 0.13661318906544626
29 93 -0.7924269282052706
29 477 -1.8490609646296052
29 37 -0.20129868025113526
29 30 -2.1212434477681605
86 150 -0.21640543386396568
86 94 -0.564697172383487
86 87 0.174836995088672
470 406 0.29368412457759563
470 478 0.12455476204876322
470 471 0.1581333298648114
30 94 -1.7654291636763386
30 478 -1.674869235670867
30 38 0.6806344379332415
30 31 -0.12996308342030471
87 151 0.3448363869587375
87 95 0.9511249883971311
87 88 0.855234088459877
471 407 0.058710075402202834
471 479 -1.1779706027919872
471 472 0.7309615655281567
31 95 1.0080846242507127
31 479 0.4615547393212959
31 39 0.4540005596375167
31 32 0.7089783807363207
88 152 1.8158289512402355
88 96 0.3802183132708326
472 408 -0.4589257275463105
472 480 0.40009053840275877
32 96 0.7620925389197706
32 480 0.3904679353938901
32 40 -0.43259203630730336
89 153 -0.4090730479498378
89 97 -0.6245931445252346
89 90 0.9436654774661861
89 96 -0.8303836776414972
473 409 0.3881051952531491
473 481 -0.27767451216759587
473 474 -0.6570227303600442
473 480 -0.3293830519660437
33 97 0.7442058132537981
33 481 -2.6748040834789335
33 41 0.6461747328024383
33 34 0.9971933059219976
33 40 -1.5015640390796794
90 154 -0.3124739080622456
90 98 -1.3937378572162522
90 91 -1.097568485379118
474 410 -0.5747056287867452
474 482 -0.5272821457212437
474 475 0.4935201252092997
34 98 0.19281552392788384
34 482 0.5646535283397744
34 42 -1.60521296482607
34 35 0.3186961218359363
91 155 0.8531878635295639
91 99 -1.4210249757089055
91 92 0.9915239153244667
475 411 0.479585929095095
475 483 -1.9317039538959
475 476 0.8093892472243647
35 99 -1.9534776784498935
35 483 -0.7661177610315826
35 43 -1.692564455959011
35 36 1.4872727876163645
92 156 1.8118938672954343
92 100 0.38752826093144654
92 93 -0.33205253591570605
476 412 0.10265406347258825
476 484 -0.6278580666579241
476 477 0.16666989060122078
36 100 -1.0146982304508312
36 484 -0.173462444258589
36 44 0.47986044601427275
36 37 -0.15098068192780584
93 157 1.8832164083578142
93 101 0.12578799860256307
93 94 0.8705055222125171
477 413 1.0500393297303416
477 485 -0.8355809599255495
477 478 0.8659906602504286
37 101 -0.6226163950943491
37 485 -1.1743433073642673
37 45 -0.06630442712214528
37 38 -1.1695308404439155
94 158 0.9818468713073538
94 102 -0.1207354182163424
94 95 -0.19574183879911197
478 414 -1.0052656839087628
478 486 -1.4082086005975893
478 479 0.6824893270100885
38 102 -0.4236647669822603
38 486 -0.2369217337298804
38 46 -2.774498677873883
38 39 1.622773566847556
95 159 -1.944947802105178
95 103 0.14093829362446061
95 96 -1.335325066337842
479 415 -1.338988408137111
479 487 -1.1116144299022253
479 480 -1.545213714297275
39 103 -1.282549379452499
39 487 -0.800965519593913
39 47 0.11789902620045917
39 40 -1.3173919609667695
96 160 0.1746755049994597
96 104 -1.015061236916661
480 416 0.37457905494579125
480 488 -0.1362185100987327
40 104 0.9416639169415474
40 488 -0.28521119350550683
40 48 0.17577061962160154
97 161 -0.02792093169031461
97 105 1.192806104886321
97 98 0.4695717359096722
97 104 0.0661280589341628
481 417 -0.7687689122044117
481 489 -0.12798848015284445
481 482 -0.9384055691933034
481 488 0.848729132213435
41 105 -0.5254429668982213
41 489 1.1004543414894772
41 49 0.30031253487458265
41 42 -0.753420799161731
41 48 -0.3890010374252357
98 162 -1.310535396062962
98 106 0.7895542213565929
98 99 -1.116621714950826
482 418 -1.1427565077911903
482 490 1.141631918404545
482 483 -0.6221886407765498
42 106 -0.4743322788658361
42 490 0.4458262361732508
42 50 -0.7896393531451031
42 43 0.309883631726369
99 163 0.09902161840803754
99 107 -0.9589646296600525
99 100 0.14319199049809123
483 419 0.07669116174265124
483 491 -1.0632323411338416
483 484 0.6400954653979581
43 107 -0.35147082236336097
43 491 1.2567732757040027
43 51 0.21337342493291184
43 44 0.9706462165353268
100 164 0.4310485224446259
100 108 -0.5876688058720603
100 101 -1.0886609919150119
484 420 0.2087349537398765
484 492 0.39469190111909713
484 485 0.40677072997119984
44 108 -0.779636441981898
44 492 0.9906779119225665
44 52 -0.8679255984290982
44 45 -0.011039747523876424
101 165 -2.471665072167064
101 109 -0.909114024804063
101 102 -0.39958303785903476
485 421 1.0496350373593535
485 493 0.710841510625601
485 486 1.2107464663344163
45 109 0.7139919176307706
45 493 -0.041554719501016045
45 53 0.6923488065269257
45 46 0.8424069356944305
102 166 0.2719149556345845
102 110 0.14022957461950403
102 103 0.18953122736096362
486 422 -0.5206137747348681
486 494 0.044466375158314454
486 487 -0.7165885911253206
46 110 0.5902692953001737
46 494 -0.5268287091952537
46 54 -1.3584527772872017
46 47 -0.8113155875044515
103 167 -0.8614596122954797
103 111 0.11148605380162109
103 104 -1.9953602388005578
487 423 0.784600707565377
487 495 0.2779053877680964
487 488 1.0010368972607224
47 111 0.8042104597762939
47 495 1.5409518461006395
47 55 -0.4195434200101485
47 48 0.4547133975912345
104 168 -0.17531474499500344
104 112 0.2259349419445815
488 424 -1.5010509129083829
488 496 0.6455248291125019
48 112 0.6742114745700696
48 496 -0.27696073928816267
48 56 0.44566575800769676
105 169 -1.2118285228726275
105 113 -0.14139086060820324
105 106 1.8788627642508764
105 112 1.096001263871777
489 425 1.7831890977289524
489 497 -2.9079334459308708
489 490 -0.5038865717094406
489 496 0.18265256156089918
49 113 -1.686618166378952
49 497 1.2287278249872
49 50 -0.20771633529093594
49 56 0.5708772501212518
106 170 -0.1584638110261684
106 114 0.025720591731246467
106 107 -1.4771218856174324
490 426 -0.8700448692373164
490 498 -2.3256564613796575
490 491 -0.3934972655438461
50 114 0.19441453915582713
50 498 0.4105379120374058
50 51 -0.1736606321532676
107 171 -1.256707548618158
107 115 1.5238869140411897
107 108 -1.024363308311816
491 427 0.14885565730046318
491 499 1.0530434397083004
491 492 -0.8263903591903391
51 115 -0.3828369211923858
51 499 0.9920284643775737
51 52 0.12779509466667524
108 172 0.5663427222160146
108 116 -1.9689782179141555
108 109 0.9276390366101356
492 428 0.19655045761590195
492 500 0.7978261127619789
492 493 -0.6230227035932616
52 116 -0.21813146144721596
52 500 1.608243120879972
52 53 1.238145668829144
109 173 -1.065233420986853
109 117 -1.6655061405028817
109 110 -0.19449101690678716
493 429 0.8887010872605449
493 501 -0.4746528865335887
493 494 -0.4739805381783238
53 117 -0.32019387037106006
53 501 0.8063609007567069
53 54 0.7175402625246846
110 174 -1.3218010653136951
110 118 -0.7212111638027934
110 111 0.5298443214352608
494 430 -0.9073065588119705
494 502 0.4641647017551549
494 495 0.571725148821515
54 118 0.07726148696830502
54 502 0.7806850610268564
54 55 0.655195000370636
111 175 0.9743556275172124
111 119 0.8656953529017654
111 112 0.5807960511436087
495 431 -0.27072206035003504
495 503 -1.2900271883708274
495 496 -1.2067319774665763
55 119 0.43182977911155446
55 503 0.16651806185199827
55 56 -0.42703112732911513
112 176 -0.7025748285903642
112 120 0.688601668062412
496 432 1.6537365127323864
496 504 0.23926891378443835
56 120 1.414223693950254
56 504 -0.25735549319819523
113 177 -0.4012107719660123
113 121 -0.5202195459757843
113 114 -0.29717303157015434
113 120 0.9023818178302099
497 433 -0.318619597372744
497 505 -1.2399277168170106
497 498 -0.4811537210119214
497 504 -0.8974208642635648
114 178 0.38748066233492506
114 122 -0.20298368626530294
114 115 0.3032428845792197
498 434 -1.249624837350573
498 506 -0.30738880932531476
498 499 1.5210568052886078
115 179 0.26871225431512574
115 123 -0.7316251140833666
115 116 -1.8453342354074147
499 435 -0.5901456267321656
499 507 0.6850270018224965
499 500 1.1730727452019916
116 180 0.10877620703559475
116 124 -1.1417400759701366
116 117 -1.669398727563641
500 436 0.8299845106380195
500 508 0.6347029604772234
500 501 -0.8620415093076722
117 181 -1.1360427835383375
117 125 0.730771127090092
117 118 -2.1191172910445224
501 437 1.8545862034822238
501 509 0.36748465518678736
501 502 -0.9083230819106484
118 182 -0.5313556992141872
118 126 -0.4603405676382646
118 119 -0.277272987216537
502 438 0.27014165025536724
502 510 0.49098558174918333
502 503 -1.971182658133029
119 183 0.29733722808529556
119 127 1.9658096355931318
119 120 -0.6602571461834672
503 439 0.03643789077172296
503 511 -0.2347663159785027
503 504 0.8844775736145601
120 184 -0.5834452482720253
120 128 -0.7234480117021437
504 440 0.6571164421532898
504 512 -1.1264961185547104
121 185 -2.1115354038142233
121 122 -0.6443383152841862
121 128 0.3120696625826949
505 441 -0.13275010553350708
505 506 -0.2501568008756032
505 512 -0.9491815811597564
122 186 1.0410071934221121
122 123 2.054403955337298
506 442 1.85177113240686
506 507 1.2375634635599542
123 187 -0.15274280152765315
123 124 0.25635715343039367
507 443 -0.47724321227806304
507 508 0.5497733968904618
124 188 0.48558861487032834
124 125 1.0853825387185136
508 444 0.17822718572666435
508 509 1.1398033302335457
125 189 -0.5716411614317346
125 126 1.4626114684109897
509 445 -0.8730705622780474
509 510 0.3498399001030336
126 190 -1.732249405094619
126 127 -1.0083257737291718
510 446 0.09565262030068929
510 511 0.07610511620855791
127 191 -0.7480803167631617
127 128 1.0197523197501719
511 447 0.6637840594515882
511 512 -1.3664470483414901
128 192 1.523581793666874
512 448 -0.8596140178457663
129 193 3.163934479853968
129 137 0.24206334014246822
129 185 -1.4024028772468173
129 130 1.822096036406121
129 136 0.3456219819747997
130 194 -0.18480111800000826
130 138 -0.10841036539372641
130 186 0.5859436067939782
130 131 0.025783529589933185
131 195 -0.6774573485546225
131 139 -0.01732864054226403
131 187 -0.6038416104580219
131 132 -0.9422629825692381
132 196 -0.9904206266708846
132 140 -1.8422894989936038
132 188 0.07812183110328011
132 133 0.07824225453624037
133 197 1.5918104120537155
133 141 -0.016588191849116023
133 189 -1.2868204609772191
133 134 0.17128030002945116
134 198 0.4953551502083755
134 142 0.9453289213921177
134 190 -1.071858412515502
134 135 2.2147510942555253
135 199 -1.000217793083567
135 143 -0.8138414535023375
135 191 0.354614283041511
135 136 0.01679784051990634
136 200 1.0742299125066035
136 144 -0.851287361157827
136 192 0.9204160761907141
137 201 1.1345047504535895
137 145 0.6846958517368186
137 138 0.19609996372499103
137 144 -0.027626300198104695
138 202 1.2904528805494562
138 146 -1.3737791699212218
138 139 0.4351256145372091
139 203 -1.3593805847356417
139 147 -0.4832326613187944
139 140 -0.4320460986667261
140 204 1.1731793580240715
140 148 0.23989771800177598
140 141 0.44744912631134076
141 205 -0.7551060463566919
141 149 0.3448922484253549
141 142 -0.7833566216190896
142 206 0.10772808299331657
142 150 -0.8880686013015161
142 143 0.5541577272569895
143 207 0.8236826915950782
143 151 -0.001872654173383538
143 144 -0.5313558787586645
144 208 -1.862842975605033
144 152 -1.4749804657047452
145 209 0.8269800765515605
145 153 -0.30914047114654153
145 146 -1.4312551839457752
145 152 0.7613715290319979
146 210 0.353028224203189
146 154 -0.8422099845723902
146 147 -1.2270100821379595
147 211 -1.0679181263225017
147 155 0.8570061851040675
147 148 -0.6012908371258261
148 212 0.41687599969685535
148 156 -1.8611394090115734
148 149 -0.9670664869047759
149 213 0.20236248705039386
149 157 -0.0224959158924115
149 150 -2.6936636799778713
150 214 0.8357239548546708
150 158 1.0123601756806078
150 151 1.839379247981085
151 215 -0.12368774204151278
151 159 -0.283740537721572
151 152 1.531538918838777
152 216 -0.9560287845883416
152 160 1.9295363565847983
153 217 -0.20334447560792998
153 161 0.017276271254926753
153 154 -0.5077013678831392
153 160 -0.5217344883096364
154 218 0.17957672367439023
154 162 -0.707116267646258
154 155 -1.2024287549169108
155 219 0.12467906241107131
155 163 -1.6952111768444575
155 156 0.29991826965925594
156 220 -0.883658258664055
156 164 2.534863049819352
156 157 0.4596802000674787
157 221 -0.9287491229733567
157 165 1.4355878758740086
157 158 -0.8244317843278451
158 222 0.3096577682606103
158 166 0.37116371006837207
158 159 0.460258464080012
159 223 0.9377584001069202
159 167 0.08769722113088183
159 160 -0.37187728294479017
160 224 0.4184776315411577
160 168 -0.6762000659804487
161 225 -0.5923455280234309
161 169 0.5630455380513036
161 162 -0.5045483269121088
161 168 -0.678669051542199
162 226 -0.3553041548081663
162 170 0.7102573949813196
162 163 0.3688395651886053
163 227 -1.899519558039058
163 171 -0.5758870869928351
163 164 1.7379981117259449
164 228 0.5875719410184223
164 172 -1.6997695912730404
164 165 1.026176805250114
165 229 0.32865457748317667
165 173 -0.01999546075475689
165 166 2.9835706363946186
166 230 0.41660819875458205
166 174 0.6498083115266964
166 167 1.1922503532083752
167 231 -0.0457427348897974
167 175 -0.13896522326180671
167 168 -0.5446755584460755
168 232 2.1291921184864564
168 176 -0.2564369528890114
169 233 -1.1823466731235577
169 177 -0.24143810766248494
169 170 -0.7996645990045258
169 176 -0.9625042772349566
170 234 0.9272587601934406
170 178 0.8931986527628217
170 171 1.065899548023636
171 235 -1.2788956186579281
171 179 1.2524235045237466
171 172 -0.04753601200798571
172 236 -0.12446890038430056
172 180 1.621961388567491
172 173 -0.9895285624779386
173 237 -0.4768573451049172
173 181 -0.575135415996801
173 174 0.1881405107809051
174 238 0.5169326969114958
174 182 -1.9509663922678535
174 175 0.07251639997411354
175 239 -0.1249646529322583
175 183 0.09355794856399594
175 176 0.6243701711026677
176 240 0.8111580535746579
176 184 0.4949500259836158
177 241 -2.2849862230933953
177 185 2.7392641382689984
177 178 -0.6011067139086216
177 184 -0.16503931324777354
178 242 0.2404133063642901
178 186 0.6120092382049063
178 179 -0.20813317669766723
179 243 -1.8968180064476432
179 187 0.358871133835266
179 180 -0.021939331623897777
180 244 -2.212172467540254
180 188 0.33684610194996495
180 181 -0.2484779262945611
181 245 -0.17829717062755202
181 189 -0.9819651062705255
181 182 -0.913900838928355
182 246 -0.07025145252099672
182 190 -0.3850186537105804
182 183 -0.42682079067050194
183 247 0.06909774708625313
183 191 -0.267680675626137
183 184 0.5794409382391341
184 248 0.41617818998671946
184 192 0.6252841848334656
185 249 -1.3250422714466716
185 186 0.0755718479162528
185 192 1.8136386534874471
186 250 -0.022542654588161196
186 187 -0.6861921874747944
187 251 -0.6739300231028841
187 188 -0.22958963906657442
188 252 0.7920568862945544
188 189 -0.11928846098691602
189 253 -1.9996698150892591
189 190 -0.6759034857218323
190 254 1.4922873180851306
190 191 0.4933057572553154
191 255 -0.032541830567428924
191 192 0.4497206829641577
192 256 0.30166616996489337
193 257 -0.0706438866086992
193 201 -1.2032683858221525
193 249 0.6679011224757081
193 194 0.11746626214943033
193 200 -0.21607127119549874
194 258 0.2678625053800382
194 202 -0.8589558373126728
194 250 0.3866551265525738
194 195 -0.11515299016596321
195 259 0.682412082512189
195 203 1.865609961950908
195 251 0.049960108421132146
195 196 -0.9600217154036106
196 260 -0.5805115737155847
196 204 0.2929776544002676
196 252 -0.832215408966085
196 197 -0.8818787543065746
197 261 -0.5792695240147057
197 205 -0.6685242435878047
197 253 0.951283156751354
197 198 0.9535165961170174
198 262 0.9983575809510291
198 206 0.022608130302866597
198 254 0.9468273114990323
198 199 -0.09386599043549868
199 263 0.14771748936979298
199 207 1.6522923813151993
199 255 -0.7999871742433834
199 200 -0.6921353698552419
200 264 0.3781508996488569
200 208 0.2788976399709391
200 256 0.7884192100999745
201 265 -0.5489112983397686
201 209 0.7562295440679575
201 202 -0.5971652202272616
201 208 -0.11156505401983957
202 266 1.3292949477922584
202 210 0.6878491056418157
202 203 -0.8171976385105938
203 267 0.007455505637049158
203 211 -0.969696542340861
203 204 0.9013927592975152
204 268 0.31091032678232505
204 212 -1.4789107815042646
204 205 0.17032538752517015
205 269 0.16531745217250335
205 213 -0.2578483281149799
205 206 -1.5591210464801706
206 270 -0.5629680877639693
206 214 -1.3347583067280866
206 207 1.411613759572628
207 271 0.7547067664171487
207 215 0.5374985120646242
207 208 1.7583635331727419
208 272 -0.2916659362679304
208 216 0.9885400011965415
209 273 -2.444811479321265
209 217 1.0892079246816662
209 210 -0.14991555106517718
209 216 -0.44178733186468067
210 274 0.14826221493553388
210 218 -0.033120922188618125
210 211 0.7440578163504468
211 275 0.5240556953250322
211 219 0.8927815632716305
211 212 -1.0573204272564047
212 276 -0.8085913893939608
212 220 -1.287486116251472
212 213 -0.6161408820959697
213 277 -0.5176559318607301
213 221 1.1539999288322706
213 214 1.8536595977952166
214 278 -1.405769836061601
214 222 0.7626098556898484
214 215 1.300272763680946
215 279 0.7535717273983791
215 223 -0.916141983821558
215 216 -1.3910839391593128
216 280 1.0786971191452064
216 224 -0.2670598294484415
217 281 0.14900110302100647
217 225 -1.1989697524542051
217 218 1.4070360530957757
217 224 1.0327026780596522
218 282 -0.6549385063282877
218 226 -0.5523100090691048
218 219 1.4930468257299312
219 283 0.3308430574961677
219 227 0.20904669757389688
219 220 0.6928183744113819
220 284 0.5655906383308192
220 228 1.2615225495429838
220 221 1.397118791776715
221 285 1.0333952694355601
221 229 0.5844001877519768
221 222 0.25899948090283087
222 286 0.6177856176718453
222 230 0.5786406939741066
222 223 -0.06678654543424437
223 287 0.34659065200787015
223 231 0.45826698222526635
223 224 1.143564940212954
224 288 0.007360447719460238
224 232 1.2212689332323725
225 289 0.3060085778618451
225 233 -0.29100781101224465
225 226 -2.1792825348057003
225 232 0.8799916945170522
226 290 -0.3383937144290381
226 234 -0.809198459642467
226 227 -0.8539834744148603
227 291 -1.0959492158557775
227 235 1.5387277810208262
227 228 -1.315797381221821
228 292 -0.27085844429794126
228 236 0.0011976375844473769
228 229 0.17080624578973674
229 293 -0.9022544661178715
229 237 2.064534131420162
229 230 -0.5776059128753388
230 294 -0.24595415620288827
230 238 -2.1540921334892458
230 231 0.12513533925884712
231 295 -0.7062534846199944
231 239 0.3189736625635999
231 232 -0.1542284330226891
232 296 0.7214597181835304
232 240 0.11349833489236201
233 297 -0.3542803005991234
233 241 2.7774623476477167
233 234 -0.23454232933575317
233 240 0.9880583529749557
234 298 -1.953490474971707
234 242 0.5297234461513038
234 235 -0.08400048702703526
235 299 -2.6807904257635458
235 243 -0.4824334339095282
235 236 -0.24037030684010113
236 300 0.392630696554502
236 244 0.6264842314916937
236 237 1.1585790054789251
237 301 0.8269532369668721
237 245 -0.6160565628271352
237 238 -0.5840656126882813
238 302 1.2458755636434633
238 246 -0.7391992173281969
238 239 -0.2328514190453344
239 303 0.345620926694152
239 247 1.6729013860054183
239 240 -1.4457799491472747
240 304 0.08208825152247828
240 248 -1.23436431185652
241 305 0.07922810085235127
241 249 -0.14468346277030328
241 242 0.10778318208256575
241 248 -1.516431490322832
242 306 1.0021081417926327
242 250 -0.3688275275905368
242 243 -1.9072634312358776
243 307 0.9484438214425333
243 251 0.06022156649448267
243 244 -0.21733936217536268
244 308 -0.03484614525759078
244 252 -0.1783076639952687
244 245 1.2671557453228879
245 309 -0.8799589608051255
245 253 1.0807887938045797
245 246 0.9608707909183141
246 310 0.3739358076741395
246 254 -0.5234843713169932
246 247 -0.25945337916616873
247 311 -0.19171909254434458
247 255 0.35959594882061335
247 248 1.0538999515909795
248 312 1.6831514199983506
248 256 -1.1035574156919759
249 313 0.4664262858123921
249 250 1.966243106586907
249 256 -1.195661014445333
250 314 1.8788837010632247
250 251 -0.5995151417077531
251 315 0.8576696875947409
251 252 -0.8292110676442123
252 316 -0.6196054836927156
252 253 -0.22259679814844008
253 317 -1.3453888430535754
253 254 1.129846553240341
254 318 -0.6117616820857191
254 255 -0.12152448576594575
255 319 0.16736227975099108
255 256 2.6769943952370436
256 320 0.19868901183188267
257 321 -0.616305196622659
257 265 -0.8054508999658205
257 313 1.1091996421526138
257 258 0.9408101571094883
257 264 0.6058021495438584
258 322 -0.07634961799338007
258 266 1.7234109473936856
258 314 -0.25367566626896454
258 259 0.9953689349630231
259 323 0.05332148356654251
259 267 1.04964417139498
259 315 0.30541959325178214
259 260 -0.3177387981921103
260 324 -0.8445535190866789
260 268 -1.3239876480620911
260 316 -0.6010221380757104
260 261 0.825821898494402
261 325 -0.6068839125044716
261 269 -1.5356836107558507
261 317 -0.5901787711173556
261 262 0.14407060305092023
262 326 0.06870544083111035
262 270 0.539870235411022
262 318 1.3005703737577337
262 263 -1.219803283234393
263 327 0.22407848173323067
263 271 -0.27891841654438015
263 319 -1.4336674247828842
263 264 1.1495556297534233
264 328 0.238373388263645
264 272 -0.07591949667489366
264 320 1.6421762302670415
265 329 0.7025391804700569
265 273 -0.11553002009424505
265 266 0.23446819726763646
265 272 -0.4620428414131068
266 330 -1.9528260092782306
266 274 0.41285903987434847
266 267 0.504882779754862
267 331 -0.4000768028178003
267 275 0.6118806624280165
267 268 0.23483617763266595
268 332 0.7494550794320589
268 276 -1.179367396420736
268 269 -0.4058692996214714
269 333 -1.2634228700439472
269 277 -2.7046358841986358
269 270 -0.3362688825055415
270 334 -0.7104739934107276
270 278 2.144554946900513
270 271 2.2366825094845404
271 335 0.630905735826562
271 279 -0.46873707258984404
271 272 0.40833436926446365
272 336 0.18864972830175772
272 280 -0.20256442948334794
273 337 0.09775229452688437
273 281 -1.2675585986614448
273 274 -1.1211271532275398
273 280 -0.005659355407073728
274 338 0.7651174800013394
274 282 0.19790973194518777
274 275 1.0119961446275023
275 339 1.0190640356977863
275 283 0.5930552790693497
275 276 1.101615308077592
276 340 0.09451150296322483
276 284 -0.9447903729409255
276 277 0.5434790819196764
277 341 -0.551105225175108
277 285 -0.822483320803753
277 278 1.0438507914453425
278 342 -2.0764214425763816
278 286 -1.9966617003042697
278 279 -0.06172869138913015
279 343 1.0613785604364223
279 287 0.02357593994035247
279 280 0.06132537624577725
280 344 -0.5028568290070308
280 288 0.5065985432232153
281 345 -1.0622892955712897
281 289 -2.352550051318101
281 282 0.33701896993597696
281 288 -0.3345201836391199
282 346 2.8583468818111237
282 290 -0.38037536472499206
282 283 -0.8076107012819158
283 347 -1.2003461097725068
283 291 -2.1166126621384773
283 284 -1.2064932398000725
284 348 -1.2268627758301562
284 292 0.5679135161768946
284 285 1.563487211356183
285 349 0.3887517774104727
285 293 0.5875869577451572
285 286 -0.7231212897803736
286 350 -0.2518267437782292
286 294 -0.19110077231043482
286 287 1.605138963969541
287 351 -1.319713498935848
287 295 0.7249779188756418
287 288 -1.314889302594543
288 352 1.5042386715007487
288 296 -1.272805186048908
289 353 -0.24378683913696017
289 297 0.395863585370946
289 290 0.2628424119155828
289 296 1.725007359329632
290 354 0.41171420109203394
290 298 1.1330120255973823
290 291 0.4553667536740115
291 355 0.22508397956027887
291 299 0.9480514953632824
291 292 -0.247651316057944
292 356 -1.4959817716796715
292 300 -1.926586598253994
292 293 0.820659952564277
293 357 -0.37651801882768554
293 301 1.3762657179393596
293 294 0.8394691860961999
294 358 1.074113921305937
294 302 -0.08756917155038092
294 295 1.4567423201189622
295 359 -1.6470646270160538
295 303 -0.4160321680407953
295 296 -0.9936582021748712
296 360 -0.3430297479107496
296 304 0.40241844953363504
297 361 1.8115237673144553
297 305 1.6966015215920434
297 298 0.6254597178208212
297 304 0.9376028206672744
298 362 0.02467517746854013
298 306 -0.10792276443894767
298 299 -1.2520866247758318
299 363 0.28259751178179526
299 307 0.1493109848248697
299 300 0.8314210385073499
300 364 0.13336748763969705
300 308 -0.1797161562406543
300 301 1.477394344964757
301 365 0.015071116645132243
301 309 -0.26543728287947754
301 302 -0.2143893236349855
302 366 -0.09377327128474543
302 310 -0.9513137881445182
302 303 -0.6385773519791492
303 367 1.8102185960758823
303 311 -2.7444531270645482
303 304 -0.3361709522657736
304 368 -0.045497117881274196
304 312 -1.809010173595975
305 369 -1.142441832869747
305 313 2.5655994734061403
305 306 -0.502850508912005
305 312 0.7000124906566694
306 370 0.402811932301486
306 314 -0.6967196005502003
306 307 -0.7756686544397936
307 371 0.9184667243694338
307 315 1.1303879227150895
307 308 1.3634932250427103
308 372 -0.558333532561356
308 316 -0.5880152412051985
308 309 0.7939022337061843
309 373 1.13764501929737
309 317 1.1888372051104226
309 310 -1.2736656975222769
310 374 -0.24853724313686906
310 318 1.7206854223830121
310 311 -1.1039546495734425
311 375 -0.27136219476359946
311 319 0.8178918109219413
311 312 -0.3894452387498268
312 376 -2.047380779846856
312 320 0.616063692889506
313 377 -0.9036278427433044
313 314 0.518560549592816
313 320 -0.4530481763052619
314 378 0.7880535384149578
314 315 1.0251356021320508
315 379 -0.5787773882400412
315 316 1.2215560639960092
316 380 -0.6999682683500545
316 317 1.357149431389208
317 381 0.5577427690362058
317 318 0.12949255201067592
318 382 0.1282204993374464
318 319 -0.4649708484123417
319 383 0.624264416682472
319 320 -0.10526748373962058
320 384 1.7239518561562
321 385 0.4376589980197761
321 329 -1.4905624590949071
321 377 0.7266538286726042
321 322 -0.5684990679040577
321 328 1.3193693791825052
322 386 -0.6490469486519841
322 330 0.5301974454812314
322 378 0.34979874149807916
322 323 -0.7556525792260572
323 387 -0.3075861935053991
323 331 1.2547686050950764
323 379 -1.7280413968042965
323 324 0.9095567803776256
324 388 -0.27162693951025996
324 332 -0.35598118112870847
324 380 -1.4854194382509098
324 325 1.4254669699612443
325 389 0.28703395681906135
325 333 -0.9366775874123274
325 381 0.21426920022285453
325 326 0.2639205420672497
326 390 -3.8221474911073994
326 334 -0.8432540772163033
326 382 2.143697094001159
326 327 -0.12774159806673252
327 391 0.6099809986371063
327 335 0.14107656182801898
327 383 -0.039715103124278915
327 328 0.16142878786579995
328 392 -1.2890781083631822
328 336 -1.7284571074653834
328 384 1.125861477461186
329 393 0.6384815568147181
329 337 1.2124185012434563
329 330 0.5666956480770982
329 336 -1.0638130559719763
330 394 -3.5856899529007555
330 338 0.7679254077505779
330 331 -0.5878241232718641
331 395 -1.3948104310718537
331 339 0.33353445418515015
331 332 0.3625856876264139
332 396 0.6719273032808375
332 340 -0.32060988216915376
332 333 -0.5503625242219157
333 397 -1.2850164074087251
333 341 -0.7244054892539177
333 334 0.578207867586887
334 398 -1.5401250809229783
334 342 0.013652560725155492
334 335 0.434835337946806
335 399 0.5521660992834426
335 343 -0.44173778774486744
335 336 1.6250905655282986
336 400 -1.061899710043402
336 344 -0.8340338378070474
337 401 0.9689480353832396
337 345 -1.2261781473063138
337 338 -0.029510119528457855
337 344 -0.41956844356950546
338 402 0.07425651190513831
338 346 0.14254859320966975
338 339 -1.4632970878362737
339 403 -0.717567410101056
339 347 -0.49078084696981417
339 340 -1.167999668349919
340 404 0.9590972558791143
340 348 -1.315552185071743
340 341 -1.5930916417860332
341 405 -0.6168970983906598
341 349 -2.6771286240960857
341 342 1.1739410424592216
342 406 -0.6652432612333132
342 350 0.7847084960583073
342 343 0.8684156926604322
343 407 0.7528202087120084
343 351 -0.2822735227116041
343 344 -0.08515332015194811
344 408 -0.8354979815633298
344 352 0.27776863122558443
345 409 -0.9548128380677281
345 353 0.07985279519436635
345 346 -0.6976594814093104
345 352 -0.6039609946089411
346 410 0.0017367992928217825
346 354 1.806203794248305
346 347 -1.636002144586926
347 411 -1.2607402526528082
347 355 1.1600066911564917
347 348 -1.4534237588337027
348 412 0.32629804092129366
348 356 -0.4762433637726419
348 349 1.114360196895427
349 413 -0.00280560919034742
349 357 -0.660680214720569
349 350 -0.5874424024519944
350 414 -1.1403113016526256
350 358 -0.1572932057445768
350 351 1.2227469088914735
351 415 0.7710392059973095
351 359 1.1056519245825076
351 352 -0.28518048700820336
352 416 -0.20964458022174784
352 360 -1.7162253632424005
353 417 0.2890269825917785
353 361 0.3573340690703706
353 354 -0.2919147412791239
353 360 -0.11112157208810325
354 418 -0.7363872648941198
354 362 0.4785229133607093
354 355 0.3848233467172715
355 419 -0.22694595216366323
355 363 -0.12622812229622024
355 356 0.01750431038047176
356 420 0.40043283173979616
356 364 0.918859950807425
356 357 -0.6888784804589099
357 421 -0.9562582449345316
357 365 0.4112078615665908
357 358 -1.920355867968898
358 422 -0.3159666835743419
358 366 0.7707108811462104
358 359 -0.4319642059366369
359 423 -0.9477111932410566
359 367 1.1036083859934558
359 360 -0.7350942636507495
360 424 -0.14870004519971297
360 368 0.41586542646885605
361 425 0.014693535505815314
361 369 -0.7549596445130216
361 362 0.5716542736123534
361 368 -0.9871778385535467
362 426 -0.24826116464322898
362 370 0.10610718609817907
362 363 -0.012807208992870616
363 427 -1.3028872230828688
363 371 -2.1107961888148066
363 364 1.2362798793420728
364 428 -0.9850686728328127
364 372 1.4765462076316527
364 365 -1.595390806413
365 429 0.28623800112980635
365 373 0.37132455517848373
365 366 -1.7910600016125164
366 430 2.1928703645620904
366 374 -1.1007975379304777
366 367 -0.19613815979017024
367 431 -0.6978536568212655
367 375 -0.252610101911617
367 368 -0.30442472551857125
368 432 0.33397791484153755
368 376 1.1508250479299273
369 433 0.5329214608747543
369 377 -2.5455443980176247
369 370 -0.5629100830136122
369 376 0.406644350400296
370 434 0.5992617782794203
370 378 -1.6315518526281425
370 371 -0.8651913595194325
371 435 -0.49738172035321576
371 379 -0.02236540908555508
371 372 -0.2985119985149087
372 436 0.48839727663752586
372 380 1.570114399921515
372 373 0.04639727079403141
373 437 -0.08133915907534785
373 381 0.26904764171906126
373 374 1.3106197115255964
374 438 -1.1936487096510873
374 382 -0.9362862543519501
374 375 -0.21377200034696175
375 439 0.18309308403008356
375 383 -0.2026205449044511
375 376 -0.45348629806684315
376 440 0.054284934899432744
376 384 -2.25924621956137
377 441 1.9906442969291112
377 378 0.9496253591381956
377 384 0.8905295530295423
378 442 1.0236590039244784
378 379 -0.05765180844012416
379 443 -0.884194759975523
379 380 0.5056689391484863
380 444 0.3480254183793837
380 381 -1.7972238428548661
381 445 -1.1538152421505874
381 382 -0.8766270884442915
382 446 0.21232899244529255
382 383 -2.406363027528747
383 447 1.1687527558334943
383 384 0.7051192491238013
384 448 0.8473890130669869
385 393 0.027255566129738965
385 441 1.1100688201613744
385 386 0.03461434863513457
385 392 -0.7609838311289141
386 394 0.8120193895183624
386 442 -1.021251401399252
386 387 -1.188568631535711
387 395 0.7052455951302632
387 443 1.1327333981573835
387 388 1.3004868038140867
388 396 0.6207577834319749
388 444 -0.4951966597343134
388 389 1.9946045587564385
389 397 0.9708179690175153
389 445 1.3337379661854616
389 390 -1.638944503302057
390 398 -0.47729437787388185
390 446 0.3410292198972341
390 391 0.13739281242921256
391 399 0.053857913061879946
391 447 0.6404017672523988
391 392 -1.2991549077701634
392 400 1.8871014388050562
392 448 -0.5069555247834823
393 401 0.33203862244225474
393 394 2.015238403517341
393 400 0.10306811822314627
394 402 0.4955730607757379
394 395 1.7714807277682545
395 403 -1.0134223614205256
395 396 0.27158555202563944
396 404 -0.08609026286113658
396 397 -0.11617092343847966
397 405 0.08680382189168136
397 398 -0.059193535682299805
398 406 0.6405987904770764
398 399 0.1911852066789855
399 407 -0.08689651360174036
399 400 1.6404957085426082
400 408 -1.5220212146911711
401 409 0.09320907468864534
401 402 0.05673627405975879
401 408 -0.14298415837002632
402 410 1.093778024301119
402 403 0.09129221136456396
403 411 -1.8225776529226079
403 404 -0.9403696021657706
404 412 0.5610624845197427
404 405 -0.29532251694110434
405 413 0.1566740619107646
405 406 -0.5589077930530292
406 414 -0.414518345717879
406 407 -0.43893123075172175
407 415 1.358300217555986
407 408 -1.589251570830598
408 416 -0.2821815514897552
409 417 2.4724053820533194
409 410 1.5719986666396104
409 416 -0.9853700067142354
410 418 0.29986605690289814
410 411 0.9398769721087246
411 419 -1.0622048716438244
411 412 1.4329013089031573
412 420 -0.8373247891255003
412 413 1.0826311098460055
413 421 1.065587097858954
413 414 0.10848861100858272
414 422 -1.9648822570255442
414 415 0.3023680240157124
415 423 -0.46077472796180685
415 416 2.033464627775233
416 424 0.39659960377864
417 425 -0.3842787405568529
417 418 -2.340998032971753
417 424 1.0603964303656117
418 426 0.28724172022621625
418 419 -0.2586425856870391
419 427 -1.132214215050015
419 420 0.810869736791549
420 428 0.8652057562795167
420 421 -0.9415100366974056
421 429 1.051028625464997
421 422 0.2721468253621011
422 430 1.6449639709326311
422 423 -0.5082376242617598
423 431 -0.7664249117046749
423 424 -0.923861038731329
424 432 -0.49060955482553537
425 433 1.0888305632372954
425 426 -0.6125662024689816
425 432 0.1329594886727386
426 434 1.528719900939558
426 427 0.2982673971391115
427 435 -0.12750695752422955
427 428 0.2436418612027217
428 436 0.42462967098552573
428 429 -1.5354734035694597
429 437 -0.20929510098652343
429 430 1.7829255758931133
430 438 2.0591413494964708
430 431 -0.9057876918095339
431 439 -1.90956761360907
431 432 -0.47110495026327176
432 440 0.9876623287082738
433 441 1.6564226716329056
433 434 -1.0387091043355405
433 440 0.29093750152073067
434 442 -1.9875523962570019
434 435 -1.019875767590006
435 443 0.45664101775132665
435 436 -2.0431205583209744
436 444 0.8688869754326201
436 437 0.44578914078714643
437 445 -0.7515769790108936
437 438 -0.12750906883745042
438 446 2.4534660246931916
438 439 1.5852549658386157
439 447 3.5012413270403178
439 440 0.6615968874286406
440 448 -0.21334828738399642
441 442 -0.8820462162036008
441 448 0.6470171052366228
442 443 0.9977034072097697
443 444 0.6161266112547602
444 445 -0.5388083516659584
445 446 0.11372597199940139
446 447 -2.345858377012902
447 448 0.16244688552174058
