512 1536
1 65 -1.593442786007558
1 449 -1.1864685497447611
1 9 0.22328651140353828
1 57 -0.8060266953355083
1 2 -0.44862145087128835
1 8 -0.7968044557176561
65 129 -0.26342439694607583
65 73 -1.0581788605817724
65 121 0.026365549739118657
65 66 1.2842964860878971
65 72 2.1092250823192544
449 385 0.9568529847823779
449 457 0.508264894850679
449 505 0.2373544563136694
449 450 0.32555999016088183
449 456 0.6033198339421583
9 73 1.5007595384843957
9 457 -0.5229791466793686
9 17 1.5814203386872796
9 10 0.37484208093802085
9 16 0.6081464228155578
57 49 -1.2994399878853564
57 121 0.4163899870079999
57 505 -0.980426517737855
57 58 0.21854100082915714
57 64 0.8595494154521273
2 66 -0.8740150758493116
2 450 -0.7093496013076843
2 10 1.393547779032826
2 58 1.745352677383886
2 3 1.4244092579196297
8 7 1.7716813192210357
8 72 -1.9676139262690326
8 456 0.32288914614375086
8 16 -0.5535769927890177
8 64 0.6179607484193923
66 130 0.24491207694454156
66 74 1.6559193527943077
66 122 -0.4870619178870023
66 67 1.9714817854646458
450 386 -0.7413799891029044
450 458 0.8623187636990588
450 506 0.2230553913236775
450 451 -0.023593478542225012
10 74 -0.13005965297838637
10 458 1.0531266741220557
10 18 -1.2693700740669056
10 11 0.4164204882041407
58 50 1.1916045520288823
58 122 1.1437363798475249
58 506 1.3270197235130132
58 59 -0.8446310613588504
3 67 -0.7601517371237343
3 451 2.436609486285637
3 11 -1.0467705805926661
3 59 0.9586157566564928
3 4 -2.095340439681679
67 131 -0.20540568759115566
67 75 -0.15398349352154922
67 123 1.4473258110313456
67 68 -1.0301007979141816
451 387 0.22745704177146964
451 459 -0.42872341030726363
451 507 -1.6496173272770391
451 452 -1.5129278284280834
11 75 -0.10952255702008298
11 459 0.8001314069478094
11 19 -0.050829509602403386
11 12 0.34704362383936066
59 51 -0.7278369516166507
59 123 -0.5565942820216506
59 507 -0.08837984501328469
59 60 -0.7116203433229753
4 68 -0.24414713833506582
4 452 -0.6720694619886536
4 12 -1.1696221123529225
4 60 1.4158476267919669
4 5 0.45800568990370705
68 132 0.2648419599291985
68 76 -1.1187968183005141
68 124 -2.191129783437722
68 69 0.22790487928162292
452 388 0.7370148454467828
452 460 0.2712251930931711
452 508 -0.8057176190375229
452 453 0.019338420912904185
12 76 0.3579291431146776
12 460 -0.05887865345221717
12 20 -0.781087211731555
12 13 -0.4577614193025378
60 52 -0.07496124655920737
60 124 -0.12843234355706493
60 508 -1.9063069991979287
60 61 0.08017306709259829
5 69 1.5760939834742458
5 453 -1.1052213617177338
5 13 0.4361517804575692
5 61 -1.4878172687970768
5 6 -0.2842896709489038
69 133 -0.013627205129265003
69 77 -1.0231058980161076
69 125 0.6057634206337552
69 70 -2.247156696457188
453 389 0.17709428546093497
453 461 0.14076595474069112
453 509 -1.2459305360440638
453 454 0.7799951336776477
13 77 0.6503776268858095
13 461 0.24429559307493212
13 21 1.414838311272549
13 14 0.16187931606744346
61 53 -2.1545217072684277
61 125 -0.26584085026960214
61 509 0.8389214414663221
61 62 1.0852901572868412
6 70 -0.3200070306637068
6 454 -0.6697860848060909
6 14 1.374185632853644
6 62 -1.181825269831961
6 7 -0.30936414405887785
70 134 0.3543732467602723
70 78 0.19147545530750254
70 126 0.3982735454933901
70 71 -0.06241951264600916
454 390 -0.568365510902845
454 462 -2.1174176589254214
454 510 -0.8156196882250101
454 455 -1.3726493840100187
14 78 -0.27254144676912967
14 462 0.11793283579253468
14 22 0.3461107672710234
14 15 -0.9078603666291168
62 54 -0.9766496485773483
62 126 1.3020610715908547
62 510 0.03935326680551005
62 63 -0.4792671911698712
7 71 -1.36701350013881
7 455 -0.9836440997078708
7 15 1.0567744424666043
7 63 -0.20781363949389262
71 135 1.0906920343241537
71 79 0.5020854658589886
71 127 0.4758198417264241
71 72 2.0249323277370204
455 391 0.8570318192665105
455 463 -1.2843412623475423
455 511 -1.6365406731402936
455 456 1.0652364936667371
15 79 2.0906572759577746
15 463 -0.09228585657065659
15 23 -0.20928490288985754
15 16 0.9627213989402057
63 55 -1.4277364519544975
63 127 -0.9872503011699514
63 511 -1.2589850111384273
63 64 -0.8428853169842294
72 136 2.1687579403087978
72 80 1.0320581854373072
72 128 0.5304957057789862
456 392 0.2875571077046402
456 464 -0.7314187922968893
456 512 1.8908856472557447
16 80 -0.12332883800887474
16 464 -0.053729489579363555
16 24 -0.0576737628196766
64 56 -0.42510957083806067
64 128 -0.019542679929093847
64 512 -2.4212522122207205
73 137 -0.460442454996135
73 81 -0.6076536784084924
73 74 0.6256348130566034
73 80 0.5232402761334145
457 393 0.8952397585239247
457 465 1.379388362796602
457 458 0.468916312021225
457 464 -0.4439115317611438
17 81 0.7176834492484944
17 465 1.589911170452651
17 25 1.3016030492390003
17 18 0.7066327101617484
17 24 -1.2452744211296791
74 138 0.6154227224906307
74 82 0.15148148949216278
74 75 0.10090567829584972
458 394 -0.07865403063616763
458 466 -0.5568847047155798
458 459 -0.062641378611512
18 82 0.414705513413502
18 466 0.35072963523740464
18 26 -0.9531288015740256
18 19 0.14474841422370083
75 139 1.147937845336693
75 83 -0.034672614777329594
75 76 0.27431913463033725
459 395 -0.6766912058469968
459 467 -1.4376724224141622
459 460 0.1753313339607916
19 83 2.201740830072341
19 467 -1.3160206336380043
19 27 0.12560683836078235
19 20 1.2633155716392401
76 140 0.21013880511587577
76 84 0.2719586309350763
76 77 0.4288510589438234
460 396 1.5235907029351585
460 468 -0.6070352627230484
460 461 0.5906028343134769
20 84 -0.15057648335225052
20 468 1.622825886696604
20 28 0.23502576992586413
20 21 1.303467744028739
77 141 0.26684915324720865
77 85 -0.5868478512860479
77 78 0.6684974929412257
461 397 -0.5686766757059127
461 469 -0.43131186713221586
461 462 -1.7859689418283689
21 85 0.09880847563739367
21 469 0.5096096514641941
21 29 0.7308700946926358
21 22 1.1488836802435232
78 142 0.49535045960071633
78 86 1.0041570677335212
78 79 1.831298304588264
462 398 -0.9207377798709843
462 470 0.07131158501451758
462 463 -0.6617170610861038
22 86 1.1281202704820952
22 470 0.4631656066519595
22 30 -0.2810516116016898
22 23 2.1853529539938514
79 143 0.5324916352140923
79 87 -0.3238885785709217
79 80 1.1049518539810834
463 399 -1.1033089758607242
463 471 0.9570110489271235
463 464 -0.5274842315196351
23 87 -0.6466070933910874
23 471 -0.20966010031369978
23 31 1.7347888416833102
23 24 -0.4651558997434672
80 144 -0.8443114972563329
80 88 0.7484410678112733
464 400 -0.6333430901585193
464 472 0.43842174961872327
24 88 0.45796326420399003
24 472 -1.7748247586111978
24 32 -0.29042730538003925
81 145 -1.5758694952154881
81 89 -1.6967897927132327
81 82 -0.6983208650440277
81 88 0.20779303100947952
465 401 0.9011916692205513
465 473 -0.07660931098720515
465 466 0.09593551952183733
465 472 -1.5713336941040683
25 89 -0.7728595374816787
25 473 -0.7423470837798131
25 33 0.8075487804013218
25 26 -1.0461962030444456
25 32 -1.2503327201721697
82 146 -0.8967125283800801
82 90 -0.7369209801776064
82 83 0.6048115180501401
466 402 0.6336598462008487
466 474 -1.0521888517645315
466 467 -1.2643734816670058
26 90 -1.5567689940718672
26 474 1.0433942849481588
26 34 -0.4036641283638527
26 27 -0.929824918731946
83 147 -0.4651490566721235
83 91 0.4607638726897364
83 84 -0.25176490630854353
467 403 0.053879114345587405
467 475 -0.5632897113058958
467 468 0.2673848299179432
27 91 -0.020317041590133464
27 475 0.005505820855471265
27 35 -0.18838130386737106
27 28 1.1185093652360323
84 148 1.8714140067064156
84 92 -0.5691596225140674
84 85 0.9490305695152975
468 404 0.5311657080734338
468 476 0.15779625290144403
468 469 -0.28097556477973157
28 92 0.1484977486727231
28 476 1.6986666289492998
28 36 2.6791507554651757
28 29 -1.157191499193966
85 149 1.360056404432342
85 93 0.2741900134099807
85 86 -0.7242364162381631
469 405 -1.2496654847828212
469 477 0.2651104283560215
469 470 0.5144197894641447
29 93 0.32182169096357516
29 477 -1.7168340694034177
29 37 -1.2944444138472457
29 30 0.3688175343603263
86 150 -0.19856993366808207
86 94 -1.1762571428787387
86 87 1.2409917883261732
470 406 0.19289378443887759
470 478 -0.5757076269155539
470 471 -0.7856470219868251
30 94 -1.2323903580991473
30 478 -0.14430558011138497
30 38 1.2833120587778157
30 31 -1.0478489510154896
87 151 -0.7119083584234426
87 95 0.4596983221520871
87 88 0.1850299487296775
471 407 1.2945632327334402
471 479 -0.08904684900088539
471 472 -0.30536619581841434
31 95 0.2150653328977041
31 479 1.6397916407489321
31 39 -0.37040260210807097
31 32 -0.7660695788710782
88 152 1.206518931231129
88 96 -1.932637533357193
472 408 1.143077474907561
472 480 1.1143212724452702
32 96 -0.3779702374133442
32 480 0.8513650649276755
32 40 -0.5629442406031979
89 153 0.9404481743266375
89 97 1.211046215109681
89 90 -0.47581173081458
89 96 0.9405072652591491
473 409 -1.5026193039230888
473 481 -0.5148678141901419
473 474 -0.6323450012053466
473 480 0.9396521013252304
33 97 -0.49717017241224654
33 481 0.8282693322218516
33 41 0.3753971414753429
33 34 -0.024749505236508883
33 40 -0.21047949463951807
90 154 -0.44934805684522894
90 98 -0.49881282792633497
90 91 -1.1231778602789901
474 410 -0.1616249586384757
474 482 0.6066586403255507
474 475 0.1501269752494712
34 98 -0.0710553825509393
34 482 1.1422313554280192
34 42 -0.27718960821213884
34 35 0.2507175005593252
91 155 -1.5720112651218883
91 99 -0.03078486395787601
91 92 1.4627266152771112
475 411 -1.6903456673529544
475 483 -1.6454350673976248
475 476 -0.18343898998979732
35 99 0.13026257650291298
35 483 1.0955966202951573
35 43 0.9743800110761394
35 36 0.5715511786746058
92 156 2.2630926849113377
92 100 0.9847860223565961
92 93 -0.2622678654398608
476 412 -0.34697428840882244
476 484 1.3811151829421124
476 477 -0.5350361949672345
36 100 -0.9336566078969619
36 484 -1.9894200720419337
36 44 -0.2363643925740834
36 37 -0.7324202056597447
93 157 1.3964369175906848
93 101 0.10862640935563908
93 94 0.25665463470575994
477 413 -0.6661296251441745
477 485 0.38301657141732387
477 478 0.37621689537930303
37 101 -0.4284516811103725
37 485 -0.9749260826888091
37 45 0.9862048819600252
37 38 -0.6540519988567464
94 158 0.926279498103459
94 102 2.005982564889751
94 95 -0.10219661600709666
478 414 1.0475643126760374
478 486 0.18448686100444595
478 479 -0.6524686399024969
38 102 0.22413736413210675
38 486 -0.3790113342410367
38 46 0.8173727510309854
38 39 0.38673841416019417
95 159 0.2827152298561544
95 103 -0.6746693503540617
95 96 -0.7982816333746902
479 415 1.7177139939802082
479 487 -0.8234821390156322
479 480 -0.3415722671209224
39 103 1.3184686744054297
39 487 -0.959109991869706
39 47 0.7775428404644755
39 40 -0.742912315058839
96 160 0.45322897333886747
96 104 1.2809742979312582
480 416 -0.6707888539182542
480 488 0.7577494790270141
40 104 -0.30337051347671107
40 488 0.6070067780258132
40 48 -0.2066167881300772
97 161 1.2883836605333316
97 105 -1.082979598213237
97 98 -0.8145715828596531
97 104 0.6066661843173023
481 417 1.5807257366965066
481 489 0.6230253728740169
481 482 -0.7137481189736435
481 488 0.4280487855179697
41 105 -0.8066842266730765
41 489 0.3117600486060775
41 49 -1.5510915768442157
41 42 -1.1717883331475576
41 48 0.805601129742912
98 162 0.5321497256463394
98 106 1.2389220963672785
98 99 -1.828393000948597
482 418 -1.2014342860834948
482 490 0.14826147283059485
482 483 0.1417192456101557
42 106 -0.16135994373540993
42 490 0.6008063841907262
42 50 -0.010352965648776481
42 43 -0.0006222350146426579
99 163 -1.4920851500251466
99 107 0.9055316036284371
99 100 -1.465902822710889
483 419 0.695508443220737
483 491 1.3099732865373603
483 484 -0.6063040424993185
43 107 -0.6543088156228027
43 491 -0.7572906632317915
43 51 -0.8308699111508587
43 44 0.8789322175459523
100 164 -0.15187214536721255
100 108 -0.36551350959848006
100 101 -1.6019080799653573
484 420 1.4020107399503376
484 492 -0.24011833260911183
484 485 0.16589349881532017
44 108 1.4352239693134887
44 492 1.9986617970500973
44 52 0.637506641479857
44 45 0.10375532476525526
101 165 1.3742971718495849
101 109 -0.6215859398730895
101 102 -0.03580292713558821
485 421 0.7209308535246315
485 493 0.5835696441017802
485 486 -2.0464792216976178
45 109 0.8225764937090894
45 493 -0.6250028552842719
45 53 -1.560847855683137
45 46 0.6106120048625054
102 166 1.3111511037804058
102 110 2.391608365825897
102 103 -0.595254185357115
486 422 0.02312191722449173
486 494 -0.6128249561351353
486 487 -0.07377695679937907
46 110 -0.7698546548969254
46 494 -0.8917417481208737
46 54 -1.4391614219509847
46 47 -0.22565181538047885
103 167 1.067652710831476
103 111 1.134440610814912
103 104 0.721431681704442
487 423 -1.947748659671405
487 495 -1.0138463049420319
487 488 0.7293485746335691
47 111 -1.341582209078927
47 495 0.6738281666597232
47 55 -1.03610315254368
47 48 -0.8800316713948086
104 168 -1.4685612031947557
104 112 0.0340687755230786
488 424 0.6708890284607133
488 496 -0.10403256384774391
48 112 -2.325076841119283
48 496 0.4885570629912945
48 56 -1.4600131400459926
105 169 0.1567701075994823
105 113 0.9976851082040874
105 106 1.1403439447856636
105 112 -2.036858336746446
489 425 -0.5493390263749647
489 497 0.7232787017832233
489 490 -0.9668244447222847
489 496 -0.5742031824118898
49 113 0.0455596607008449
49 497 -1.8321144719131197
49 50 0.39145206339179167
49 56 1.3733703267227928
106 170 -0.01674657603203385
106 114 2.0365573990909427
106 107 -1.2566855851501493
490 426 -1.130761621205615
490 498 0.6300604043930274
490 491 0.8592561852264421
50 114 -1.3682347113740847
50 498 -0.37350802358379026
50 51 -1.5523022837023965
107 171 1.9517920299666098
107 115 1.3488327503578001
107 108 0.39748988010542474
491 427 -0.7614771193135772
491 499 1.4963486176087024
491 492 -1.1280390572792593
51 115 0.6230692804636995
51 499 -1.3962771578849928
51 52 0.35963424384469295
108 172 -1.4952377123654568
108 116 -0.08918448778534716
108 109 1.255780523270633
492 428 -0.29111219827002144
492 500 -0.6538888122401287
492 493 -0.4380136275180459
52 116 -0.349604432414616
52 500 -1.5550193390123863
52 53 0.5292451980336511
109 173 0.2198336178803695
109 117 1.0485954587145812
109 110 -1.5142179439923156
493 429 -1.1290378382600068
493 501 0.30003170269003504
493 494 -1.0123679370053358
53 117 1.5763591876004557
53 501 -0.822617262532256
53 54 0.9062613832217089
110 174 -0.902332710550004
110 118 0.563321408738078
110 111 -0.9119954184219891
494 430 -0.3746530865437544
494 502 -0.4460296872908136
494 495 0.04532449430740529
54 118 -0.06895472340747144
54 502 -2.6941137660996817
54 55 -0.11595695422679615
111 175 1.2647664803245904
111 119 0.35827032171155493
111 112 -0.19332434407630963
495 431 -1.5019280076451165
495 503 -0.2316529583031785
495 496 0.6073428365907197
55 119 0.19435222091578383
55 503 0.09760896163038431
55 56 1.9983598139998875
112 176 0.12656557522880327
112 120 1.2191921679129751
496 432 0.6195634833670837
496 504 0.1612352437567717
56 120 1.1818527695620527
56 504 1.3397485106022373
113 177 1.3400525055440797
113 121 -0.25713545866741455
113 114 1.1272478070929663
113 120 -0.4561265876013784
497 433 -1.11782137741596
497 505 0.6725443912323255
497 498 1.7931861779513285
497 504 1.5748345780700719
114 178 0.0016972744217927703
114 122 0.5231358621290113
114 115 -1.815970372238737
498 434 0.14650445977239748
498 506 -0.9809356258301634
498 499 0.5464260034599359
115 179 -0.7090495843149636
115 123 0.3725824425937254
115 116 -0.29169976614806314
499 435 -1.137454071783389
499 507 -0.6577863164602109
499 500 -1.093443927235428
116 180 -0.021238440095801506
116 124 0.6927644819714835
116 117 -0.7568074446307612
500 436 0.7801572847902835
500 508 -2.63379194606332
500 501 1.3924261773971527
117 181 0.7099055505103816
117 125 -1.6076599575935315
117 118 -0.5372974126966171
501 437 -0.7775996351026192
501 509 -2.3795373037089065
501 502 -2.468890786770376
118 182 -0.7567469650878792
118 126 -0.7720412118094384
118 119 -0.12918106995316872
502 438 1.4801033591860175
502 510 -1.1726136730057857
502 503 0.8525926637144615
119 183 0.8664465814302386
119 127 1.4999908040453263
119 120 -0.439768247709396
503 439 -0.028114318513405775
503 511 -0.7774973710823295
503 504 0.7630486163297348
120 184 1.105811710488173
120 128 1.295004656415901
504 440 -1.5002206387630148
504 512 1.9268114887910357
121 185 0.07929140918389617
121 122 -0.08421218690566766
121 128 -0.7435631104516242
505 441 0.4480515850620865
505 506 -1.6236305175423362
505 512 0.025599030259316896
122 186 -1.6980388248824476
122 123 0.6972173164119806
506 442 0.3719301008112015
506 507 0.7306731640787972
123 187 0.6080335525696644
123 124 -0.1782559270255908
507 443 -0.6852649832970994
507 508 -0.25696286394182777
124 188 -0.3271141048414084
124 125 1.5657888253251786
508 444 -0.024336610064616213
508 509 0.5741310475676992
125 189 -0.269664815748625
125 126 -0.010246077267303332
509 445 0.2212891758373899
509 510 -1.3093376433313044
126 190 -0.5367609866062757
126 127 -1.3967533117505408
510 446 1.1790294718004748
510 511 -0.1997391385098452
127 191 0.1323664715836448
127 128 0.5460643401831464
511 447 -1.1598379725099053
511 512 -1.0551717054096268
128 192 1.4575228045060618
512 448 0.9674757639196714
129 193 -1.4846402799099911
129 137 1.1239071701348948
129 185 1.536622576722101
129 130 -0.96593631458956
129 136 -0.17424539040007436
130 194 -1.0646236325869267
130 138 0.988415062870803
130 186 -1.3875922776583731
130 131 0.5885734748535497
131 195 0.6823310400608283
131 139 0.14252150495664698
131 187 -1.4425107063882228
131 132 -0.4893931725682993
132 196 -0.4449202081507401
132 140 -0.15244524714264826
132 188 0.7646282395601322
132 133 1.0686227712338408
133 197 -0.5305062743759283
133 141 1.222939300010369
133 189 0.8378065343982982
133 134 0.7867064927892168
134 198 -0.08948125218608868
134 142 1.296308369862995
134 190 0.20208891356640815
134 135 -0.2413971642067803
135 199 0.24663738897213514
135 143 -1.9119005692158122
135 191 -1.778665163244681
135 136 0.5145190207659938
136 200 -1.8795686383678671
136 144 -1.6381243650948905
136 192 -0.5190892063878165
137 201 -0.8487819901371494
137 145 0.03393557200780314
137 138 -0.0343394033506143
137 144 0.2653527280280908
138 202 2.740122944690626
138 146 0.30750187713246946
138 139 0.8703270387162754
139 203 -0.32454628630385346
139 147 0.018364328229875253
139 140 -1.5573267821357277
140 204 -1.2027429292272933
140 148 -0.29038202249571027
140 141 -0.5862334913240252
141 205 2.472577640765037
141 149 -0.35848242135714714
141 142 1.2932869981849227
142 206 0.7349055259358979
142 150 -0.5077426327766144
142 143 0.5216258290822378
143 207 0.2367564983005034
143 151 -0.5145393158016947
143 144 1.8509478068670873
144 208 -0.5058758492588551
144 152 0.3622826353275617
145 209 -0.6487118061122852
145 153 1.1388901838156387
145 146 -1.3051778181647202
145 152 1.0044809664455205
146 210 -0.4501378926691764
146 154 -1.1700032514550742
146 147 -0.6330414838661269
147 211 -0.2798204863750652
147 155 -1.108439956249317
147 148 -1.2165988659376796
148 212 -0.46159209084992764
148 156 0.22039732364066605
148 149 -1.2337728884404364
149 213 0.901059430553794
149 157 -0.2961761396765688
149 150 0.7832532931772551
150 214 -0.6558564530494934
150 158 -0.5460250547383239
150 151 0.3896111929038425
151 215 -0.5702475070867297
151 159 -0.7579073719890481
151 152 0.3867973358724288
152 216 -0.9375774242536205
152 160 -0.20588337850894745
153 217 1.8137950202200253
153 161 -2.5153618397209963
153 154 0.0743362897326081
153 160 -0.6934837185268132
154 218 1.0083339927294046
154 162 0.37960757556812696
154 155 -0.8992894082257253
155 219 0.05218042295562864
155 163 -2.480650578546575
155 156 0.15145240159567
156 220 -1.354905841119676
156 164 0.7273706844713714
156 157 -0.9973702927660238
157 221 0.03718187966954368
157 165 -0.4361221110066947
157 158 -1.8281931944924856
158 222 -1.1963134847378811
158 166 -1.0845276109929989
158 159 1.3150999836626833
159 223 -0.7050267720861653
159 167 -0.2813096688244393
159 160 0.24268061016245368
160 224 1.0419313915947659
160 168 -1.551468001547269
161 225 2.037150855201394
161 169 -0.0880151378587829
161 162 -2.5581231072883357
161 168 -0.8468658485285574
162 226 -0.19127715274108228
162 170 0.22338107618686484
162 163 -0.9111056380173039
163 227 1.0454458598165874
163 171 -0.37405060611013025
163 164 0.005102460380957029
164 228 0.5014888767938174
164 172 -2.1628920749171145
164 165 -0.9582031425427243
165 229 0.9469708063581141
165 173 -1.0876451498954802
165 166 -0.15458564615540674
166 230 -1.6796760016586187
166 174 0.22829269783679842
166 167 0.8591144178212047
167 231 0.4069017148604575
167 175 0.894708594474872
167 168 0.7855777115474731
168 232 1.1237153774693396
168 176 0.36010564492101854
169 233 -0.013182938933582381
169 177 -0.27287390045847965
169 170 1.428697847050538
169 176 -0.16251189417537235
170 234 0.6107535515015562
170 178 -1.6138716887703761
170 171 1.5132493363049773
171 235 -1.7218104925947397
171 179 0.9223269029914449
171 172 1.5847630603989733
172 236 -0.988374247716495
172 180 -0.1980048853225548
172 173 -0.4240850855041336
173 237 -2.148038056931285
173 181 -0.5272212992502979
173 174 -0.818157987493191
174 238 -1.7383782371021055
174 182 1.2710892343866405
174 175 2.1124283746826436
175 239 0.8201785124777464
175 183 1.4888297984197114
175 176 -0.6932226216991494
176 240 0.16577783156464926
176 184 -0.6371942330805188
177 241 -0.6142466761768464
177 185 -1.5677075313261395
177 178 2.1106343334054025
177 184 1.8816629996016099
178 242 -0.295985815893463
178 186 0.4295723382804178
178 179 -1.5508373266455655
179 243 -0.9710685929224037
179 187 0.13439348939658838
179 180 -1.5799767513608796
180 244 1.1395898846456582
180 188 -0.2525985095780735
180 181 -0.5170158213991878
181 245 0.04722013511222022
181 189 -0.5495358304746084
181 182 -0.12446596447304245
182 246 0.2811650673397994
182 190 -0.3601216066743374
182 183 1.237110335362823
183 247 -0.38304443501112184
183 191 0.0925073956902051
183 184 -0.22407967964915482
184 248 1.2650496812564993
184 192 -0.39828378126410624
185 249 -1.7275210755432369
185 186 0.6180142012117479
185 192 -0.17429978698454554
186 250 -0.2626855925135028
186 187 0.7785867756029847
187 251 -0.5068423175619877
187 188 1.3514586580920296
188 252 0.5765541449638771
188 189 -0.27073767447191555
189 253 0.2685544915650988
189 190 -2.2131619001466665
190 254 -0.4338060908113789
190 191 -2.0311374074361344
191 255 0.4800673460349069
191 192 0.22119479478466972
192 256 -0.5021041679285495
193 257 0.12168148586268818
193 201 0.6024998507088439
193 249 2.6817725601137945
193 194 1.7519078833264417
193 200 -0.535188090531783
194 258 -2.0453318867780803
194 202 -0.947678257464189
194 250 0.28605232439689665
194 195 0.8422948511537504
195 259 0.8077394850305648
195 203 -0.9657386964737191
195 251 0.48868972147669687
195 196 1.4454894108350531
196 260 -1.231961429994971
196 204 0.753772393693116
196 252 -0.567203783092762
196 197 -0.4142012660777449
197 261 2.015745054716058
197 205 -0.5529060860483033
197 253 -1.2143970540921718
197 198 -1.971761163849438
198 262 0.19754145712969906
198 206 -1.4590749365260693
198 254 -0.6298844554869332
198 199 1.6763500943555718
199 263 1.1468782126652803
199 207 -0.8093834217387257
199 255 -1.059496070007744
199 200 -0.803999702539245
200 264 -0.42236845400276085
200 208 -0.2801997101647569
200 256 0.19183481936090016
201 265 -0.758967727954572
201 209 -0.19339803617464357
201 202 0.28265672431087935
201 208 -1.3965748486935043
202 266 1.1442955300628344
202 210 -0.32599742916785396
202 203 0.06055527749232134
203 267 2.079563484290619
203 211 0.7408175405979985
203 204 -0.16081511538094678
204 268 -1.7374916606605177
204 212 -0.4448815205860815
204 205 0.0948754012160077
205 269 1.825911809359454
205 213 1.1313948221508183
205 206 -0.5198246255400512
206 270 -2.002036428599462
206 214 -1.0597294789108906
206 207 0.586380469074321
207 271 -0.21968962314440302
207 215 -1.902369600814581
207 208 0.002665775085140816
208 272 2.383862720533912
208 216 0.48846616034706586
209 273 0.9494944579479608
209 217 0.7043866513394772
209 210 1.2343529522053374
209 216 0.40023496749788273
210 274 -1.4473958653933086
210 218 -0.7905406709285813
210 211 -0.6455526848061266
211 275 0.442228697918643
211 219 0.02690268934657294
211 212 1.6600175017749588
212 276 1.7458416880812195
212 220 -0.8225079983361439
212 213 -0.8073287432496877
213 277 -1.5807464826212467
213 221 -1.0723470561881971
213 214 -0.6308208045572096
214 278 0.635505789912267
214 222 1.4690041270042107
214 215 1.4113222596381771
215 279 -0.042953454949605466
215 223 2.242933117519924
215 216 -1.4556140299226794
216 280 1.1196054891652687
216 224 2.2082605982453853
217 281 -1.3070456248859574
217 225 -0.37075556918636104
217 218 -0.3433842026996117
217 224 1.244746589864241
218 282 -1.006477939025152
218 226 1.8962399613126255
218 219 0.10882450902415862
219 283 -0.5285564973752641
219 227 -0.5552796883909018
219 220 -1.1282204450977018
220 284 -0.28773047199145135
220 228 -1.802331149417968
220 221 -0.589893333286201
221 285 0.7922059928841728
221 229 -1.4332536148533308
221 222 -0.41850720209224
222 286 0.6929482738646803
222 230 -0.9593502070795458
222 223 0.24876858880475353
223 287 0.1874448327716253
223 231 -0.6189627688170276
223 224 -0.3425441143502012
224 288 -0.30469463181280165
224 232 -0.43792281264467986
225 289 -1.6726568169775733
225 233 -0.09942133282681284
225 226 -0.4989871585163364
225 232 1.1339772414517542
226 290 -0.10916169013848341
226 234 -0.37746122617974537
226 227 -0.9241976367581101
227 291 0.9259892282702661
227 235 -0.2361585386136305
227 228 -1.0084453496080714
228 292 0.9953101993604259
228 236 0.9865770717869842
228 229 0.9812690291306411
229 293 0.8649618551533548
229 237 -0.03312644548687098
229 230 -1.5332507363588275
230 294 1.2774764487514503
230 238 0.7231444200787933
230 231 0.27683971091608806
231 295 1.3505522555928067
231 239 0.7686313486835568
231 232 0.0028336816273884123
232 296 1.5995806650460047
232 240 -0.08334526652727765
233 297 0.24626652766745413
233 241 -1.684208907598351
233 234 -0.8857994536328541
233 240 0.26658551858389895
234 298 -0.8179765835329508
234 242 0.40497022789291603
234 235 -0.8487016962221996
235 299 1.5490419397112543
235 243 1.720497431570262
235 236 0.04020981626764672
236 300 -0.18747031177593138
236 244 0.5871576258860234
236 237 1.475281695302702
237 301 0.5743434324497918
237 245 0.5653365717031426
237 238 -0.2618038600879552
238 302 1.7719676665383646
238 246 0.6328866379135613
238 239 -0.7884240739290937
239 303 1.202006340988502
239 247 0.2863389762087039
239 240 -0.2862671591877614
240 304 -0.051870041943905855
240 248 0.19037807545458177
241 305 -0.5726855133954526
241 249 0.24241616017404852
241 242 1.5748920032539753
241 248 0.9405854530861512
242 306 -0.6669989381455381
242 250 0.5986452760590831
242 243 0.012388179752232586
243 307 -0.14616812764120893
243 251 0.7189414688372747
243 244 0.21626373525728285
244 308 -0.1268863984398716
244 252 -1.0396725676003715
244 245 0.43293038264373795
245 309 -1.2535923717454485
245 253 0.020264995562828615
245 246 0.014416745311392065
246 310 1.0858068507916474
246 254 -1.0494237949520193
246 247 0.005794720685601496
247 311 -0.35801627677915504
247 255 1.4968939120978917
247 248 -0.18783782417845257
248 312 0.46375649053868917
248 256 -0.2759216010499705
249 313 0.41246932612418286
249 250 -0.20383954869820922
249 256 -0.4933599650682334
250 314 -0.3570632646889609
250 251 1.2068619254695974
251 315 -0.4567664937907215
251 252 -0.19818134275797908
252 316 0.8010917904413294
252 253 -1.205843662437775
253 317 -0.8187514371485732
253 254 -1.4003080050982561
254 318 2.0312521229480742
254 255 -0.13121668653674723
255 319 -1.560126657789905
255 256 -2.22163672988053
256 320 -0.3608636993780694
257 321 0.1784807407169133
257 265 0.39188322906911327
257 313 -0.8141133721221623
257 258 -1.2787242166103547
257 264 -0.724829043340565
258 322 -0.5153435823143235
258 266 0.6538889011547252
258 314 -0.5919671786515112
258 259 -0.05291668647706602
259 323 0.4151682916184275
259 267 -0.6465705181206248
259 315 -0.11539297487448155
259 260 0.6339324432938476
260 324 1.5250966927200886
260 268 1.0689463499533898
260 316 0.9769659275013008
260 261 -1.6144412857050372
261 325 -0.7872993826250564
261 269 1.6573287775780559
261 317 -0.6617367382775922
261 262 0.10874176726193502
262 326 0.5824029517122895
262 270 0.3295003558887774
262 318 1.9743744430789336
262 263 -0.32528248763755646
263 327 0.48998936628524187
263 271 -1.3006498667952213
263 319 0.35796928222737134
263 264 0.19982571556107917
264 328 -1.6834239513159743
264 272 1.3795999841920668
264 320 -1.655130764754834
265 329 0.8723089647147374
265 273 -0.5952185383699113
265 266 0.7835119034349605
265 272 -0.5736083618354523
266 330 0.283216893756326
266 274 -0.3516017460590063
266 267 1.4281709806791183
267 331 1.0685022991247421
267 275 -1.0836802158689949
267 268 1.4776647497299762
268 332 0.7337737221259207
268 276 -0.046779545932369195
268 269 -0.9064978322615482
269 333 0.44727063697251646
269 277 0.6959585420553681
269 270 0.8668709884075483
270 334 -0.03934475221297873
270 278 1.5967305765882995
270 271 -0.9879568613929371
271 335 0.17370549779159836
271 279 0.2519052493586375
271 272 1.929431837233148
272 336 -0.9569453398919662
272 280 -2.175578996250493
273 337 0.1172621118165132
273 281 0.8952505796084753
273 274 0.894429222983124
273 280 0.3520587133715364
274 338 1.4157768242834987
274 282 0.9033571633606167
274 275 0.5107167045741074
275 339 0.39475449232239573
275 283 0.4764279907378953
275 276 -0.4837994589912638
276 340 -0.23268087365890025
276 284 0.10627806119924332
276 277 0.21303186040773509
277 341 -0.07467379611473776
277 285 0.3383066413237491
277 278 0.23626451212482386
278 342 0.8496844890524661
278 286 0.057625844487509424
278 279 -0.5737397409231567
279 343 -0.047423139155992035
279 287 0.886809808197023
279 280 1.3938369761346068
280 344 -0.5800014916404655
280 288 -1.1894028576695412
281 345 -0.4540678576923218
281 289 -0.09212758807707712
281 282 0.22479318761084827
281 288 0.9720001334644802
282 346 0.5457342674629712
282 290 -0.6816698197050409
282 283 0.121448816148692
283 347 1.2817982338690246
283 291 2.0252803260055727
283 284 1.276549219261103
284 348 -0.049586097445546234
284 292 -1.404127599243561
284 285 -1.105995983364515
285 349 1.0614833619861275
285 293 0.13465245612952273
285 286 -1.3562220786065124
286 350 0.690487455890286
286 294 0.9992014616902581
286 287 1.700150352917319
287 351 -0.9789554099484579
287 295 -0.08898615593654252
287 288 -0.6214915907628911
288 352 1.6575698637980087
288 296 1.3861680110838412
289 353 -1.3453458164687375
289 297 0.19967444638584592
289 290 0.9459187219622263
289 296 0.5651951305839408
290 354 -0.4451091200888288
290 298 0.6106318995330297
290 291 -0.3821423157515424
291 355 -0.017103291019775993
291 299 -0.07491287243564944
291 292 -1.6200226827045376
292 356 1.0652638371019167
292 300 1.288732855350005
292 293 -0.9861075936391676
293 357 -0.19349043509431313
293 301 -0.3930200561513864
293 294 -0.5786500760231552
294 358 0.2083573382202775
294 302 -0.005263063730891175
294 295 -0.9212972427823415
295 359 -0.824362839370696
295 303 0.6248986216344912
295 296 0.5021995588050822
296 360 -0.47600664653797126
296 304 -1.137168266017172
297 361 -0.45656309413579543
297 305 -0.16905310758851727
297 298 0.667385735780928
297 304 0.2732339491156377
298 362 -0.7066470492682848
298 306 -1.3993804569761257
298 299 -1.1554456646759328
299 363 -0.6542145028507208
299 307 1.0347024194666652
299 300 -0.29096639292086596
300 364 0.9092379694815023
300 308 -0.29840693769616927
300 301 0.027610353692304187
301 365 0.16689466762007824
301 309 -1.0004736106770615
301 302 0.1293544397403576
302 366 1.1600456567212503
302 310 -1.2083965173175764
302 303 0.9799935221056553
303 367 -0.9623746485810946
303 311 -0.8531062110306769
303 304 0.5075241984668138
304 368 0.846178694725686
304 312 -0.9464933516083927
305 369 -2.185671589055053
305 313 0.3666606902278335
305 306 0.3859207786844089
305 312 0.92831446435032
306 370 -0.8914112825378959
306 314 -0.25706564784587477
306 307 -0.8752796191806973
307 371 2.410344332829164
307 315 0.7052273152466707
307 308 -1.1236184181016344
308 372 0.3671425115229964
308 316 -0.9698371670757323
308 309 -0.9593651735182053
309 373 -0.7995811790481209
309 317 -0.16836087846112047
309 310 -0.01588145376073623
310 374 -0.6638070501785135
310 318 -1.0479080082035481
310 311 1.736710367412362
311 375 1.5763662781166417
311 319 -0.08454424971650658
311 312 -2.45459844702398
312 376 0.7671333465731687
312 320 0.7513704954463855
313 377 0.24210115232283436
313 314 -0.8585903831921096
313 320 0.5627983165245922
314 378 0.8694677666293088
314 315 -0.7325927539245638
315 379 -2.5693986313777777
315 316 -1.3879534975643204
316 380 0.39077161111770825
316 317 -0.26926331172578244
317 381 0.7125040493953579
317 318 -1.2078206073238538
318 382 -0.11788968050568976
318 319 -0.5701146358723517
319 383 1.0147030209086094
319 320 -0.009209586696982191
320 384 0.5054265303869863
321 385 -2.3106538309981075
321 329 -0.6361947182067541
321 377 0.2425199311507191
321 322 -0.8131474126684316
321 328 0.34567082113393904
322 386 0.7883435907290268
322 330 -0.03085041527334653
322 378 -0.02809879197145861
322 323 0.5581450805853236
323 387 0.6299215945905349
323 331 -0.022679667947731144
323 379 0.6647917898580189
323 324 -0.535776838367629
324 388 -0.8539773159337911
324 332 1.0938511857722748
324 380 -0.41501902333893603
324 325 0.25174540208786556
325 389 -1.2208509951348798
325 333 -0.4367354508842684
325 381 1.4401565123601625
325 326 0.23840099132196757
326 390 0.41281685758969483
326 334 0.045353260996403945
326 382 -2.2700657023520616
326 327 1.1722972686882616
327 391 3.1311699162522557
327 335 -1.634384909297679
327 383 0.4753597477843312
327 328 2.3545167957749022
328 392 -1.0775754534166282
328 336 0.15064971628831494
328 384 1.1553144673612616
329 393 -0.09661227944548045
329 337 0.7683797062089605
329 330 -1.0416880376243407
329 336 0.7520219711980571
330 394 1.1651560908936316
330 338 0.6247438088379973
330 331 0.059270086529532494
331 395 -0.6540937714353713
331 339 -1.920848581252116
331 332 -1.4028685640428367
332 396 0.5303423392162655
332 340 0.6072718668243293
332 333 0.16662287629736916
333 397 0.9791490631307378
333 341 -0.4167515722496624
333 334 -1.5122327958590762
334 398 -1.2410681593987158
334 342 1.146240817065758
334 335 0.321303665412944
335 399 -0.22263486379914685
335 343 -0.900151439869056
335 336 0.6336418569518315
336 400 -0.43568025449603837
336 344 -0.7983621763316145
337 401 0.500904168496743
337 345 -0.779186763930768
337 338 -1.1440082506939162
337 344 1.7039481479594751
338 402 0.936035483782688
338 346 -0.8623130344497137
338 339 0.962892157656212
339 403 0.8855634873231267
339 347 -1.4109900562834605
339 340 -0.5473576987176412
340 404 -1.7408471353941897
340 348 2.461868210453204
340 341 -0.6330354306214002
341 405 -2.1077012101552923
341 349 -1.3318616780384602
341 342 -0.44992565014080865
342 406 0.9968266527325336
342 350 1.1068879829593106
342 343 -0.7019169304795774
343 407 0.23432951341099115
343 351 1.209852342149118
343 344 -1.670558626188044
344 408 -0.5218117071492784
344 352 1.2206918131251885
345 409 0.14902042623236558
345 353 -0.23272919871494643
345 346 -0.4258266394062482
345 352 0.22222985303058856
346 410 -0.2517208876530269
346 354 -2.1721736250494574
346 347 0.5571884414231715
347 411 0.5864176922057178
347 355 2.1268348273751165
347 348 -1.8809555625199323
348 412 -0.21438722527485088
348 356 -0.06980925938517057
348 349 -0.27897823441566794
349 413 0.14526582823809106
349 357 0.8623555744126921
349 350 -1.1100884525277026
350 414 1.2036595668918888
350 358 -0.10960917749779539
350 351 0.5726906454927182
351 415 0.9121563234497182
351 359 0.031003505841231932
351 352 0.7539729359310515
352 416 -1.3160773445654714
352 360 0.17934052562224215
353 417 0.6771145307601943
353 361 0.7308503258729502
353 354 0.5416382267829263
353 360 0.5242234537782738
354 418 -1.2341223808879527
354 362 -0.1839369890427519
354 355 0.39330200208694605
355 419 0.7641198138578442
355 363 -0.6710183056347323
355 356 0.3006240575713075
356 420 -0.12654767642716733
356 364 -1.5277614123185068
356 357 -1.109352858234144
357 421 1.4819437480594362
357 365 -0.2436578883525404
357 358 -0.36318005220064115
358 422 -1.626407230022183
358 366 -0.881617693119171
358 359 -1.312361416556414
359 423 -0.4783527517673872
359 367 0.1867873215630976
359 360 -0.47994175772302955
360 424 -1.5314584640942617
360 368 1.014412614103545
361 425 1.0412595085864178
361 369 0.15361249997477106
361 362 -0.5191335793971703
361 368 0.40431225147665817
362 426 -1.973382955133192
362 370 1.2748687089449886
362 363 -0.7065873727455849
363 427 -1.5793727246711422
363 371 1.9702039898638197
363 364 -1.177130190987964
364 428 0.48752476484536245
364 372 -0.2602479623735157
364 365 -0.7400317799235668
365 429 -0.4451329620813894
365 373 -1.1182899347809556
365 366 -0.27236032599383275
366 430 -0.1273294894230109
366 374 -0.8140864739378726
366 367 -3.0816304790473237
367 431 0.1562636305038941
367 375 -0.6613762482325494
367 368 0.7833638726829636
368 432 -0.09800977749731865
368 376 0.546863708673529
369 433 -0.10161706896792058
369 377 0.2569213471777873
369 370 -0.5400177747481222
369 376 0.6187414008940493
370 434 -0.8484298905412331
370 378 -0.4300427002108242
370 371 0.441085208826873
371 435 0.5182319585832906
371 379 -1.9629562296256136
371 372 0.9577693556303584
372 436 1.225525681448651
372 380 -0.9692003233392998
372 373 0.08325941168140291
373 437 -0.8711615962787821
373 381 -1.2140019912956705
373 374 2.2199124647016784
374 438 1.1281873540182767
374 382 0.3078990049203605
374 375 -0.3867094724467846
375 439 0.0841532008696855
375 383 -0.315785407270445
375 376 1.4891584691109732
376 440 0.26500337603316665
376 384 -0.20760583126881507
377 441 -0.4583255234501213
377 378 1.1567088339300566
377 384 -0.8612715958244833
378 442 -0.23472622023751533
378 379 0.1930228948290544
379 443 0.7118158907451031
379 380 -0.15439795018689767
380 444 0.12398790298761812
380 381 0.7412600883128643
381 445 -0.2099336810782879
381 382 1.672959972939961
382 446 1.3474485811701693
382 383 1.5695160443210316
383 447 1.6390453303894617
383 384 0.7080497041227235
384 448 0.4929264867740263
385 393 -1.0670594501622666
385 441 0.7154878970589371
385 386 -1.340384219284951
385 392 0.09737308586758947
386 394 0.9913611507472416
386 442 0.611422966433561
386 387 -0.8358611521695483
387 395 0.5596543268361994
387 443 0.16563970707091652
387 388 -0.30237742896724956
388 396 -0.8873850433055999
388 444 -0.2969042076731454
388 389 0.28417569330281334
389 397 0.07542337138177985
389 445 -0.0228073994322184
389 390 0.9146247394934098
390 398 1.1066394783344267
390 446 -0.8468306735620056
390 391 0.8663449887329557
391 399 -1.3196318989321107
391 447 1.8526434529955509
391 392 0.5567545307211793
392 400 -0.08715387380090941
392 448 -0.4602485459081021
393 401 0.6681328311759835
393 394 0.5272339959658608
393 400 -0.4840906334677204
394 402 -1.0019765778423808
394 395 2.094173508532324
395 403 0.8865070530564658
395 396 -0.008333501989489098
396 404 0.7903732060087132
396 397 0.01276738414231294
397 405 -0.6234008414478938
397 398 -0.3607010833675089
398 406 -1.1043789730547358
398 399 -0.02415479312354443
399 407 -0.7943866372029287
399 400 -0.9020785983593153
400 408 0.41031575124378145
401 409 0.41850646755466686
401 402 1.1119891553776398
401 408 -0.976827035789821
402 410 0.7120723469483693
402 403 -0.20655168955686648
403 411 1.2494447835881302
403 404 1.256606235172636
404 412 -0.13646734226932694
404 405 0.48013328890919865
405 413 -1.431008713654106
405 406 -1.3220648467438647
406 414 0.723592816758336
406 407 -1.0439020675284525
407 415 0.8540617711032286
407 408 1.051803794830383
408 416 1.07274052635903
409 417 -0.9059694112664912
409 410 0.22542412704485376
409 416 -0.8160181386963574
410 418 -0.4422265985631456
410 411 -0.8093547049485749
411 419 -0.4469985214537161
411 412 0.4050969109244043
412 420 -0.7376690800473669
412 413 -1.8792386142467077
413 421 0.31991544528200755
413 414 -0.20794921560010862
414 422 1.568058175906444
414 415 -0.4005941866816322
415 423 -0.8354566550662096
415 416 -1.2830363652775267
416 424 0.2647983510944192
417 425 0.7175139205983165
417 418 0.5819766250642667
417 424 -1.1125255467265114
418 426 -0.6210901231945827
418 419 -0.5692692778929941
419 427 0.44609889365775246
419 420 0.46678780518095103
420 428 -1.7618569425192288
420 421 0.14427734540096632
421 429 -0.1766362665527083
421 422 0.6720837763024954
422 430 -0.8170414043212977
422 423 -0.357099048041658
423 431 0.46791385698533405
423 424 -2.200379432351848
424 432 -0.6232462177974595
425 433 0.37057857015499623
425 426 0.4137506956595156
425 432 -0.44458323908341213
426 434 0.17718055171478975
426 427 1.6325674699334678
427 435 0.5798714815512954
427 428 -0.17975569594101096
428 436 -1.1064680411265935
428 429 -1.4576348203391054
429 437 0.20071622169399708
429 430 0.7729928354115998
430 438 0.42643118580143247
430 431 -1.1546444560810072
431 439 0.25996243397877
431 432 -0.4706566396147289
432 440 -0.4258235253898452
433 441 0.8779595218462951
433 434 -0.36207448662871294
433 440 0.620330361595362
434 442 2.227166271674633
434 435 0.4420879915049059
435 443 0.691436662817734
435 436 1.1969190056968353
436 444 0.24244661921548846
436 437 1.8811270663882045
437 445 0.41753791318200534
437 438 0.5718019114442624
438 446 -0.6132009728383614
438 439 1.494983622591716
439 447 1.0494522937702309
439 440 0.974030987100684
440 448 0.19447914536685212
441 442 -0.6630186381814196
441 448 -0.7304012049722343
442 443 -0.8950013102850107
443 444 -1.0093774391248418
444 445 -0.8912824299551567
445 446 0.2419682581785098
446 447 0.4614401784359445
447 448 -0.26828199209157544
