512 1536
1 65 -0.7362553767430071
1 449 -0.8571824831095637
1 9 -0.7632458160204668
1 57 -0.3492304577394312
1 2 1.0797753801188854
1 8 -0.3968367616925807
65 129 1.1046081212216576
65 73 0.7013930479914289
65 121 -0.9020219147477974
65 66 0.9997841428874835
65 72 -0.14341858115167108
449 385 0.07718333205442943
449 457 -1.187042656178987
449 505 0.7017234779860986
449 450 -0.6789065000718083
449 456 0.9986470327608428
9 73 -0.8688209510484093
9 457 0.060162023103114415
9 17 -0.5500037840152688
9 10 0.025733920842471857
9 16 1.109792211978232
57 49 -0.9905945869778501
57 121 -1.9820984111832007
57 505 1.216905204035593
57 58 -0.8037169946927302
57 64 -0.9990384536517635
2 66 -0.034118423444149816
2 450 -0.06803285196079452
2 10 1.2396004991872145
2 58 -1.3316412093667118
2 3 0.3572670290948769
8 7 0.22156703114961684
8 72 -0.15788512963271487
8 456 -0.7004243365463684
8 16 -0.936101265931956
8 64 0.3957988929100121
66 130 -0.22640484673944952
66 74 -2.2305502291823736
66 122 -0.8770669159528498
66 67 -2.9346796664083534
450 386 1.1898634135703683
450 458 0.9043755127800508
450 506 -1.4738244373733445
450 451 -0.6243712996552654
10 74 0.8098604284940178
10 458 -1.2651885869557635
10 18 -0.9654481132462989
10 11 0.5300614783153784
58 50 -1.1492894384501346
58 122 1.5395708458314523
58 506 1.4401022037658466
58 59 0.9834479586132425
3 67 0.39748633731189814
3 451 0.04263188905089057
3 11 -1.2873467171347401
3 59 -0.23206081424961378
3 4 -0.9434909557285054
67 131 -1.1685753787376827
67 75 -1.6978288729811761
67 123 0.35368202643462565
67 68 -2.124095358683891
451 387 -1.898690497640667
451 459 0.9284575294690122
451 507 -0.44961947447342143
451 452 0.7354151500678984
11 75 0.4103741442262841
11 459 -1.0085406539532682
11 19 -1.3727803255038895
11 12 0.8385864549622022
59 51 -0.27085102167835917
59 123 -0.35910110260441264
59 507 -0.24676722166481105
59 60 0.1381396615559843
4 68 -1.0195643513996435
4 452 -1.07483758498851
4 12 -0.5339079276265858
4 60 -1.8074298009958638
4 5 0.8231853255050323
68 132 -0.8989875081395632
68 76 -0.5006979450214253
68 124 0.8145204923240305
68 69 0.8578231928507325
452 388 0.9590915593099498
452 460 -0.9740758451395977
452 508 -0.3074018516438807
452 453 1.4488087211514478
12 76 -0.3724445769403512
12 460 -0.36688558383949016
12 20 -0.038086785954398225
12 13 -1.7703152094990222
60 52 -0.6241294848242444
60 124 2.577299379301141
60 508 -1.0641813304980794
60 61 2.1545105385082137
5 69 0.23730390643733762
5 453 0.5891103124759649
5 13 0.8923949365658285
5 61 -1.9714683734451997
5 6 -1.2677454069319292
69 133 -0.6283373540466286
69 77 1.4782711629652383
69 125 -1.6319883582427352
69 70 0.10460510106751242
453 389 -0.7146971880951682
453 461 0.1452925389604494
453 509 1.5075121594290288
453 454 -2.015728576491772
13 77 0.33091757772630276
13 461 -0.7831996574904667
13 21 0.10806648452774162
13 14 -0.7116868062609093
61 53 0.03331872961220126
61 125 0.6076399443858489
61 509 -1.5605817904877306
61 62 0.02194416659232271
6 70 0.7610518478391108
6 454 0.07584515045011439
6 14 2.9424368599934616
6 62 0.30594976793961737
6 7 -0.8657382176802207
70 134 1.5257478718043813
70 78 0.7792279194069301
70 126 0.7885410885732685
70 71 1.6055458331408274
454 390 0.5964423361887624
454 462 0.40325238071843095
454 510 0.47056555388602156
454 455 0.606840862296601
14 78 1.304022127006405
14 462 -0.6791759018969414
14 22 -0.27109754458352636
14 15 0.8175059511325435
62 54 0.7905192689305132
62 126 -0.7217897805231098
62 510 -1.017925219589213
62 63 -0.011795910127097372
7 71 -0.6922134934763896
7 455 0.037721472631298686
7 15 1.212549576820982
7 63 -0.7805901581062082
71 135 0.6023618209337788
71 79 -0.026964403215685627
71 127 -0.23615037901784466
71 72 -0.15852511731104
455 391 1.5891559767208505
455 463 -0.4319495732888628
455 511 -0.0047054059842026865
455 456 0.9658139109917524
15 79 0.6973766686584913
15 463 2.396148637011102
15 23 0.16385641062853348
15 16 -1.2107369088452362
63 55 -0.6729076184134645
63 127 -0.9541091596951933
63 511 -0.9909978061655611
63 64 -1.4817380584079458
72 136 0.09588432301994472
72 80 0.20719131766468454
72 128 1.3918445306416745
456 392 -0.022310775356852535
456 464 0.14120434383033625
456 512 -1.4586326930150373
16 80 0.06610008181326431
16 464 -0.2107163083158142
16 24 -0.13600462981907266
64 56 0.07314634174253395
64 128 0.19418762003047904
64 512 -0.7165456527491756
73 137 -0.5185859492274139
73 81 -0.31951962138298856
73 74 -0.1608052166286383
73 80 0.1903327671786912
457 393 0.18082448487628477
457 465 -1.569490189691856
457 458 -1.626104918363797
457 464 0.09050567203363886
17 81 -0.6931616851159922
17 465 0.5152899068015921
17 25 0.5842352862516426
17 18 0.36537069422976887
17 24 0.8569850526534539
74 138 0.13064246018179987
74 82 -0.6204401614456628
74 75 0.2157465749816695
458 394 -0.20394277149686152
458 466 0.3347576390143075
458 459 -1.0486248623186962
18 82 -1.0835096894402079
18 466 0.5479163855620776
18 26 -0.039158797786209947
18 19 -0.030284090610511148
75 139 -0.6518071705809727
75 83 1.6743840002745243
75 76 -0.32348929327496734
459 395 1.7545243688209287
459 467 -0.564989174300167
459 460 0.5920527830818676
19 83 -0.19332921537089015
19 467 2.0329275694634994
19 27 -0.6465652427123252
19 20 0.28393877915251636
76 140 -1.5345444409889686
76 84 -1.0655727799885426
76 77 1.4483761616799156
460 396 0.2058016508126621
460 468 -0.4064132593311594
460 461 -1.827781154653611
20 84 0.20556735532953832
20 468 -1.794903597124533
20 28 -0.13184514350155335
20 21 0.7194825636922226
77 141 1.8648025930328596
77 85 1.5179456623521064
77 78 0.12947447396613945
461 397 -0.2264616502478432
461 469 -1.57985656321651
461 462 0.23497506194524173
21 85 -0.10819579866880323
21 469 0.634900438683531
21 29 -0.39194485121476985
21 22 -0.04083584606936411
78 142 1.2079857540159062
78 86 0.65459933701485
78 79 0.007362682320229699
462 398 -1.4039057717948409
462 470 0.0017259136668563474
462 463 -0.23377906245337773
22 86 1.0622599841559457
22 470 -2.0539737394642166
22 30 -1.573162299951093
22 23 0.13248032469040863
79 143 0.7627731114695077
79 87 -0.06335361097699789
79 80 -1.2751440833994838
463 399 0.19035976245160524
463 471 -0.9090901312237835
463 464 -0.015923316208184556
23 87 0.10519383386968338
23 471 -1.4599813854423698
23 31 0.3335587828311477
23 24 -0.48221036026565023
80 144 -0.31905366579040734
80 88 -0.7002095657270094
464 400 0.0688511076739258
464 472 -0.22874529477915595
24 88 0.5248973946872812
24 472 -2.1065450591267307
24 32 -0.16225800905781024
81 145 -1.1321143170042154
81 89 0.4639402462219444
81 82 -1.0488229565763743
81 88 0.44432058800238367
465 401 1.1644837817451483
465 473 1.2586583281460675
465 466 0.790732861998016
465 472 0.05260523585947251
25 89 -0.9481456621243419
25 473 -1.1164158519488945
25 33 0.5468564371720283
25 26 0.2025187025685327
25 32 -0.2658501955618076
82 146 -1.3580308624265889
82 90 0.4275420711419614
82 83 2.1861142781341534
466 402 -0.13896943935359646
466 474 0.8406564911955278
466 467 -0.572994921541661
26 90 -1.7040966022503379
26 474 0.34441766739901275
26 34 -1.1690771624360663
26 27 -0.4347024955861929
83 147 0.7406257397219963
83 91 0.049245065968608816
83 84 -0.5619124451591985
467 403 0.6540541349230035
467 475 -0.010678015891990899
467 468 -1.086370263399151
27 91 0.3413414287179302
27 475 1.3745031209883052
27 35 -0.3846461055162011
27 28 0.45608658068820346
84 148 1.674150605065151
84 92 -1.5548516478655088
84 85 0.7406145427336644
468 404 -0.9067242547219388
468 476 -0.7795513577688534
468 469 -0.3172074816946976
28 92 0.11668327394815116
28 476 0.7363225434807747
28 36 0.702057825175425
28 29 0.0908655552545462
85 149 -0.5448157193804197
85 93 -0.6844397399347102
85 86 0.8038824142311555
469 405 -1.410653203606416
469 477 0.47463973090729134
469 470 -0.21370976547130757
29 93 0.16685426420591362
29 477 -0.5761562880905128
29 37 1.7352021506922581
29 30 1.9075521065742131
86 150 -0.8199104341871921
86 94 -0.7549906347163401
86 87 0.16157900139145803
470 406 -0.8243125444825202
470 478 -1.6303586726692165
470 471 -0.5072888212661538
30 94 -1.348822387591197
30 478 -0.43502017192347275
30 38 0.41973842102206976
30 31 -0.9082730755721433
87 151 -1.2658339368249367
87 95 -0.18231135700918769
87 88 -0.43038681529941697
471 407 0.7786050560980455
471 479 1.0209133418532708
471 472 -0.08291849976711617
31 95 -0.26469221444023533
31 479 -2.114067501250079
31 39 -0.4701915073264481
31 32 0.9207020566623156
88 152 0.8071399249691281
88 96 0.2861598171606487
472 408 -1.7643034388433025
472 480 0.1109401343900729
32 96 -1.0694233033434548
32 480 0.5277840843433267
32 40 -0.5918353298604889
89 153 -1.3194454822948178
89 97 -1.0493271670750044
89 90 -1.1387498191168086
89 96 -0.15813650539063115
473 409 -0.3501873012192778
473 481 0.34422828917760656
473 474 1.5016308826845792
473 480 -0.21115458966907474
33 97 -1.8762581332155501
33 481 -1.173927089074621
33 41 0.3431370038463472
33 34 -1.2367775170682709
33 40 0.5925156307512117
90 154 -0.10160985380023993
90 98 -1.0336819664799528
90 91 0.9618303480447367
474 410 0.36699363641394384
474 482 0.5396020153122336
474 475 1.1927533080153168
34 98 0.26491181919986917
34 482 0.00578073589366723
34 42 0.9255876801822703
34 35 -0.42981703608751737
91 155 0.12643241627925098
91 99 -0.1556936245968425
91 92 1.9680756954461596
475 411 -1.6530435104878858
475 483 0.14793726143644068
475 476 0.9878575320009283
35 99 -0.5048929002143798
35 483 0.6283145456660161
35 43 -0.712760566208261
35 36 0.392775454456225
92 156 -0.6258582735576516
92 100 1.8820355181724606
92 93 0.4286387002800898
476 412 -2.677780434113954
476 484 -0.21427788310741225
476 477 -0.13369667600413218
36 100 0.7775495135386652
36 484 0.2897982158374821
36 44 1.7605678937749474
36 37 -1.0837690052637945
93 157 0.9698510643280953
93 101 2.4668422435452175
93 94 -0.36124190018508673
477 413 1.31755114340698
477 485 0.7406612408077509
477 478 0.8293711001433055
37 101 0.6471388774988118
37 485 -1.4542157431386873
37 45 0.28845721049054523
37 38 0.07265492575714512
94 158 -0.4428190925397101
94 102 0.06360811744134505
94 95 -1.2806178729252577
478 414 -1.1153005343712576
478 486 1.8092600938273204
478 479 -0.06347606480755245
38 102 1.9005203318625319
38 486 0.92763911761968
38 46 -1.3045442067650967
38 39 0.45295088944046247
95 159 0.780416861801521
95 103 -0.18582897272225027
95 96 0.4350367642873418
479 415 -0.19893352666887815
479 487 0.8680679471793811
479 480 2.374336471634719
39 103 1.8199503279639646
39 487 -1.0621311455678064
39 47 0.07869278791244157
39 40 -0.4291219730885367
96 160 -0.6945262036249845
96 104 -1.642232075837307
480 416 1.3590251277353662
480 488 -0.42643497680023085
40 104 -0.2596708267290564
40 488 0.6832484052143761
40 48 0.2128335002882037
97 161 0.8879192719689815
97 105 -1.02704021301736
97 98 1.6205492203489456
97 104 -0.3462888049486367
481 417 -0.22996637984707372
481 489 -1.1964507800882038
481 482 0.3255373285166508
481 488 0.224999360973622
41 105 0.5348976893060745
41 489 -1.127276532039167
41 49 0.8289847746988801
41 42 0.8313968297212252
41 48 -0.5460243834219165
98 162 -0.2457484315353703
98 106 0.1609505171554008
98 99 1.6301114665833218
482 418 -0.9415820374822209
482 490 -0.35992902103833674
482 483 0.43837823178090585
42 106 0.006841488787343258
42 490 -1.5382012419821947
42 50 -0.6980757529138997
42 43 1.1769274276390953
99 163 0.3587459964018429
99 107 -0.9290952479779773
99 100 0.04196796175203973
483 419 1.0248035478732898
483 491 0.2912644462612707
483 484 -0.1528401899992601
43 107 2.214757099336568
43 491 -0.018021858595661504
43 51 0.09520331282744941
43 44 -0.842671350500722
100 164 0.688851961058362
100 108 2.1085327651086203
100 101 0.5768579914345318
484 420 -0.00513888728787592
484 492 1.159911838928242
484 485 -0.27224993876997167
44 108 0.47008424215463696
44 492 0.9057113310843419
44 52 -0.21789345446168007
44 45 2.0113453577275324
101 165 -1.0639167750643068
101 109 -1.2055452262802429
101 102 0.20319676720402016
485 421 -0.2464043812694991
485 493 0.3609929645802093
485 486 0.7478220856918747
45 109 0.5656770256815025
45 493 -0.4833801873865726
45 53 0.23483121787358605
45 46 -0.6357273445018389
102 166 -0.7204272396395003
102 110 2.3406595033685824
102 103 -0.7501910197898075
486 422 1.1712111078501988
486 494 0.010463436098116907
486 487 1.259936530913598
46 110 -0.8476374368384452
46 494 1.1132612564784266
46 54 0.46502000438531865
46 47 0.7210108430587548
103 167 -0.8794001770522749
103 111 0.5317586522009669
103 104 -0.6241701478899836
487 423 0.022371103505682548
487 495 0.9685736973338313
487 488 0.02592498352386179
47 111 -0.025333835964882912
47 495 0.6257649599960957
47 55 -1.8318829110870465
47 48 0.6902388215344128
104 168 -0.35564615916999837
104 112 2.354663911223079
488 424 -0.1596484037281349
488 496 0.1113904088792388
48 112 0.12035821238274548
48 496 0.17027603070068356
48 56 -0.8438956633592434
105 169 -1.4631511062484228
105 113 -1.1824869780336578
105 106 1.0910534906459086
105 112 0.6618145985836257
489 425 -0.10327586882320085
489 497 1.496722680782177
489 490 -0.9485809145502522
489 496 0.05166919399928489
49 113 -1.554576087853902
49 497 1.020323140069222
49 50 -1.5411549559339703
49 56 1.187949998726458
106 170 -0.6643388619535324
106 114 0.44226497954821287
106 107 1.0313525386259363
490 426 0.18281604130719448
490 498 -0.8752048469287611
490 491 -1.9638755520436213
50 114 1.0056071958262365
50 498 -0.4335008913646099
50 51 0.9582787165853586
107 171 -0.8765720808341706
107 115 -0.9586973451584845
107 108 1.1572684876053345
491 427 1.672841163989985
491 499 -0.5773526293427783
491 492 -0.5627738857043021
51 115 -0.2060877370943862
51 499 0.40178978104043983
51 52 0.6741150690552018
108 172 -0.44325034951034353
108 116 1.292762310655948
108 109 0.7173627291237489
492 428 1.1570188506182726
492 500 0.5280728467264721
492 493 0.28274813129545734
52 116 -1.6944047230096217
52 500 -0.08063111316913231
52 53 -0.4577387611488439
109 173 -1.7874003442666209
109 117 1.1866115739445469
109 110 -0.6374676601561559
493 429 -1.2864633150521287
493 501 -0.02876547505020398
493 494 -0.17616202775365197
53 117 -0.37191794466525446
53 501 -0.034052284120736374
53 54 0.12825502326307286
110 174 1.3721878482109766
110 118 -0.18357697368938314
110 111 0.9702794998911622
494 430 -1.5898504153167143
494 502 1.0485978485668663
494 495 0.7919306107264069
54 118 -0.6710775256072421
54 502 -0.25915138870244975
54 55 0.4363525295995722
111 175 0.28173208308522646
111 119 -0.19174653950357679
111 112 1.5593221298906956
495 431 -1.0002455219451167
495 503 -0.8892445915919602
495 496 0.7695747008898696
55 119 0.3603660853227327
55 503 0.6294186397292714
55 56 0.821115004063214
112 176 0.39637453023855906
112 120 -0.9862874367251934
496 432 0.7184936319061784
496 504 -0.4439438188455172
56 120 -0.09534107597385151
56 504 -0.17029687512406566
113 177 -0.06208265924259099
113 121 1.327415294736011
113 114 -1.128293611480758
113 120 2.3799678041723977
497 433 2.3792298266908207
497 505 -1.6150327563880658
497 498 -1.7258298383461048
497 504 1.735684915593493
114 178 0.10561923525751155
114 122 -0.6762233130355759
114 115 0.3670568575572957
498 434 -0.8995516453736131
498 506 1.3241246176171901
498 499 -0.19038306890275075
115 179 1.7246947448693635
115 123 -0.6732069183257819
115 116 0.7514574594478737
499 435 -0.5036177914560279
499 507 -0.24334307315901374
499 500 0.7131156787697134
116 180 -2.2360530389801005
116 124 -0.5925836413539793
116 117 0.355331249201201
500 436 0.7517140975038832
500 508 -1.2826878926670933
500 501 -1.655096798141169
117 181 1.2673532826691212
117 125 -0.6869676217694067
117 118 1.698954204380775
501 437 0.07605293553803448
501 509 0.24082437013647343
501 502 0.09497778299314051
118 182 -0.18948558149116934
118 126 -0.2935452104262177
118 119 1.2564405259558937
502 438 -0.6428927648933697
502 510 1.3244038130100573
502 503 -1.7851326085945696
119 183 0.33673708523641127
119 127 -0.2843848971673472
119 120 -0.8482899031648251
503 439 2.053995562893138
503 511 -1.8405662325847476
503 504 -0.9089667952765946
120 184 -0.7974203624649107
120 128 -0.9879043249790996
504 440 -0.5800284614808453
504 512 -0.24675446535578555
121 185 -0.8309408789230438
121 122 0.6390628522216911
121 128 -1.585884313248107
505 441 0.4915613618212509
505 506 -0.7568367077538647
505 512 -0.6093381801547639
122 186 -0.6991363623632103
122 123 0.6699589974236017
506 442 -0.3211422407043953
506 507 -0.8178291444797506
123 187 -0.349563560743843
123 124 1.600985193548301
507 443 0.2515594791255424
507 508 1.1130897638737984
124 188 1.4185693791116336
124 125 0.6929960388099091
508 444 -0.4860097876190047
508 509 1.3453025007443442
125 189 -1.8214256344921567
125 126 1.0107281372811354
509 445 0.08442090351259936
509 510 -0.4460700503162729
126 190 -0.5913050340059243
126 127 1.2048992315642126
510 446 1.212432004584411
510 511 -1.4603986154029076
127 191 0.2679755089116275
127 128 -0.11757712062655838
511 447 1.6304896298321605
511 512 1.2716635853764984
128 192 0.3561252481688801
512 448 -0.46535390414981787
129 193 0.7814302131258979
129 137 -1.7289297635427892
129 185 0.9531664955083213
129 130 -0.7468282352717255
129 136 0.29972387250217924
130 194 0.249183721585064
130 138 -0.1301599786578663
130 186 1.693459897726538
130 131 1.268941100937292
131 195 1.1021443433373956
131 139 0.9858507084988372
131 187 -0.2063552064143259
131 132 0.04177888679929129
132 196 1.2362642866475484
132 140 1.1783225307377256
132 188 0.25819415555212993
132 133 0.053903060516890734
133 197 -1.7541625534008032
133 141 -1.5240451028218585
133 189 2.002002005628459
133 134 -1.206320037472482
134 198 -0.4808521796640973
134 142 -0.48317438124306594
134 190 -0.08489051946264901
134 135 0.9959437219401824
135 199 1.0716272555903588
135 143 -0.569647890182769
135 191 1.0433341304744759
135 136 -0.9573872732256449
136 200 -1.0262907624642001
136 144 0.709267117431057
136 192 0.41058731803740944
137 201 0.8129806072294818
137 145 0.9565325315830698
137 138 0.412788591339812
137 144 1.8706037742773678
138 202 -1.248917749875621
138 146 0.10589705901883255
138 139 -0.6030607240114412
139 203 -0.8033574040160788
139 147 0.46083343218120837
139 140 -0.6584897419673452
140 204 0.06778839430885766
140 148 0.6741275783884444
140 141 0.37053278906022447
141 205 1.0996373671169546
141 149 1.0620816314604198
141 142 -2.3371036507259864
142 206 -0.05814686043181261
142 150 -0.6319731540879916
142 143 0.3903344844461529
143 207 -0.020062742713738348
143 151 -1.3846907001272772
143 144 0.17495476348414754
144 208 0.6187583075257057
144 152 -0.5379638063719593
145 209 0.4270553203829685
145 153 -1.4219184836686325
145 146 0.028942814400501043
145 152 -1.792000957708165
146 210 -0.19664833520943123
146 154 0.7635069818986144
146 147 -0.35549570428339256
147 211 0.016953036155467158
147 155 0.5065805636920298
147 148 -0.3616849013186349
148 212 -1.667927802371387
148 156 -2.9293760583901878
148 149 0.23672959690737858
149 213 -0.9750502481895397
149 157 -0.7793187961406215
149 150 0.033168834109789706
150 214 0.9004263621759057
150 158 1.1547586528062426
150 151 -1.0850805068899914
151 215 0.2569264381953648
151 159 0.26958603789943786
151 152 0.144114865653344
152 216 0.9410595015062029
152 160 2.406727552205083
153 217 -0.8891045832374028
153 161 2.0337311555230713
153 154 -1.6540324897232133
153 160 -0.01030306894274407
154 218 -0.7367265923198248
154 162 -0.49491989126947505
154 155 -1.6619697883376996
155 219 0.10672003645752362
155 163 0.9156997756179771
155 156 -0.23836843274715874
156 220 -0.6411652452440759
156 164 -1.0755482316361002
156 157 -0.05497684888631335
157 221 1.4016645068057554
157 165 -1.2280962899699313
157 158 -0.2336648191876352
158 222 -0.7406848050471511
158 166 0.5241034872703202
158 159 -0.19262953816099396
159 223 0.725970233178714
159 167 0.5048361536750581
159 160 0.07177330885724519
160 224 -1.0685360631753815
160 168 0.47624884017690083
161 225 -0.37945861380490326
161 169 0.43364950397096147
161 162 0.8332308391775197
161 168 -1.1177572317473086
162 226 0.3424097964097126
162 170 -1.424468346658156
162 163 -1.4656586591169056
163 227 0.6635096513845655
163 171 0.8583041905415502
163 164 -0.15904780299510912
164 228 1.64947659642249
164 172 0.40673326379880026
164 165 -1.136590834070436
165 229 -1.5439154282343617
165 173 0.4031193590262138
165 166 0.5064607517245417
166 230 1.0975933694413702
166 174 -0.5174959899778699
166 167 1.1338523483930383
167 231 0.683207162791085
167 175 -0.7455673957162983
167 168 -0.636477562981009
168 232 -0.923185855759605
168 176 -0.9795124123830569
169 233 0.8845441653303057
169 177 1.443819621895025
169 170 -0.8792752336801615
169 176 -1.4057406010202742
170 234 -1.478766533102628
170 178 -0.8899549919526809
170 171 0.33651700449912436
171 235 -1.0953682896907682
171 179 -1.2411426692166194
171 172 -1.347661980526267
172 236 -0.16397326620887717
172 180 -0.8474145950850205
172 173 0.5918642761661594
173 237 0.45060674912246257
173 181 0.8434324803441331
173 174 0.3259809757088384
174 238 -1.0149694648102199
174 182 -1.6327638964440294
174 175 -2.10034278462364
175 239 -0.07189768132697513
175 183 1.1331095309890151
175 176 0.9612131598848505
176 240 -0.6020207443128134
176 184 0.3848645971181246
177 241 0.4967229889140165
177 185 -1.9077008766219943
177 178 0.6397912887889319
177 184 -1.3265201187950078
178 242 0.777544820299808
178 186 1.198519534637367
178 179 -0.6134035243535791
179 243 -1.5002689116298433
179 187 -0.6465013225818645
179 180 1.374863043069128
180 244 2.406370660549795
180 188 -0.508058475260931
180 181 -0.0052314268758009335
181 245 -0.6904748093201601
181 189 -0.14533349203731374
181 182 0.8690080245516164
182 246 -0.2453937456941892
182 190 0.31437569916514485
182 183 0.2047068850332792
183 247 -1.1317923418833276
183 191 -1.406690168769695
183 184 0.40446555374001475
184 248 -0.5263885933416989
184 192 -0.782678699619551
185 249 -0.45845744882273193
185 186 1.2668702549431226
185 192 0.7288693083830197
186 250 -0.7874194747139001
186 187 0.6103087587332449
187 251 0.5765050050930625
187 188 1.862959191538941
188 252 -0.04500327036810241
188 189 -0.48810911044119654
189 253 -0.4899322220452757
189 190 -1.517671132545409
190 254 -2.074014023433678
190 191 0.4105622232109585
191 255 1.29585305157503
191 192 -1.0096563268287997
192 256 0.7068133164008591
193 257 -0.05036021009389483
193 201 -0.9074129360762071
193 249 0.11739580916286671
193 194 -0.15726003632243202
193 200 -0.4735581447210064
194 258 -0.8634321020109916
194 202 0.1678167494923861
194 250 0.7528451025488073
194 195 0.18026757598469612
195 259 0.15799735681894542
195 203 0.9418909674915243
195 251 -1.6096129053123283
195 196 1.3486912669147417
196 260 -1.537344658482669
196 204 -0.009209413894478276
196 252 1.4389821558214628
196 197 1.1666879888114607
197 261 -1.8494190795587708
197 205 1.5622588874914565
197 253 -0.2448238480715927
197 198 1.3127291292371976
198 262 -0.18827185039322805
198 206 -1.3380365922868245
198 254 -0.5524452725174717
198 199 0.7354318739276235
199 263 1.0708165971646864
199 207 2.497423870694096
199 255 -1.228010627248532
199 200 -1.3045402292097383
200 264 -0.5118206417116455
200 208 -1.3893920294616762
200 256 -0.21706021446301088
201 265 -1.2514276557852213
201 209 -0.26634950868007934
201 202 1.2564928801879993
201 208 -0.6692192152195177
202 266 1.863873085389725
202 210 -1.0829076535094802
202 203 -1.0996509756734925
203 267 -0.6061828122711361
203 211 -0.0793463490055737
203 204 -0.3345419513519475
204 268 -1.5657781703198723
204 212 0.4134183299826839
204 205 0.07597985625747249
205 269 1.961468886026574
205 213 0.11692618033467397
205 206 -0.9366537967160491
206 270 1.606016692919344
206 214 -1.5134014182355842
206 207 -0.546747607137997
207 271 0.5295977918115307
207 215 1.1411177212255996
207 208 -0.1483576721236232
208 272 1.2726770309938646
208 216 -0.3782562975844066
209 273 0.013261720261813584
209 217 0.4623859816646007
209 210 -0.9946512707665854
209 216 0.17037855004637278
210 274 -0.1681982159759712
210 218 0.23853001970763674
210 211 -0.9518663790106981
211 275 1.301786332137634
211 219 0.39519532612893554
211 212 0.1381701818967866
212 276 -0.6088744640956509
212 220 -0.1399387433195597
212 213 -0.0893132755131833
213 277 -1.6820687480017331
213 221 1.6806325694513422
213 214 1.3423581842332615
214 278 1.228210036538077
214 222 0.5482103486901356
214 215 -0.6684717199622406
215 279 -0.40238052677161446
215 223 0.6559974128217377
215 216 0.9039458540342229
216 280 -0.8075370087576842
216 224 0.6239134256764739
217 281 -0.4018964411176266
217 225 1.0818418907072593
217 218 0.3865548507570331
217 224 -1.6653184918908088
218 282 -0.7044248940587101
218 226 -1.7719820409087672
218 219 -1.0567531093177098
219 283 0.47524355091903087
219 227 -1.2471771371261473
219 220 0.5240524532839614
220 284 -0.6676420392135413
220 228 1.5963582653118287
220 221 -1.038251394296757
221 285 -0.7046603163965984
221 229 -0.3689210981171152
221 222 1.7457785172128448
222 286 0.9038105253656712
222 230 -1.7590000223553377
222 223 1.0053497493566115
223 287 1.266911053316122
223 231 1.4606525508523363
223 224 -0.6561342026942822
224 288 -0.792610433504374
224 232 -0.5572084837313686
225 289 0.06216321213557424
225 233 0.954076869500302
225 226 -0.44869125614268995
225 232 0.10871985893471654
226 290 1.0310416841014327
226 234 0.6757227239796522
226 227 0.5491149945166389
227 291 1.1722209409237885
227 235 2.155707507026309
227 228 -0.7129211650634435
228 292 0.6639821526777248
228 236 -0.13743813799649574
228 229 -0.7773537467206049
229 293 -0.3231987231204082
229 237 -0.348154333811047
229 230 0.06557655627804376
230 294 -0.6071146974967007
230 238 -0.34536845382855885
230 231 0.13527721535355133
231 295 -0.07195619321854349
231 239 -0.406452461372952
231 232 0.5859757957400435
232 296 -0.5125426543209244
232 240 -0.9067161889444874
233 297 -0.010262100784576561
233 241 0.8569096978390683
233 234 0.30992117968202937
233 240 0.904058130017134
234 298 -0.7657715507280538
234 242 0.7033481321168122
234 235 0.9557361897370175
235 299 -0.8093571322096709
235 243 1.8718218663616528
235 236 -1.393607540513456
236 300 -0.6727287000234028
236 244 -0.6537272592566249
236 237 -0.6564551955656484
237 301 1.2358072913230815
237 245 -1.119372005077526
237 238 -1.8959336924489778
238 302 0.8595627096579909
238 246 0.7230208686152643
238 239 0.03901411116524293
239 303 0.7509481550024604
239 247 1.0911404438681682
239 240 -0.01049967051334609
240 304 1.445353535120625
240 248 0.885404979053709
241 305 -0.5602018204811184
241 249 0.030590117632045125
241 242 0.5147337575629316
241 248 -1.7066247232103549
242 306 -0.18181325683532834
242 250 -0.9700564790842668
242 243 2.6271965870313423
243 307 -0.47447207027734994
243 251 0.736893797943129
243 244 1.019302698717946
244 308 -0.010637371490489149
244 252 -2.0180488673764474
244 245 -0.9740077333683498
245 309 -0.8984317022167249
245 253 0.9802372558295345
245 246 -0.651014166523957
246 310 -0.1334145271595661
246 254 -0.5145294243482228
246 247 -0.2320907849957206
247 311 2.213756152379397
247 255 0.21578357851570507
247 248 0.5546541785234866
248 312 0.016879041219156184
248 256 -0.20759819753447184
249 313 0.9457608364887933
249 250 -1.3819946453814185
249 256 0.5075188445986956
250 314 0.10214238507914478
250 251 0.4770277955789303
251 315 0.6475338104347844
251 252 0.9227308474523177
252 316 0.2950329402063445
252 253 -1.0499834081306592
253 317 0.810537542783651
253 254 0.42703039455841757
254 318 -0.2564349178038259
254 255 -1.0596205930321758
255 319 -1.7249993288738492
255 256 0.1999336071384435
256 320 -0.4756014233983174
257 321 1.2210082095143104
257 265 1.3405092599939157
257 313 -0.5601799930251786
257 258 -1.6415248652309777
257 264 1.1075002175172517
258 322 -1.4555495009348012
258 266 0.3530100747155025
258 314 -1.1585469751845126
258 259 -1.191585853844573
259 323 0.04876447196565309
259 267 -0.3390076155985847
259 315 -0.30980420461626706
259 260 0.7638033169574712
260 324 1.2228469690391919
260 268 -1.7505040832697452
260 316 0.27368401829437655
260 261 -1.497664578173649
261 325 -0.8152504308004278
261 269 1.5764411996225454
261 317 0.7779977195575424
261 262 0.5980146891670641
262 326 -1.0606852004341232
262 270 -0.35340618085023207
262 318 -1.080931515022269
262 263 -1.259887899757508
263 327 1.1161704134723358
263 271 -0.29622365332898104
263 319 -0.14599614054602408
263 264 -0.9250619915771733
264 328 0.7602765036838538
264 272 -1.7953013429478175
264 320 -0.8872838639070814
265 329 -0.7343616729117995
265 273 0.48204705182930874
265 266 -0.3043013056499595
265 272 1.6179465738140082
266 330 1.4791571925979488
266 274 0.7063382839323509
266 267 0.48870557290618866
267 331 -0.4356218620772259
267 275 -0.07417231678749685
267 268 -0.6813937214894672
268 332 0.5481294365701229
268 276 -0.2523682014920548
268 269 -0.6820946717139104
269 333 -0.1112274981965846
269 277 -0.3604715600793103
269 270 -1.3344912640700588
270 334 -1.0751085508463745
270 278 -1.2603949521912232
270 271 0.13180397220785176
271 335 1.5091757065924725
271 279 1.1279577495743665
271 272 0.06244029425177537
272 336 0.2456899398132209
272 280 0.28023568601892507
273 337 -0.581418379255511
273 281 0.8599906437059159
273 274 -1.5506978061298364
273 280 -0.7307170570446372
274 338 -0.35504504672733933
274 282 -0.16357275865648438
274 275 -0.9441108110587996
275 339 2.082468034013055
275 283 0.9279335690306907
275 276 0.03229567406746248
276 340 1.8412125477684704
276 284 -1.5617628813384277
276 277 -0.7344948481858319
277 341 -0.313945826413495
277 285 -1.2357022695848554
277 278 0.24171796061452244
278 342 0.09879261644840409
278 286 0.9029820712260834
278 279 -1.0539726243073366
279 343 -0.6646200296526841
279 287 1.0484966890544427
279 280 -0.343869141309789
280 344 0.7592998535183868
280 288 0.4937761948113194
281 345 0.005784638798103146
281 289 -0.5826588498149419
281 282 -2.8601151274673615
281 288 -1.0617749514493149
282 346 1.9525296673668617
282 290 -0.29342448285860956
282 283 0.1894303052677884
283 347 1.5247890877681214
283 291 1.205200511413319
283 284 0.2681777752528455
284 348 -1.367030245703022
284 292 -1.5058341296050126
284 285 2.258331942180954
285 349 -0.4845365653774174
285 293 -0.8747583223292845
285 286 -0.9855081181802424
286 350 -0.21092203059684228
286 294 1.8415425769985097
286 287 -0.29988348119983876
287 351 -2.1159766640204207
287 295 0.08741189005008648
287 288 1.450695725402897
288 352 0.7487485671853386
288 296 0.24259960394464203
289 353 0.3222642931533181
289 297 -0.21783170178990516
289 290 0.35983051897454704
289 296 0.7010306021198139
290 354 -0.264630103445252
290 298 -0.28405534905435825
290 291 -1.3449291729821446
291 355 0.7254655704123274
291 299 -1.7032328851026324
291 292 -1.5552839531573857
292 356 -2.2660067928797
292 300 -0.25861271958217746
292 293 -0.8021754161476154
293 357 -0.8001770803131036
293 301 -0.9070763943529517
293 294 0.5731927574240848
294 358 -1.4177300625388995
294 302 -0.18724431278123266
294 295 -0.3462460841011089
295 359 0.6611384750553053
295 303 0.18981019284214204
295 296 2.3937552116275076
296 360 -0.17762760926020507
296 304 1.540472359098449
297 361 0.19756711859751847
297 305 1.0870546173095774
297 298 -1.8996770677615573
297 304 0.25686316099783546
298 362 0.20847211212752226
298 306 -0.2518268881251574
298 299 -0.9726276851983244
299 363 0.4242920179954885
299 307 1.0341874696082105
299 300 -0.7749368244579521
300 364 -1.2567699985239686
300 308 -0.4580961774162923
300 301 0.48980714652118834
301 365 -1.2282343084939613
301 309 -0.26807879339361973
301 302 1.5954023525974539
302 366 -1.136814988522364
302 310 -0.7180612404004659
302 303 -2.095951560116706
303 367 -0.0967585979739772
303 311 -2.2856590155534566
303 304 -0.0058871891741219306
304 368 -1.5246542218780823
304 312 0.23022500797284473
305 369 0.7171656216443428
305 313 -1.4489387336850736
305 306 -0.28482445456831884
305 312 -1.256639832562576
306 370 -0.144959707979946
306 314 0.29163238721708784
306 307 -1.5516444427766944
307 371 1.5463340480402248
307 315 -0.014032686812389877
307 308 1.0990422957646497
308 372 -0.18731056731105078
308 316 -0.1230307928089343
308 309 0.2899753822732738
309 373 1.043543747411649
309 317 2.18123950153073
309 310 -0.798431506222604
310 374 -0.06686632886938665
310 318 -1.3915390269595187
310 311 0.4674971945496199
311 375 -0.9723970782220183
311 319 1.1143049060722927
311 312 -2.860047748834541
312 376 1.2599515964479844
312 320 -0.06918320578408058
313 377 0.2228030399006632
313 314 0.23171021292602187
313 320 -0.6098542674880084
314 378 -0.5436644712820534
314 315 -0.19054376111441246
315 379 0.6792924076247077
315 316 0.6839173287299454
316 380 0.12533481999785823
316 317 -1.572218147075307
317 381 0.3523791647895495
317 318 0.8779389615925765
318 382 0.8054396934397231
318 319 0.392569328432266
319 383 0.019569494452648963
319 320 1.9244284746662494
320 384 0.4986594100325538
321 385 0.48403366136523696
321 329 0.9975680802592201
321 377 0.06360938184994647
321 322 -0.640637416308034
321 328 -0.4096055853546356
322 386 -0.08681819861197428
322 330 1.0662169171279066
322 378 -1.0242150515099508
322 323 0.4220263280943037
323 387 1.5592435418128203
323 331 -0.8301235544407193
323 379 -0.7921604123490522
323 324 0.348740688145468
324 388 -1.051054410609413
324 332 0.9973458834304333
324 380 -1.4189914233356211
324 325 -1.2406415349319573
325 389 -1.2174684809334884
325 333 1.808874412560879
325 381 -1.2357239326958815
325 326 -0.1190544722081562
326 390 0.051157180133509006
326 334 1.1432029812675915
326 382 0.22340813463569012
326 327 0.027694291839260535
327 391 -0.0540781535251356
327 335 0.5555911359185555
327 383 -0.17529562251463265
327 328 -1.1672959116958292
328 392 -1.0437742098985734
328 336 1.43804399031992
328 384 -0.35839473478295747
329 393 -0.7248751328606209
329 337 -0.9323228982415799
329 330 1.1776683257948775
329 336 0.7636406944820331
330 394 -0.41062916205212285
330 338 0.7248204780231058
330 331 0.7170127198087212
331 395 -0.5474622044503487
331 339 -0.4263788897398146
331 332 -0.48231525340657067
332 396 1.898656942517651
332 340 0.04518102657353049
332 333 1.4867085773600888
333 397 0.20193229132707996
333 341 1.1645797190269533
333 334 -1.0716808142500711
334 398 0.6336341668405316
334 342 -1.470035961323948
334 335 -0.6820888597374479
335 399 -0.7072655400105611
335 343 -1.2406727551734567
335 336 0.8214852507768726
336 400 0.4443980982414421
336 344 1.5410584602924593
337 401 -1.795701056364186
337 345 1.92149126427728
337 338 -2.261600766054959
337 344 -0.7242943010372977
338 402 1.8450316222006795
338 346 -0.5189064409511145
338 339 0.11461347847835889
339 403 0.45224270067037503
339 347 0.9296991633467473
339 340 1.8836309634477182
340 404 -1.8783093506707726
340 348 -1.079842700108816
340 341 -0.31386232465135555
341 405 -0.11281500710264906
341 349 -0.6502364881095518
341 342 0.514140505690346
342 406 1.2879938331848677
342 350 0.4721596563895007
342 343 -0.677014342019495
343 407 -0.8870298120214074
343 351 -1.8469886105100515
343 344 -0.527877567815633
344 408 -0.3867613993706867
344 352 0.6708454420816812
345 409 1.200284480894704
345 353 0.17434729912067676
345 346 0.39192212276440647
345 352 -0.7766588566281376
346 410 -0.6535335060434342
346 354 0.5032525999367838
346 347 0.26411678368662744
347 411 0.6314528713922407
347 355 -2.02601681841828
347 348 0.5802736224547892
348 412 -0.6088681736829852
348 356 -2.1106453010984625
348 349 -0.5786936605100109
349 413 -0.8769277374413124
349 357 -0.6267217452642421
349 350 -1.0565972310569156
350 414 -1.2818350318931324
350 358 0.24575230714740218
350 351 0.7479391781835638
351 415 -0.246836599205939
351 359 -2.0337062871298692
351 352 0.5187275141983577
352 416 -0.18904739517216504
352 360 0.4345883077770069
353 417 -0.1529200761012979
353 361 0.7269031708820389
353 354 0.28457098341823606
353 360 0.16840491779098363
354 418 1.633010867120713
354 362 -1.5304333551417626
354 355 -0.6207325417344762
355 419 -0.3301504380876826
355 363 0.9011234828089146
355 356 0.3755056379561854
356 420 0.31208652355605004
356 364 0.6598704988204087
356 357 0.5255503344424026
357 421 -0.34522847938316176
357 365 1.2756370906498913
357 358 -0.693341567618434
358 422 0.6135946244376197
358 366 -0.05538340026331701
358 359 -2.7457449700664363
359 423 -0.007779338120066408
359 367 0.195295496070564
359 360 -1.1042971676575795
360 424 0.09507816817377493
360 368 -0.9734196785180952
361 425 -0.15776242859850786
361 369 -0.8941576127068375
361 362 0.6253149421830206
361 368 -0.1383797424082403
362 426 0.8269372822368919
362 370 -0.5354902665205634
362 363 1.5222629124598321
363 427 -0.9769318439837869
363 371 -0.3583329093275936
363 364 -0.3995196000852244
364 428 0.15611299941730603
364 372 2.956855642831249
364 365 1.98599937444826
365 429 -0.4526798592129713
365 373 1.0400133708677097
365 366 0.320901044378211
366 430 -1.2038680840657856
366 374 -1.3253977864099864
366 367 -1.366058617628
367 431 0.02036383317847919
367 375 1.5359266789416834
367 368 -1.2593890691461305
368 432 0.5420645780014508
368 376 0.699655461841624
369 433 -1.4951350869668274
369 377 -1.0657877390529702
369 370 -0.05116985421080089
369 376 -0.4393290701536505
370 434 1.044709771665023
370 378 0.28114836179086145
370 371 0.7638305770300255
371 435 -0.7620559807699216
371 379 0.39796504180760034
371 372 -1.0105243442671974
372 436 1.320268377000212
372 380 -0.6969336194132039
372 373 1.694212173586048
373 437 0.11355513506637492
373 381 -0.08743696395571751
373 374 0.8577266836809574
374 438 0.7571948722225663
374 382 -0.01913338391351332
374 375 0.12850106080617707
375 439 0.6825217216749783
375 383 0.9126739405245821
375 376 0.9082480930141805
376 440 1.091681656743206
376 384 0.36133935649081966
377 441 -2.0644678499392364
377 378 2.502171394907936
377 384 -0.7933129754019632
378 442 -1.1772040323335495
378 379 1.6348117790661818
379 443 -0.5763996778329018
379 380 0.24714159364698216
380 444 -0.15552639607020324
380 381 0.3597605541892398
381 445 -0.17248913616520944
381 382 -1.5975120572744221
382 446 1.2206925635232733
382 383 -0.1798453175538964
383 447 0.10713288563640123
383 384 0.9511880571770205
384 448 -1.1515117698932382
385 393 1.299213735375221
385 441 -0.211088192638722
385 386 0.7496942893828519
385 392 0.4567155623591946
386 394 0.08449497479485882
386 442 0.9914201908648796
386 387 0.0016216886622495963
387 395 -2.118359549160718
387 443 0.29392554349025896
387 388 0.9826145018388142
388 396 0.6952830464605118
388 444 1.0919935386689879
388 389 -0.9769210576070427
389 397 -0.23867735763722506
389 445 1.294311539734168
389 390 1.921581743451414
390 398 -0.19510824827134196
390 446 -0.6157615800317765
390 391 -1.9357187337828352
391 399 -0.8190324529037033
391 447 0.5206852861681823
391 392 1.6099769526325869
392 400 -1.9951383182132705
392 448 -2.7690184438610124
393 401 -0.8911336809403574
393 394 1.5577146253214114
393 400 -0.5716720743253437
394 402 -0.5350060800544799
394 395 -0.9213260529190487
395 403 0.1616957864632098
395 396 -1.3186204286866152
396 404 0.3968640842101863
396 397 -0.29637132102110025
397 405 0.7778189297938277
397 398 -0.6921199847528425
398 406 -0.04266491418857141
398 399 1.402167306931269
399 407 -2.3436772137185753
399 400 -0.12226078582562185
400 408 -0.30214708860496925
401 409 0.5718253398629929
401 402 0.36063631096080484
401 408 -0.7304037528976902
402 410 -0.4943058561879786
402 403 -0.27503803115263775
403 411 -0.29012513799873346
403 404 0.925600780421095
404 412 -0.9775599228995038
404 405 0.5861419190797976
405 413 -1.114253088191509
405 406 -0.6812268466069412
406 414 -0.032722110716106874
406 407 -0.27922596383767945
407 415 0.42938098265396535
407 408 -1.0125928768359727
408 416 -0.23551476306415334
409 417 0.6426587923097954
409 410 0.6898978516561194
409 416 1.2313689413000737
410 418 0.7785067614169058
410 411 0.691577699686223
411 419 -1.3711405452527896
411 412 1.0571310840045267
412 420 -1.21658292644214
412 413 -1.7168103765331735
413 421 0.3986711236805012
413 414 0.9072086367878675
414 422 0.5796960135821787
414 415 -1.5826005490689046
415 423 1.321169970487228
415 416 1.0321450540618275
416 424 -0.3190676983294069
417 425 -1.423234782762611
417 418 -1.8840117060223593
417 424 0.04438678196806124
418 426 1.5801367943426068
418 419 -0.06064919293099382
419 427 0.20268008953862207
419 420 0.04625313425484658
420 428 -0.17112168240246534
420 421 -0.5231277281004654
421 429 -0.5526907195149268
421 422 -0.21445616881710325
422 430 -0.8329981683565124
422 423 1.224709478224077
423 431 -0.4365738127477011
423 424 1.7372928995364427
424 432 0.31815957151962126
425 433 -1.3858963102077217
425 426 -1.4584191179072736
425 432 0.04415825662437307
426 434 0.2005149158112961
426 427 -1.0955407108042186
427 435 1.332713766991517
427 428 0.6780852926539361
428 436 1.624432456585587
428 429 -0.17095554913466537
429 437 1.9043987314140465
429 430 -0.2622990700731603
430 438 -1.7115731009263273
430 431 -1.4450660756271265
431 439 0.3474130750566291
431 432 -0.7127311869047113
432 440 0.9502338471905426
433 441 -0.08486540184372404
433 434 1.6507844051788496
433 440 -0.3309118610859755
434 442 -0.11784267139598037
434 435 0.5540400523884232
435 443 -0.8250148441502709
435 436 -1.4756213467833086
436 444 -1.11119207107505
436 437 0.47127770967548005
437 445 0.2809030424502851
437 438 0.451048851498307
438 446 0.7293711371446234
438 439 -1.4525745131264969
439 447 -0.5088462515092911
439 440 -1.4917873590182995
440 448 -0.5311580886087155
441 442 -0.09309554320045879
441 448 1.104234102611096
442 443 -0.4422293213961092
443 444 -0.26119146070839616
444 445 -0.7546829709741119
445 446 -2.2399015990060978
446 447 -0.7079309477160854
447 448 -0.7316433227723528
