512 1536
1 65 -1.200475311807247
1 449 0.2354959413590702
1 9 -0.05149583084713413
1 57 0.21254922173759
1 2 -0.2893379141246983
1 8 1.302559191550134
65 129 0.8166766478246289
65 73 -0.7788357977646709
65 121 1.1481339015473044
65 66 0.3823097777331017
65 72 -1.3011462765122381
449 385 1.2161322450008119
449 457 -0.35748871783985925
449 505 -0.9967042129725239
449 450 -0.13856516942142508
449 456 0.7661876624153121
9 73 0.17035238533548305
9 457 0.3008471496399433
9 17 -0.05373814577724861
9 10 -0.19966743775322918
9 16 0.3686466791460962
57 49 1.6288983088686433
57 121 -0.3660285165224617
57 505 1.5873515226738932
57 58 0.31487823541205995
57 64 -0.32034728789635186
2 66 -0.635169688730814
2 450 -0.7134500019084897
2 10 -0.42110036820556596
2 58 0.30701235440168984
2 3 -0.1462637518650485
8 7 -0.3875649721210127
8 72 -2.02786982128019
8 456 -0.6385529287205252
8 16 1.9285811969895381
8 64 0.5381481380859023
66 130 -1.3800134643203315
66 74 0.0188284916877405
66 122 0.5654207487035676
66 67 0.04939695263234096
450 386 -2.209311812820616
450 458 0.12449037182981189
450 506 1.8804961263324116
450 451 -0.8275668698782656
10 74 1.0143827402719618
10 458 0.34474186094652504
10 18 -0.24070539234154634
10 11 0.00030622988636669763
58 50 -0.26320922446042183
58 122 2.4982317596801384
58 506 -0.49086297063708484
58 59 0.7160629708083783
3 67 -1.5121707563611448
3 451 -0.9215811902538874
3 11 -0.0826267913291749
3 59 -2.62624877888511
3 4 -1.88557934245322
67 131 -0.9841650264719733
67 75 -1.385357350033039
67 123 -0.284038098114927
67 68 -0.10524323867192784
451 387 0.49644589655260196
451 459 -1.1926800565615352
451 507 0.2223565239421985
451 452 1.2341753068224586
11 75 -0.05559297016860233
11 459 1.4168457705892352
11 19 -1.2296147480081594
11 12 -0.9660420360085797
59 51 -0.9561204485704611
59 123 -0.08331529774696877
59 507 1.9981253326258113
59 60 -0.24703007875419822
4 68 0.5249022332585782
4 452 0.41481613529087935
4 12 -0.35532856161258597
4 60 -0.567331326801882
4 5 0.25588148604243444
68 132 -0.651404965023314
68 76 -0.5916049884824278
68 124 -0.2476266821492418
68 69 -0.5389958899259869
452 388 0.7622299754542073
452 460 1.3841003864953458
452 508 0.6037108786356011
452 453 -0.5849188268531634
12 76 0.5753665279470467
12 460 -0.7932492249216324
12 20 0.6307489128891154
12 13 -1.6151731243816463
60 52 0.1636843787345618
60 124 -1.003990721540732
60 508 -0.9782877275549882
60 61 0.4625280036837033
5 69 0.2609328454884358
5 453 0.9135812253054674
5 13 -0.09714903794560259
5 61 1.1742289302882123
5 6 1.4414444899347962
69 133 0.06384280121421261
69 77 0.49725423988426415
69 125 0.40686447563987893
69 70 2.163268631842196
453 389 -0.5371391866026997
453 461 0.3295176279614626
453 509 -0.9349616622324199
453 454 -0.7162579656098048
13 77 -0.5849550674136593
13 461 -1.1077690932830264
13 21 1.0178279487384818
13 14 -1.6470043511794212
61 53 -1.0303433198244378
61 125 -0.3252208164718803
61 509 0.08411623677324187
61 62 0.08813549020776291
6 70 -1.4386355683615124
6 454 0.6101790891596767
6 14 -0.07277068026192357
6 62 0.8634686629827922
6 7 -0.854776123860339
70 134 -0.9156767203465441
70 78 1.8572326055664274
70 126 -1.1852646264576805
70 71 -0.39518506726480507
454 390 0.2648580769805119
454 462 0.24992598778282246
454 510 0.020585213917884076
454 455 1.5474873571651862
14 78 -0.774342869302589
14 462 2.31918507886817
14 22 -0.6287955023948587
14 15 0.07430638145016392
62 54 -1.6816181365647835
62 126 -0.01262226507104631
62 510 -0.8574901323211951
62 63 0.025627444936979483
7 71 0.10469316713155351
7 455 -0.1256377269139705
7 15 0.06338045282361945
7 63 -1.9110503816448683
71 135 0.45680967424638647
71 79 0.06764990909396358
71 127 -1.1815201229707863
71 72 -0.6562567241284292
455 391 1.0971733017410712
455 463 -0.5019412825913316
455 511 1.5780495345540688
455 456 -0.5564344038456834
15 79 -0.6254199056253742
15 463 0.11284671588605459
15 23 1.2275698109843782
15 16 1.267594976763191
63 55 -1.3569988698092763
63 127 0.6415339600875737
63 511 1.2183572199342951
63 64 1.592044744863308
72 136 1.9004777267164554
72 80 0.4634872254532275
72 128 1.862297517780884
456 392 -0.31164769039897877
456 464 -0.5387193742166779
456 512 1.0307719664560924
16 80 -0.545089813351586
16 464 -0.9549609289395683
16 24 0.6088150166478795
64 56 -1.2995656647687701
64 128 -1.0604269088423468
64 512 -1.23134101119746
73 137 0.4915787324471734
73 81 1.632340373170802
73 74 0.8520556312843693
73 80 0.875156871684163
457 393 -0.3562036138611494
457 465 0.12431697898512624
457 458 -0.23377526438308865
457 464 -0.07464218337029493
17 81 1.090059621854521
17 465 -0.22277855743867322
17 25 -1.0792983232257343
17 18 0.4365928605389431
17 24 0.2942731115150631
74 138 -0.9792196584120227
74 82 0.7855492781009692
74 75 -0.7214579276681687
458 394 0.28780965237249784
458 466 -0.3655933540181069
458 459 -0.30819726802560166
18 82 -1.2148897759090147
18 466 0.22364754972819734
18 26 0.0721869216205992
18 19 1.4094356325201132
75 139 -0.2720627855665732
75 83 -0.053068992425620756
75 76 -1.2662835326866677
459 395 -1.2652398826052509
459 467 -0.05379209283436085
459 460 1.1829242481102493
19 83 -0.7237687460402933
19 467 1.6179421677124708
19 27 0.5490756825319366
19 20 -0.16509722552144424
76 140 1.5999546470571804
76 84 0.16581811543779798
76 77 1.1158023198434037
460 396 -0.418025650649678
460 468 0.8568618495120517
460 461 -0.0310305981136637
20 84 1.202185095794233
20 468 0.39374193404817825
20 28 1.5188638648153507
20 21 -0.4830295860824443
77 141 -0.08216523345390321
77 85 -0.3477718146001903
77 78 1.1406044521906622
461 397 -0.877781137398565
461 469 -0.9756834258845812
461 462 -0.05381266358279558
21 85 -1.1263160960182508
21 469 0.8711233316199454
21 29 1.144814484152504
21 22 -0.6229495134364891
78 142 0.9364238687193741
78 86 -0.7732612748301118
78 79 -2.177437269852169
462 398 1.377059715015812
462 470 -2.220247855010039
462 463 -0.6290904025078221
22 86 -0.2705104858754503
22 470 -0.1371216606018452
22 30 0.9048515365234062
22 23 0.1777163641559632
79 143 1.0540970635263849
79 87 0.732760560290513
79 80 -2.803000167204435
463 399 -0.29189488444490524
463 471 1.738163055384208
463 464 -1.8104359459158135
23 87 -1.7789167768834913
23 471 -1.1392516620540005
23 31 0.9249132560014749
23 24 -0.8843248386173304
80 144 -0.031986581580399236
80 88 -0.8029288287384928
464 400 -1.221245762111141
464 472 -0.24681949958341434
24 88 1.3102411448657196
24 472 -1.4955021359518317
24 32 -0.22916984261307052
81 145 0.8377847763932992
81 89 -0.50714483917057
81 82 0.7687508193228497
81 88 0.72570332087614
465 401 1.3232656012876907
465 473 -0.2866539921309034
465 466 0.6439926958711681
465 472 2.975359072134418
25 89 0.9397797215531685
25 473 0.9914313965521933
25 33 -0.5202263425654343
25 26 0.3988839201291953
25 32 0.5068272393910005
82 146 1.5592960659725852
82 90 -1.9273121429129476
82 83 0.20422246864569704
466 402 -0.8659217706371638
466 474 0.41759042057872686
466 467 -0.06618205157282293
26 90 0.21295729388831297
26 474 -0.8221864818678997
26 34 -2.3088731473271498
26 27 -0.24401409328932971
83 147 0.30341977217896565
83 91 0.21269860971957447
83 84 1.4507023955055656
467 403 0.22411664116720623
467 475 -0.768006328249347
467 468 1.0441922809411504
27 91 -0.613046238607071
27 475 0.9496555206932916
27 35 -0.5528725406613387
27 28 0.14221368162951228
84 148 0.6910341484655231
84 92 -1.5827894092227517
84 85 0.5023899974216322
468 404 0.3230296392213999
468 476 -1.9318935703411473
468 469 -0.5097209168149492
28 92 -0.9639410973984951
28 476 -0.323359524113564
28 36 -0.8319503279829568
28 29 0.2122753844027174
85 149 -0.6133692463143746
85 93 1.3108830752550407
85 86 0.37336906728438934
469 405 1.4264531933497158
469 477 -0.6268976823545749
469 470 0.7035794091902543
29 93 0.2667064273392373
29 477 -0.7866964402044494
29 37 0.9260091829423233
29 30 0.6826660506346879
86 150 -0.36760863293376167
86 94 -0.9587698949453678
86 87 -0.1901667078190821
470 406 1.102800676427828
470 478 1.4969800179568562
470 471 0.0411266718775122
30 94 -2.3532364562643706
30 478 0.04692035354842162
30 38 1.7303329169554096
30 31 -1.1559441442853824
87 151 0.5681583884734009
87 95 -0.27729314475515315
87 88 -0.6561928857248726
471 407 1.9626273846320197
471 479 -0.9696684130855442
471 472 0.5798392254796767
31 95 0.9446958086256674
31 479 0.4906508441106213
31 39 1.8538831652449599
31 32 0.6434404015384908
88 152 -0.2931144720197534
88 96 0.019278386896778753
472 408 1.247901384507548
472 480 1.2181450605438537
32 96 1.0728940207385922
32 480 1.5672026229240295
32 40 -1.2358817022638537
89 153 -1.4382079276878372
89 97 -0.009886145176651406
89 90 -0.18126107629108928
89 96 -0.09747795667013079
473 409 -1.664546649365231
473 481 0.47684104516218745
473 474 0.039538490883723916
473 480 1.70778826483178
33 97 1.3354191149265455
33 481 -1.2873697531541728
33 41 0.9453645877606314
33 34 0.11573094756777948
33 40 -0.13645412472730356
90 154 -0.5908519881179171
90 98 1.0578507456156445
90 91 -1.4611132133588494
474 410 1.1310032333270215
474 482 0.4520125922827613
474 475 0.49055415500392313
34 98 -1.1405313661003431
34 482 -0.06000369996175924
34 42 -0.384333316531946
34 35 0.12463616200016768
91 155 -0.6670440072045797
91 99 -0.8014863011587432
91 92 -0.4716573813486707
475 411 0.35008125843507315
475 483 -1.4917722593898652
475 476 1.4884286815153915
35 99 -0.05210899218982828
35 483 -0.9379715681701961
35 43 0.07860523876999181
35 36 -0.23123732710260364
92 156 -0.2915564491522058
92 100 -0.4477610410698607
92 93 -0.41032885583409984
476 412 0.6350888099652291
476 484 -0.4228928470163618
476 477 1.7726026816653468
36 100 -0.8769316483932362
36 484 2.8137423260116794
36 44 -0.29369879480419786
36 37 0.3699320315637711
93 157 -2.332022556370469
93 101 0.6673398431633433
93 94 0.3094706247318958
477 413 0.2715242665789631
477 485 -0.07081971105874783
477 478 0.1810218915810067
37 101 -0.7649917834116361
37 485 1.9828610199977437
37 45 -0.8304896121352423
37 38 -0.7311363019334829
94 158 0.0979397367980473
94 102 0.03260791603539538
94 95 1.213895064938042
478 414 0.9005889132298065
478 486 1.0162028396612541
478 479 -0.33282906006383445
38 102 0.019748442897070926
38 486 -0.15425680231088879
38 46 2.6687854739375347
38 39 -0.28489918660974917
95 159 -1.339263174652653
95 103 1.5342010584605796
95 96 -0.6479505605974616
479 415 -0.38341920338722624
479 487 1.5194374635322756
479 480 0.6215823192259496
39 103 -0.005086294974166074
39 487 -0.2740379800080653
39 47 -0.7454284505665617
39 40 -1.5221902155789921
96 160 -0.6752395544973745
96 104 0.5208628557974653
480 416 0.3166031355995325
480 488 0.2555684272991585
40 104 -0.5596868348826382
40 488 -1.4335970017524626
40 48 0.6706131188444858
97 161 0.2759149133539534
97 105 -1.205803688193561
97 98 0.9799900947757477
97 104 -0.923139814757149
481 417 -0.443024186755186
481 489 -0.5128946845654948
481 482 -0.9763409541124165
481 488 -1.6515626160551136
41 105 0.3704274899077207
41 489 -0.35414233342301477
41 49 -0.888994130818942
41 42 -1.4158594332119292
41 48 -1.2664420754525318
98 162 1.0265022122119614
98 106 -0.2534350803701042
98 99 0.3975813885038561
482 418 -0.38004407415347946
482 490 -1.9202373136915585
482 483 -0.19769738947671178
42 106 0.40347492552856706
42 490 0.7029189610110811
42 50 -0.14965055266649704
42 43 -1.4814372655814105
99 163 0.2573936303232151
99 107 0.028815692909275388
99 100 0.09507830001354042
483 419 -0.09079692757712254
483 491 -1.0663807208973797
483 484 0.16450983727751622
43 107 0.5080433027240194
43 491 -0.3001309627064503
43 51 -0.6232390028260626
43 44 2.2236343377768293
100 164 -0.21076789944972452
100 108 -1.2925121097475525
100 101 0.352918723065366
484 420 0.038189678065928705
484 492 -1.4137210014338484
484 485 -0.8282667090382139
44 108 0.12862212086517827
44 492 -0.2859153950893326
44 52 0.3206454038338867
44 45 0.24401430137495622
101 165 -0.6843784021154301
101 109 -2.150359018320496
101 102 0.17476929268235714
485 421 -0.47457864537073047
485 493 -1.5824777618068815
485 486 -0.8982193028489404
45 109 -1.2340726521796348
45 493 -3.7038709742578644
45 53 -0.6272561613223788
45 46 0.3975740480001983
102 166 -0.0641928811629527
102 110 -0.2091217668046655
102 103 0.7862778876564366
486 422 0.8309472857820134
486 494 3.7633051836171854
486 487 1.656445366887145
46 110 0.5198860733005721
46 494 -0.9586390163800582
46 54 -0.015498500699832359
46 47 -0.865923537400635
103 167 0.9777362922015039
103 111 0.5043799526683721
103 104 0.42069133716102436
487 423 0.022595957240418893
487 495 -0.04976984731936673
487 488 0.2983256040027235
47 111 2.1564277295878376
47 495 -2.236510990305799
47 55 0.3639879937047465
47 48 0.8010609611605514
104 168 -2.0104878412777847
104 112 -0.7374126239725232
488 424 1.5251638368953226
488 496 0.14501027086157003
48 112 0.20633611021333423
48 496 1.0827693961922626
48 56 -0.7275094806068593
105 169 -0.9181951372813972
105 113 -0.6700589840923229
105 106 -0.5381152420516109
105 112 0.06257777568057513
489 425 0.7087389870395921
489 497 -0.9317926473783634
489 490 0.7779624599661518
489 496 -2.1047994004362582
49 113 0.11775560457539627
49 497 1.0377774624633285
49 50 -1.2252968344526047
49 56 0.30438723350903707
106 170 0.11498395750491104
106 114 -1.7068393801906916
106 107 0.42787172926070804
490 426 -1.7439351795146039
490 498 -1.237359668385276
490 491 -0.9554872970236742
50 114 2.387700163642993
50 498 -1.7282476789857293
50 51 0.30243232457018665
107 171 2.04758449848387
107 115 -0.7020324804590932
107 108 -1.7124549110349814
491 427 -0.6625130727231716
491 499 -0.6973456469373491
491 492 -2.4293699603526924
51 115 -0.8022873593412022
51 499 -0.06415121111096696
51 52 -0.898889395620154
108 172 -1.6617806453860802
108 116 -1.459519864929502
108 109 -0.9557856121252246
492 428 -0.5587427469461015
492 500 -0.016204857386622824
492 493 -0.09147995289148263
52 116 -0.6466850354983602
52 500 -0.7675166234792731
52 53 0.8827248011403961
109 173 1.1481931466780286
109 117 -0.096143169680335
109 110 0.05450317249927895
493 429 0.32635626010526886
493 501 1.031330582369561
493 494 -1.1901893081047623
53 117 0.2434991088592324
53 501 0.37280655198283746
53 54 -1.1450403487026464
110 174 1.7615476827338574
110 118 -3.517742981314749
110 111 0.24910998288122438
494 430 0.3371785787254072
494 502 0.8812623817942147
494 495 0.7463234023118668
54 118 0.03233336428668785
54 502 -0.3034883656011397
54 55 1.0627235941381172
111 175 -0.24587929396665065
111 119 -0.5035868575653079
111 112 -0.04191865708945287
495 431 0.7383190178848043
495 503 -0.1367861984083986
495 496 -0.03295309160796651
55 119 -0.6180685003095033
55 503 -1.050844952248035
55 56 0.6013679111494398
112 176 -0.06230757332927387
112 120 1.4655892016114909
496 432 -2.1216692771835803
496 504 -0.15832161655341986
56 120 -0.6937939232066485
56 504 0.7583794277775466
113 177 0.2883863556782073
113 121 -0.18754379001683422
113 114 1.8246634074795487
113 120 -1.2433598641292407
497 433 -1.3242452622658443
497 505 0.4766035030200104
497 498 -0.5621834233106641
497 504 -0.7845443003772449
114 178 -0.3686144458175195
114 122 0.7106369089999633
114 115 -1.7852996864781614
498 434 -0.9836511752043
498 506 0.4424019199249111
498 499 -0.6352024168959193
115 179 0.846087012106012
115 123 0.15105835238492427
115 116 0.3437370642747931
499 435 -0.370708236304079
499 507 -2.2673905877979816
499 500 -0.1475636180781329
116 180 0.22436354447150983
116 124 -0.5189907582523525
116 117 -0.6964322380715443
500 436 0.7567952996313193
500 508 -1.968934668510491
500 501 0.6510917086478519
117 181 0.26420950528198506
117 125 -0.15552744129202334
117 118 0.443577094465287
501 437 -0.19125698400128757
501 509 0.27478084777063017
501 502 -0.45997696668981064
118 182 1.4013205381777991
118 126 -0.4924688765287874
118 119 -0.6317838358886376
502 438 -0.7646299417559912
502 510 -0.7666148378445624
502 503 1.981782715144557
119 183 -0.8503112688006026
119 127 0.30287062613632315
119 120 1.2367502582852894
503 439 -0.24871285039306307
503 511 0.7987320351051868
503 504 0.1025493019426168
120 184 -0.22373272399672883
120 128 -0.31669753647619625
504 440 0.5193780404264016
504 512 -0.4210335091033856
121 185 -0.8298860492478927
121 122 0.8613069629134464
121 128 1.4562981807725195
505 441 -0.1259575657868707
505 506 0.6283305730185209
505 512 1.0972233711168955
122 186 0.9933282433077159
122 123 -0.0461976133335642
506 442 -1.2608632313899146
506 507 0.5855549497956988
123 187 -0.1632821659345124
123 124 -0.4473634386458153
507 443 -0.3081107791982686
507 508 0.25896999090884076
124 188 2.9077513146635376
124 125 -0.3196204231876247
508 444 -0.9295007537610752
508 509 -0.22894891031283754
125 189 -1.4460620101249837
125 126 0.9737667595999944
509 445 1.0704865661033454
509 510 -0.4002727657181175
126 190 1.0553262636723866
126 127 1.8197798554907767
510 446 1.0988495342658808
510 511 -0.06283680647405944
127 191 -0.5211046013310829
127 128 0.07890449624498949
511 447 1.5212901006841881
511 512 1.3485334577791872
128 192 -0.26908519505734974
512 448 0.959534752706899
129 193 0.4208481901137247
129 137 0.9363869487335752
129 185 0.744150649606311
129 130 0.32619461932839117
129 136 1.0462099448365647
130 194 -0.23243518988911022
130 138 0.23938046380587186
130 186 -0.6442934938016268
130 131 0.5240903183429744
131 195 -0.5256423819305618
131 139 -0.396326491601971
131 187 1.604714068170129
131 132 -0.28381455454767957
132 196 0.9569612441955953
132 140 0.545526443548273
132 188 0.38545510570353475
132 133 -0.30449066971006417
133 197 0.8246503613675944
133 141 -0.2242371798049581
133 189 0.5855575874911307
133 134 0.6699466414327656
134 198 0.14899528917265797
134 142 0.273139408470773
134 190 -0.7294257243900644
134 135 0.9794570020317521
135 199 2.022372563514083
135 143 -0.5568269494450069
135 191 -2.7765306857665752
135 136 0.8426548828099634
136 200 0.6581157118000348
136 144 -1.1586670573698918
136 192 1.399255456376587
137 201 1.657644494335513
137 145 -0.0324091683106751
137 138 2.0766314660674023
137 144 -0.20106868977763653
138 202 -1.2409515928396837
138 146 0.10264433347683727
138 139 -0.27749591756755665
139 203 -0.745779683521407
139 147 2.042860213485344
139 140 2.64555525059436
140 204 0.2312482736190997
140 148 0.3434510112382767
140 141 -0.572958332180952
141 205 0.9215360415624211
141 149 0.6441248409531768
141 142 -0.23670332002363087
142 206 1.1395110423747683
142 150 0.0785410323813235
142 143 0.8976155738104976
143 207 1.3201523143373732
143 151 1.4933980743377568
143 144 -0.3819385203885364
144 208 0.7494567784981578
144 152 -0.24707931069973624
145 209 0.4926518769758475
145 153 1.0424402191655517
145 146 0.05987981733179901
145 152 -0.9612439009650174
146 210 -0.7096670947797585
146 154 -1.582905694843558
146 147 -0.5726104038523051
147 211 0.023017125824349657
147 155 -1.217686095490031
147 148 -0.4308538986110328
148 212 -0.036848642775490055
148 156 -1.2687983450080884
148 149 0.4880567226975746
149 213 1.15578578256998
149 157 -1.9364574940826458
149 150 -0.15807208303461642
150 214 1.0167506486773528
150 158 1.1050069333432957
150 151 0.8073929103754365
151 215 0.08686263159189335
151 159 -0.18423163515119434
151 152 1.3163435948716151
152 216 1.7676695569666199
152 160 0.3255896235039224
153 217 -1.927379899770893
153 161 -2.4394929465664927
153 154 -0.6001704904316987
153 160 -1.0590600987721381
154 218 -0.450913359048424
154 162 -0.4842942366008609
154 155 -0.6646204302437666
155 219 0.952152009911252
155 163 -1.4106935406826504
155 156 1.1000393215983333
156 220 0.751186684107783
156 164 0.6835051667528876
156 157 1.1697972956750438
157 221 -0.4663998438914926
157 165 -0.3431211897735292
157 158 1.5503661354087874
158 222 -1.918499744926824
158 166 0.9301829857484861
158 159 0.6117796214436272
159 223 -0.15739409802954438
159 167 -1.1366311260483841
159 160 1.1237554796412292
160 224 0.38138095617905526
160 168 0.6549213872453961
161 225 -0.0270568816060552
161 169 -0.9305404358068287
161 162 -0.8640113959714453
161 168 0.26554915202484125
162 226 -2.78165290833823
162 170 0.021740259892195222
162 163 -0.030247788381140717
163 227 -0.7324088590177547
163 171 -0.08077584870199393
163 164 -0.47367546246243136
164 228 -1.423569842963935
164 172 1.362999487855063
164 165 0.171825064190991
165 229 -1.012448274545219
165 173 -1.0081394192384991
165 166 0.8094265074364018
166 230 -0.4510914350318381
166 174 -2.1413543109917814
166 167 0.5643700992099028
167 231 0.4132602539654547
167 175 -0.7432676041801105
167 168 -0.06965170030600924
168 232 -0.7427965080572763
168 176 1.2356013966220385
169 233 -0.7061027556759105
169 177 0.5258265245881923
169 170 0.0030205845915139582
169 176 1.3041075547612593
170 234 -0.9277777943768011
170 178 0.5247254625197599
170 171 0.03539738402639153
171 235 -1.5009068555090885
171 179 -0.45487253189253973
171 172 1.5582599074735877
172 236 0.094971948293401
172 180 -0.29185023149456846
172 173 0.4885721688196125
173 237 0.7616045289486333
173 181 0.29528942529692687
173 174 1.1524531407058731
174 238 1.2243712846724175
174 182 0.31393389084361323
174 175 -0.754343976141313
175 239 1.3137771916528045
175 183 -1.4333326425490562
175 176 0.44310211564965146
176 240 0.3540247711655604
176 184 -0.8490917953773987
177 241 0.1559069106528837
177 185 0.5000273197148275
177 178 -1.0309378464211372
177 184 -1.7951331387454432
178 242 -0.5564310247699662
178 186 -0.8686375412015943
178 179 -1.193099664412148
179 243 -0.027794850360164276
179 187 -1.1989892891798495
179 180 -0.35867052411905365
180 244 -0.7491210434253625
180 188 0.4452819087818818
180 181 0.43936799589601794
181 245 1.2443439924848845
181 189 0.7898355343254198
181 182 -0.7252488777472874
182 246 -1.6965071364430793
182 190 0.04344685911297493
182 183 -1.4296171410097391
183 247 -1.2682365564498872
183 191 -0.27333505876013936
183 184 -1.0640726246481866
184 248 0.013134376709608252
184 192 0.28629522130559326
185 249 1.0325522804741873
185 186 0.6091309214078932
185 192 0.07086288070343041
186 250 -1.8302811381051303
186 187 -0.531819321009225
187 251 0.11796683521386875
187 188 0.005759861912111451
188 252 0.5654613963787039
188 189 0.41594356020945916
189 253 1.570281005677898
189 190 -1.583246803821696
190 254 1.4901534740987439
190 191 -0.3654274998041843
191 255 1.780546797554489
191 192 -0.9688544563328009
192 256 -0.9001313243618657
193 257 1.3509997587972256
193 201 -0.8154235305787539
193 249 -0.05067817246133336
193 194 -1.5984551318125524
193 200 1.5371496989217335
194 258 0.10116552242061584
194 202 -2.1331222372753
194 250 0.365179594419732
194 195 -0.5747022617491623
195 259 0.3646933019069732
195 203 -0.14943030262288462
195 251 -1.212255603906785
195 196 -0.5199885058824836
196 260 0.027736530189755308
196 204 -0.5321678169046598
196 252 0.09245760956097782
196 197 0.678506009915323
197 261 0.1065933044812348
197 205 0.8294143004816049
197 253 0.06715883035099891
197 198 2.0819973674044556
198 262 0.073779425462724
198 206 0.19443537398292746
198 254 -0.4755955320822169
198 199 -2.001692214216311
199 263 1.460141333539447
199 207 0.6007812470073326
199 255 -1.963897820510305
199 200 -0.7675710174920427
200 264 1.2030809938636982
200 208 0.4947429019778161
200 256 0.8483528190407229
201 265 1.0864184526128169
201 209 0.0028301852028508813
201 202 0.39282721121778136
201 208 -0.5024058499090129
202 266 -1.892627381341024
202 210 0.3066859955625379
202 203 2.5991620059080573
203 267 -0.42426246072803797
203 211 0.4419424326001634
203 204 2.0324626836198405
204 268 0.26380921822818754
204 212 -1.6019463093144954
204 205 0.19757445275196223
205 269 1.0870302393191904
205 213 -0.9190562587231208
205 206 1.7914692827754242
206 270 -0.06950432802920645
206 214 -0.7515787952751778
206 207 -0.4116789645504262
207 271 -0.9976446438581811
207 215 -0.281292109838211
207 208 1.3786898931244596
208 272 0.6423028315537304
208 216 0.854021701577004
209 273 0.8774794465187593
209 217 0.5118308240046568
209 210 -1.5762243425735563
209 216 -0.0661864030024459
210 274 -1.7936181709504757
210 218 -0.24574426404534777
210 211 -0.5192339474550457
211 275 0.9747802825455723
211 219 -0.4747583732748108
211 212 1.6887897365666729
212 276 -0.7938651407473343
212 220 -1.590369050136999
212 213 0.6655308425222969
213 277 -1.0974712403525142
213 221 0.9806793849741208
213 214 -0.5157436956362008
214 278 1.0581654360763928
214 222 -0.30661851970212844
214 215 -1.6153960039200064
215 279 -0.9660067253563899
215 223 -1.4888352416040895
215 216 0.5321309266628776
216 280 0.29531910048070514
216 224 -0.6096312704482415
217 281 1.2460027509451645
217 225 2.1883588756645103
217 218 1.1343252521560763
217 224 -1.1314777015750743
218 282 1.7034987528921235
218 226 0.358382245803589
218 219 -1.0701494762196722
219 283 -2.346193535524674
219 227 -0.8119372882259005
219 220 2.064777469109
220 284 -1.4537419153436746
220 228 0.5988871985449364
220 221 -1.194037540811516
221 285 2.174243378404215
221 229 0.66787304726986
221 222 -0.9397183447244317
222 286 -1.0708077006469385
222 230 -0.4319936147033307
222 223 -2.1546451046501454
223 287 0.21978929578261167
223 231 2.608119790329782
223 224 -0.39290500239673615
224 288 0.8278526853430128
224 232 0.29052364453071255
225 289 -0.27432590980479216
225 233 1.707395660353422
225 226 -0.26655290326397574
225 232 -1.3126466741076803
226 290 0.9247271748870761
226 234 -0.6481291211305157
226 227 -0.2849161299855719
227 291 -1.273481295961804
227 235 -0.6597714471808392
227 228 -1.1441705389838503
228 292 -1.192881498278529
228 236 0.9637169347121548
228 229 0.3768193075032366
229 293 -0.10177296759483494
229 237 0.8435917702271803
229 230 0.9238611288812899
230 294 0.2726790488948905
230 238 -0.4507341763755737
230 231 0.23528906555318976
231 295 -0.3460842098353187
231 239 -0.3894519734261675
231 232 -1.808583262657659
232 296 2.4954957129096185
232 240 -0.5205904911423521
233 297 0.3016821415637933
233 241 -0.5952915843028254
233 234 0.5627676401724232
233 240 -0.5268135310292718
234 298 -1.2684481488257868
234 242 -1.3538204493869672
234 235 -0.5212947891613586
235 299 0.3750801072286379
235 243 0.9268220988798876
235 236 -0.05510480752802226
236 300 0.701500465717017
236 244 0.7108754530017619
236 237 0.12099019403857031
237 301 -1.493319464132866
237 245 -0.7658462174238284
237 238 -0.14942075266901259
238 302 0.8820185961828287
238 246 -0.11707531632119014
238 239 0.7348640272793246
239 303 -1.0360021571097018
239 247 0.7060789805493055
239 240 0.21724137535094695
240 304 1.7744628742560562
240 248 1.1455599032124262
241 305 0.05721138784532725
241 249 0.9109990477474699
241 242 -1.3217425410875348
241 248 0.1561467880091855
242 306 1.0230882630585822
242 250 -0.4335602560869225
242 243 -0.7331761064609845
243 307 0.9957061436465735
243 251 0.028571630294204522
243 244 -0.2228462181372875
244 308 0.42672207123086653
244 252 -0.1754918505895707
244 245 -0.13914898479326349
245 309 1.8253629992716913
245 253 0.4569079996020038
245 246 -2.0696735058002527
246 310 -0.604190886769988
246 254 -0.17121390562258365
246 247 -0.9323625145773377
247 311 0.668217661382592
247 255 1.6296051536230305
247 248 -0.1341532187457718
248 312 -0.9352186220590039
248 256 1.6034742741196222
249 313 -1.2159891595871324
249 250 -0.47428182222157833
249 256 0.7648351177716657
250 314 -0.1051535195826101
250 251 -1.4045516611668747
251 315 -0.6627191599945411
251 252 -0.12217073062530427
252 316 -0.507603291639577
252 253 -1.3413134839757976
253 317 -0.056578146539855656
253 254 1.7059505032745859
254 318 0.637919247498322
254 255 -1.0616655543813132
255 319 1.282487049759106
255 256 0.6926684049627352
256 320 -0.3822952973448318
257 321 -1.0637340128139157
257 265 0.8375095939487319
257 313 -0.5451643521365511
257 258 0.11537205029968672
257 264 0.16572128147036005
258 322 2.1660173857344165
258 266 -0.16734526332915178
258 314 0.07050829271389517
258 259 -0.10447375282795254
259 323 -1.2511818593486028
259 267 1.0495014113447683
259 315 0.5373401555870961
259 260 0.6627278201689314
260 324 -1.032292221186226
260 268 0.6376091859483762
260 316 -0.23309802147885184
260 261 -0.10958550760423595
261 325 0.8158377360721004
261 269 -0.10649738311895761
261 317 1.1253677044285684
261 262 0.21780896949309542
262 326 0.7119748855791866
262 270 -0.43658002685166475
262 318 0.2716225797392203
262 263 0.754125459369598
263 327 -0.5875056864047795
263 271 -0.7709045895555463
263 319 -0.0032471671206021797
263 264 1.8683780853056757
264 328 0.37213171733551403
264 272 -1.415367758519793
264 320 -0.9256970186113221
265 329 -0.061444531536811293
265 273 -3.383984698980168
265 266 -2.271648106955235
265 272 -0.08333206111579583
266 330 1.0071131894056147
266 274 0.609722860265005
266 267 -0.9828919898454961
267 331 0.025517028461673592
267 275 -0.7635076885409922
267 268 0.2982151109269913
268 332 0.2614731005716058
268 276 0.7277051180135331
268 269 -1.1975622459224564
269 333 -0.5761064123136431
269 277 -0.7748519164306719
269 270 0.7723622756264503
270 334 -0.4322237901287158
270 278 -2.4249768947698005
270 271 -1.3537003778651873
271 335 -0.7074803510717057
271 279 -0.7510354936658861
271 272 -0.08818716315347998
272 336 -0.5423520027769163
272 280 -1.2999411219031456
273 337 1.1847809403670841
273 281 -1.5414482129001272
273 274 -0.8401923469373399
273 280 0.3960187454285097
274 338 1.0508702792685518
274 282 -0.08369879701374296
274 275 0.9653953755339222
275 339 1.392506147545011
275 283 -0.054358919194050136
275 276 0.7034511948986409
276 340 0.5834875209541676
276 284 0.5891790374801179
276 277 0.08369673988407424
277 341 0.337471088199632
277 285 1.052500611489259
277 278 -0.10293500651255091
278 342 -0.9138826976143779
278 286 0.10216861372174021
278 279 -0.04244146112552665
279 343 -0.2864132528791116
279 287 -0.20447859320730286
279 280 -1.1060503279360294
280 344 -0.33893797322490155
280 288 -1.0086281357140754
281 345 0.010636950587558513
281 289 0.10932170073918157
281 282 -0.9052871544640093
281 288 0.8441292983932103
282 346 -1.4470335637683747
282 290 0.5796288703054961
282 283 0.35637426972183794
283 347 0.5799180215284493
283 291 0.3515861903287665
283 284 1.2344562954614284
284 348 -1.0322244252490516
284 292 -1.0103331682712164
284 285 0.6049948430749866
285 349 0.754595925848736
285 293 2.0018433860111213
285 286 -0.08614240748548528
286 350 1.3594049663509256
286 294 0.767159243156611
286 287 1.1725144365981368
287 351 -1.2983714350912612
287 295 2.34194750306613
287 288 1.6562935973569402
288 352 -0.12850771670883349
288 296 1.3140412825944865
289 353 -3.2493937477008323
289 297 -0.15408575716257128
289 290 -0.10011971243719468
289 296 -0.14565047144972745
290 354 -0.15959420524219775
290 298 1.3595333732399193
290 291 0.7840822694558732
291 355 -0.9418605212849215
291 299 1.406065149919813
291 292 -0.9419363051690689
292 356 -0.115140883616307
292 300 0.2811280891185573
292 293 1.093344247870368
293 357 0.4123151538334146
293 301 -0.41597472932858093
293 294 -0.14687476928314858
294 358 2.5901453108026553
294 302 0.36682693870168986
294 295 -0.25538330318786234
295 359 1.9059356532094025
295 303 -0.7325381949841671
295 296 0.9009736357876236
296 360 2.0222737181791386
296 304 0.5995744890599733
297 361 -1.6798110134822906
297 305 -0.6146556517308943
297 298 -1.2301862679296218
297 304 -0.3504668441519493
298 362 1.5195129744730764
298 306 0.283940161532249
298 299 0.03225016665101929
299 363 -0.6608783894055305
299 307 0.34694548888046445
299 300 1.1782358444335264
300 364 -0.28380580063801053
300 308 -0.9174336713662419
300 301 -0.7560098801616193
301 365 1.246482563288813
301 309 1.8106374867990775
301 302 -0.07311418421438863
302 366 2.1274989832351467
302 310 0.6494259203582591
302 303 -0.11330744547194904
303 367 -2.5924406956635333
303 311 0.05664341844202587
303 304 -0.24826503858327875
304 368 -0.37150013131329934
304 312 -1.2878613069984763
305 369 -0.1809411907601266
305 313 -0.6455265287644327
305 306 -0.8770240513063716
305 312 0.1441950152483992
306 370 1.3608935890971499
306 314 -0.035593668113636345
306 307 -1.8007671247292794
307 371 -0.9696131815589674
307 315 0.88534248398959
307 308 1.8337184414754764
308 372 1.7952539234250948
308 316 0.9680802576582582
308 309 -1.9445118269386443
309 373 -0.8056263502163757
309 317 0.6510956321441376
309 310 0.6337834382047898
310 374 -0.5479366397991965
310 318 -0.7498385707473155
310 311 -0.9215126390100179
311 375 -0.646853161173484
311 319 -0.990809968350657
311 312 0.27324748503651014
312 376 1.0220153732403605
312 320 0.27834656786890133
313 377 -1.5570174489694144
313 314 0.7031989015618275
313 320 -2.5852382710894704
314 378 -1.401973089374223
314 315 0.815695930013083
315 379 0.7833468455307718
315 316 -0.9302727460560763
316 380 -1.59099271253954
316 317 -0.8742344621671562
317 381 0.06615376500922618
317 318 1.32978423153547
318 382 -1.4981094845924194
318 319 0.34489914786715087
319 383 -0.05062435112974931
319 320 0.43447129315299193
320 384 -1.490742403425912
321 385 -0.25812308290529457
321 329 2.717364896793283
321 377 -0.8351729433964958
321 322 0.9689294319857746
321 328 1.2806909533743642
322 386 1.788790418835357
322 330 -0.4302919913513941
322 378 0.14910269973943296
322 323 -1.2547252953723362
323 387 -1.329223115299794
323 331 0.7382027179801508
323 379 -0.7029997072336283
323 324 2.6111650152738073
324 388 0.41828106293621714
324 332 -1.1758017133909786
324 380 0.3953311141725841
324 325 -0.7863357814757304
325 389 1.8667310554355065
325 333 -0.3043409420148833
325 381 0.612083593550967
325 326 0.654771823578932
326 390 -0.9625836433576609
326 334 0.5834516901590108
326 382 -0.7059642307956633
326 327 -0.8584926439562954
327 391 -1.2487519263548112
327 335 -0.22061847584043762
327 383 0.4763871562524157
327 328 0.08486694167849405
328 392 -1.1421458873689359
328 336 -0.7891783221591508
328 384 0.19094793382854874
329 393 0.11875070296025038
329 337 -2.072624368401601
329 330 -0.6204059295141024
329 336 -0.336339517900697
330 394 1.7030920160414842
330 338 1.2310063829356992
330 331 -0.19312900818392262
331 395 0.11615338600737296
331 339 -0.16853479239127458
331 332 -1.1686568991498645
332 396 1.1467965480778097
332 340 -0.29285054408810735
332 333 0.1773104961772701
333 397 0.4034149046074887
333 341 0.5583536428185084
333 334 -0.48834014612487214
334 398 -1.0326153761481787
334 342 0.20543001371060968
334 335 0.1263953115574754
335 399 0.8478712506772147
335 343 -0.7116183520992214
335 336 1.1324848636580194
336 400 -0.4538174737443309
336 344 1.7798736310325118
337 401 -0.7277887758300388
337 345 0.34433169277302095
337 338 -1.1938104255859028
337 344 0.451863849855179
338 402 0.32090686211916136
338 346 0.1147253986922922
338 339 2.565452392146409
339 403 1.7044270243766517
339 347 0.5289030931960801
339 340 0.9803094464745561
340 404 0.5440558284895622
340 348 -0.6733453466756862
340 341 0.3582700889664623
341 405 -1.9345839196768821
341 349 0.057139998763897144
341 342 1.2965342241968587
342 406 -1.4956100540518424
342 350 1.4501914300376064
342 343 -0.19542296117436028
343 407 1.27603389328344
343 351 0.3578618790911543
343 344 0.4057905089975112
344 408 0.2512333977856392
344 352 0.6453426737970898
345 409 -0.29109479207314304
345 353 -0.8916183308489629
345 346 -0.12747999787414696
345 352 -1.1104504865356666
346 410 0.43758104181301855
346 354 -0.4016809718213633
346 347 -0.057376539108694245
347 411 0.7222453600452539
347 355 0.7402496881731071
347 348 0.06080039356283985
348 412 0.8458787616614186
348 356 -0.06179310583374692
348 349 0.5623961947132633
349 413 -1.0387906662655733
349 357 -1.9849644533052324
349 350 0.870009908976929
350 414 0.563882133547004
350 358 -0.6295461481189312
350 351 0.11567650666451898
351 415 -1.512506298683422
351 359 -0.47233472203666593
351 352 -0.08535066395880223
352 416 -0.9116413115428413
352 360 -1.8117728774736106
353 417 -1.7121771060219064
353 361 -0.028706639466965993
353 354 -1.384919739079201
353 360 0.12707037872849294
354 418 0.1275040888482373
354 362 0.03578765959656356
354 355 -1.0434725743053868
355 419 -1.5800473649580082
355 363 -0.2572432999022375
355 356 -2.0464274415693215
356 420 -0.30376246003724017
356 364 -0.8392139288776753
356 357 -0.5624128468882894
357 421 -0.9645308147440638
357 365 0.2160895954262809
357 358 -0.5929856717141401
358 422 2.6702714280430904
358 366 0.16919513982677245
358 359 0.3838392281849703
359 423 0.22377809791399397
359 367 2.014543451717774
359 360 -1.5807431271977226
360 424 1.0721736006044709
360 368 -1.7377024590533947
361 425 1.1020977869820603
361 369 1.4167527543126688
361 362 -1.7853447787327552
361 368 -0.1460562646870959
362 426 -0.001969615381950619
362 370 -0.6000420102193612
362 363 -1.0679392061299762
363 427 0.9989786863457641
363 371 -0.56314989178359
363 364 -0.8645503952734355
364 428 -1.1255722768584893
364 372 0.525755601075256
364 365 1.135803930771102
365 429 0.2721606480067748
365 373 -0.024352502575633043
365 366 -1.3553728197629553
366 430 0.6671382023826559
366 374 -1.6997770157347591
366 367 1.6678749605629297
367 431 0.14329732567294245
367 375 -0.43057252322489864
367 368 1.2980151434564278
368 432 0.5297092957844852
368 376 -0.2759504771347579
369 433 0.484007967297319
369 377 0.4699909385614922
369 370 0.9793733804888232
369 376 0.29781461937405457
370 434 1.4980185777268147
370 378 -1.672107363828491
370 371 -1.3982566776915832
371 435 1.2378247293062383
371 379 -0.2725473205853764
371 372 -0.15139947788570612
372 436 -1.7713726206805378
372 380 -1.9824181062502502
372 373 -0.37509483195988935
373 437 0.6793023089635079
373 381 -0.030403815540131048
373 374 -0.18082920821698553
374 438 0.7406772960866667
374 382 -0.4315928331822618
374 375 0.8211562107958673
375 439 0.7847306772062662
375 383 -0.16718833535517877
375 376 -0.06021368052247584
376 440 1.1957457017072828
376 384 0.4111901867498577
377 441 0.0025735514766554377
377 378 -0.8714954446670717
377 384 -0.5283546601115207
378 442 0.1011593865412708
378 379 -2.0677382901296073
379 443 -0.682032410076572
379 380 0.08871232611851455
380 444 -0.8891512650831205
380 381 -1.2202167963801867
381 445 0.3450466395144445
381 382 -0.39641178846226566
382 446 0.8798729137646635
382 383 0.7384743587247288
383 447 0.01488489358478764
383 384 0.36445824085118333
384 448 -0.7675622088952749
385 393 0.6985545848947718
385 441 0.07017735591718328
385 386 0.32579759993194446
385 392 0.8131946540811299
386 394 -0.6381803790166425
386 442 0.5097833998540876
386 387 0.10411702675352191
387 395 -0.8907124840251507
387 443 -0.6562549446700977
387 388 0.7393311402110371
388 396 -0.46885624980410007
388 444 -1.3133388515471274
388 389 -0.9451783353417191
389 397 0.036520847050172035
389 445 0.3199781782746723
389 390 0.037531037097264186
390 398 0.3250858091692039
390 446 -0.30846402644462306
390 391 0.01154941635413678
391 399 0.4394747380589447
391 447 0.14057526397150366
391 392 -0.9684933916616035
392 400 -0.2037976330117401
392 448 -0.7248175115249968
393 401 -1.0854521818016378
393 394 -0.811662326019334
393 400 -0.46908504841920073
394 402 -0.5409894931528647
394 395 0.9624731019247046
395 403 0.7991586737477752
395 396 0.20925264671515248
396 404 0.9961656681072187
396 397 0.927390898772014
397 405 -1.5460230246574092
397 398 0.7975890856146847
398 406 -1.4285698584155195
398 399 -0.7738178232354399
399 407 -0.18359983297297433
399 400 1.2407034349907338
400 408 -1.922934723317497
401 409 1.037764756999394
401 402 1.3939936812800666
401 408 -0.6205375163845888
402 410 1.2309818739802032
402 403 1.1068252216164658
403 411 -0.31510809015886504
403 404 -1.5223361224153191
404 412 -0.2346839907815325
404 405 -0.27392214185640534
405 413 1.3968172776942258
405 406 -0.23640057708771675
406 414 0.050810140868840906
406 407 -3.3537657048984215
407 415 -0.28441981655001053
407 408 -0.8082068455869154
408 416 0.07864691503808997
409 417 0.7341502127553616
409 410 0.07200726051116635
409 416 0.7661128276998362
410 418 -0.5751565185224811
410 411 1.0715445081610402
411 419 0.8559231043881944
411 412 1.9213475743415307
412 420 0.5227343489751746
412 413 1.3301420325163373
413 421 0.5040585495653092
413 414 -1.0310888238286715
414 422 0.7516316123734009
414 415 1.1134566541778865
415 423 -0.7983699320534371
415 416 0.7262650435118336
416 424 -0.3335309728577205
417 425 0.49747798176783387
417 418 0.40190633504911255
417 424 0.7536687120418154
418 426 -0.16709714908369824
418 419 -1.4000966382204394
419 427 0.20847518481096966
419 420 -0.3595679806348245
420 428 0.3989952136772341
420 421 -1.573108386127915
421 429 -0.36918190861294564
421 422 0.09941871675497221
422 430 0.3967648326953641
422 423 -0.7840951871771809
423 431 0.053636244176159066
423 424 0.40817313213539
424 432 1.7671064075795293
425 433 0.25145594619683237
425 426 1.3137750053721953
425 432 0.19657392508655624
426 434 1.1173706758699047
426 427 0.7494816357271383
427 435 1.5975795521012799
427 428 -2.561864466060851
428 436 -0.5958097836287923
428 429 -1.0186780068929568
429 437 -1.2239380553241876
429 430 -1.2593360292184985
430 438 -0.5316240509816949
430 431 2.125408944849289
431 439 -0.346285281615583
431 432 -0.39520600457622534
432 440 0.08111626921998118
433 441 -0.20933666131709472
433 434 -0.3858396216305094
433 440 -2.114427579545157
434 442 1.8025148164193363
434 435 -0.24826194084839853
435 443 -1.7848109245391144
435 436 0.45857790009137406
436 444 -1.9359430864434177
436 437 -0.6482027183075331
437 445 0.4125911879147331
437 438 0.27719609052130056
438 446 -0.4134571479215063
438 439 -1.116485093703107
439 447 0.2102651999841089
439 440 -0.12111653288061609
440 448 0.9621763866518687
441 442 0.4790691638921245
441 448 1.1819653151804013
442 443 0.6502421206437008
443 444 -1.6063215887487874
444 445 -0.10520553569328334
445 446 0.37441321520206194
446 447 -1.5180414106208857
447 448 -0.6167547856196449
