900 1800
1 31 1.1206014411163117
1 871 0.7091594006710624
1 2 0.12893095738124072
1 30 1.480819772143761
31 61 1.7515537703454096
31 32 -0.33392916736106
31 60 -0.20377231031954632
871 841 0.6054435754987366
871 872 -0.19779433519501957
871 900 -1.4018953782220485
2 32 -0.152972086626875
2 872 -1.8491813539092563
2 3 -0.05027400059429874
30 29 1.5129379838283403
30 60 -0.19552207060712176
30 900 -0.06290293852725362
32 62 -2.015385991294313
32 33 -0.9055282431856331
872 842 0.6594390143123625
872 873 -0.2803907619018681
3 33 0.5017503130904326
3 873 0.9829991837646571
3 4 0.4449459133262935
33 63 0.31175278421958813
33 34 0.16334887714138543
873 843 -1.1520592591704208
873 874 -0.8409296977279015
4 34 0.4573198151538475
4 874 -0.17268994695952267
4 5 -0.6975236832958174
34 64 0.4739965174750773
34 35 0.34234636407051244
874 844 0.21750621825972719
874 875 0.24781672214306102
5 35 1.876501867471633
5 875 -0.950573575500495
5 6 0.07132818997822349
35 65 0.5637926463701838
35 36 1.1877599948466437
875 845 1.6173787815590421
875 876 0.8281272182463889
6 36 -1.237556163328392
6 876 -0.6372143574413749
6 7 1.1669671343741663
36 66 -0.08016512003574838
36 37 -0.933969229009549
876 846 0.2494813774111076
876 877 -0.0459280960855438
7 37 0.05157588385162731
7 877 -0.08591842453304614
7 8 0.2795025045230707
37 67 1.2294548589389525
37 38 -0.9171340856253389
877 847 0.36810148336596077
877 878 1.5732787504088146
8 38 -1.7003253517522452
8 878 -0.5602387629571394
8 9 0.15952946924977893
38 68 -1.044053930213162
38 39 1.7805029251067952
878 848 -0.567786292108722
878 879 -0.3626544688469799
9 39 0.0996553801832026
9 879 1.3296664450060873
9 10 -1.129472916893835
39 69 -1.8849639688236142
39 40 -0.48063690542528664
879 849 0.19853640693044713
879 880 0.2338263558040275
10 40 -0.2604557258896476
10 880 -1.57161427262296
10 11 -1.0471939609403096
40 70 -1.686200017559062
40 41 -1.5492738037127447
880 850 -1.304946898008153
880 881 -1.7716274738572797
11 41 -0.4036119417922065
11 881 -0.07019629971001998
11 12 0.6256019638557295
41 71 -0.20666695642830266
41 42 -0.5215502803070077
881 851 -0.8517356740497012
881 882 -0.22523487860181693
12 42 -1.0756658729778115
12 882 0.31546551996940114
12 13 1.6223671612735324
42 72 1.4499813605886462
42 43 -1.8431482941564097
882 852 -0.6200519941764762
882 883 1.1688816779911393
13 43 -0.2834696655940984
13 883 -1.093762875059618
13 14 -1.0281287523314313
43 73 0.8229369765557067
43 44 -0.7090450840275565
883 853 -0.01628709549603636
883 884 0.10903466653161671
14 44 0.8499703996247059
14 884 0.08587298582133536
14 15 0.707845003933569
44 74 -0.3638868466201001
44 45 0.910970006429107
884 854 -0.19883266770194247
884 885 0.40110392524854993
15 45 -0.5327213770180187
15 885 0.7582528278699062
15 16 0.7639197223794189
45 75 -0.8858836127532409
45 46 -0.7776807235539989
885 855 1.519335741535828
885 886 0.2540673557348529
16 46 0.6744992687406542
16 886 -0.6203989311919265
16 17 -1.24779467919988
46 76 -0.23734306858682142
46 47 -0.4441842675048278
886 856 0.7196594587241851
886 887 -0.10528757480240225
17 47 1.9679344149471136
17 887 0.6801578411022741
17 18 1.234689445624013
47 77 -0.06381989622846532
47 48 0.23957190956209923
887 857 0.577729289664863
887 888 -0.6761321098916144
18 48 -0.3117595173366658
18 888 0.29017118463979796
18 19 -0.9480225908644221
48 78 1.194690973626904
48 49 0.11586672697361117
888 858 -1.32403953431115
888 889 -0.39986257924048274
19 49 1.0566320723310778
19 889 -0.5550367294670017
19 20 -0.6502484487992235
49 79 -0.03435225344620897
49 50 0.3988591351586944
889 859 -0.22716196105370945
889 890 0.16372627443141347
20 50 1.409500944372938
20 890 0.2707593336775586
20 21 -1.3842695959239055
50 80 -0.20824571850057932
50 51 0.2866596782760983
890 860 1.4061129452859022
890 891 0.2792845829734855
21 51 0.06294341613236701
21 891 -0.7736868491772527
21 22 -0.5377570555087049
51 81 0.026653144742270245
51 52 0.01456239974735443
891 861 1.503107337440506
891 892 -1.2559180948282138
22 52 -0.2936635686383221
22 892 -0.6971796310403918
22 23 -1.755953580600711
52 82 1.1679837485747044
52 53 0.533714649578118
892 862 0.7542205177616468
892 893 0.14617392159370313
23 53 1.2219708832825507
23 893 0.8829778566994517
23 24 1.3366489097586876
53 83 0.2938240978268078
53 54 1.0800068646352294
893 863 -1.2553197666745797
893 894 2.2803967202340094
24 54 -0.5537958789956476
24 894 0.45108196004067974
24 25 0.43946247507078123
54 84 0.9542150278311536
54 55 -0.158016918636159
894 864 -0.13491461369102759
894 895 -0.5750790759006272
25 55 0.17144003921340134
25 895 -0.069485963383908
25 26 1.1601180834073774
55 85 -1.0130089810268823
55 56 0.30467395196042857
895 865 -1.4001246610054294
895 896 -0.3012077110302487
26 56 -0.8122446245799455
26 896 -2.4267412779442497
26 27 -1.0730015844665295
56 86 -1.1496387219867177
56 57 -0.3793633307447096
896 866 -2.2947101463636006
896 897 1.0458271774400518
27 57 0.2428822039474626
27 897 -0.5978604809228406
27 28 1.9983874087602198
57 87 -0.6500053268712607
57 58 0.4829192500170343
897 867 0.32345875072558744
897 898 -0.7618162935735224
28 58 0.4224622187419598
28 898 0.8934164266113112
28 29 2.178297535902162
58 88 0.008378920879314425
58 59 2.1495315915913484
898 868 1.215326701170755
898 899 0.9505824420252117
29 59 0.5451738464657099
29 899 -0.27815065377489223
59 89 0.5428100495577476
59 60 -0.35855964996668344
899 869 -1.3643618398114474
899 900 -0.14630747457348267
60 90 0.4228104681510692
900 870 0.2325083277065327
61 91 0.29468902061770463
61 62 -0.3633595453758969
61 90 -0.6729819736186478
62 92 0.034696728288371385
62 63 0.09274279315101373
63 93 -0.7585764410639644
63 64 -0.41715096611680547
64 94 -0.5205738889544518
64 65 -0.6803755880993783
65 95 0.5486530267388429
65 66 -0.5062708454729054
66 96 0.22895207988663918
66 67 2.1303143240028852
67 97 0.5069108400691112
67 68 1.549405950301048
68 98 0.4495982275673191
68 69 0.12091717301346863
69 99 -0.5522147998077781
69 70 -1.3906073380846018
70 100 0.005872619120962694
70 71 0.8926561671947258
71 101 -0.4572434824809258
71 72 0.43920015765982656
72 102 0.2551220882443454
72 73 0.44856882222817057
73 103 -0.8572669332485393
73 74 -2.4161268519881425
74 104 1.4961114263752793
74 75 -0.6290053082930295
75 105 -1.7357517398645554
75 76 0.4738211141089042
76 106 0.7652290116090883
76 77 1.5295367400094624
77 107 -0.5308942020351307
77 78 1.4183052935086902
78 108 -0.428509148744535
78 79 0.8656895463730376
79 109 2.008821235761892
79 80 0.34524907644144126
80 110 1.1323732480412712
80 81 -2.284405780112485
81 111 -1.283399554642094
81 82 -0.30160663314399
82 112 0.6106530991336528
82 83 0.5805707163054089
83 113 0.35911427051642353
83 84 -1.7255457507411953
84 114 -0.6634878762432348
84 85 1.45780241169786
85 115 1.529564606000605
85 86 -1.0322942008169442
86 116 -0.9221769417965735
86 87 0.60425259365923
87 117 -1.2395568017194019
87 88 -0.3222831094837995
88 118 1.780434001217212
88 89 -1.23647503491322
89 119 -1.0026269090965494
89 90 0.2203533339403819
90 120 -0.3151515573253483
91 121 -0.6013783602128087
91 92 -1.1170802697864326
91 120 0.13801302602297544
92 122 -0.9093174738664869
92 93 -0.8382694874266275
93 123 0.18693745583206614
93 94 -0.9546887266716965
94 124 1.0413519648534262
94 95 -0.18040180423757168
95 125 1.1656582129508952
95 96 -0.3719819303783452
96 126 0.5339124265705242
96 97 0.7547236169157742
97 127 -1.8367542669891235
97 98 0.1422686843166358
98 128 0.07084315055961962
98 99 -1.2197653924434735
99 129 -0.08511374071931047
99 100 0.44891971432776306
100 130 -0.27246667105211186
100 101 0.9753684458004562
101 131 0.08034681513139212
101 102 0.302701683958814
102 132 1.0216660508690578
102 103 -0.5451822828213125
103 133 1.8420643848306
103 104 0.20441188587981965
104 134 0.7685874748449205
104 105 0.5308900411490878
105 135 0.33228339324223455
105 106 -0.10316417999611205
106 136 -1.5409905043567207
106 107 -2.2367544702030844
107 137 -1.9218535957352665
107 108 -0.4239827191616665
108 138 1.7964882568840272
108 109 1.0713112677171608
109 139 0.6540645571027888
109 110 -0.28771113044274677
110 140 -0.30289760772605606
110 111 0.3584979233978299
111 141 0.31511759694333463
111 112 0.19327140732264736
112 142 -0.0494571340686029
112 113 -0.5691310042642783
113 143 1.785704981027398
113 114 -0.8852381872483964
114 144 0.15000168434660457
114 115 -0.33986026754089405
115 145 -0.5439351132539657
115 116 -0.04720859363824627
116 146 -0.3684802975395973
116 117 -0.2717611013631087
117 147 -0.439709118334586
117 118 0.4739079079447704
118 148 -2.220622137985598
118 119 -1.0112476198931841
119 149 -0.6613150064609694
119 120 0.6592656017743209
120 150 -0.20045644080732697
121 151 -0.132289934968876
121 122 0.4507794615695283
121 150 -0.10934383662104492
122 152 0.45869079822077247
122 123 -0.6480343079978866
123 153 0.4801026936482282
123 124 0.9082852098961895
124 154 1.404585919953187
124 125 0.1657106973722499
125 155 -1.7977034781198504
125 126 0.2417225337031759
126 156 0.5540386718369268
126 127 1.1615904570492752
127 157 0.4304826585705935
127 128 -0.06863341221709317
128 158 -0.7870320636890148
128 129 -1.920242256616697
129 159 -0.35887662716685853
129 130 -0.9843695548392501
130 160 -0.9049000237645519
130 131 -0.1889022293330122
131 161 -0.9077009743943806
131 132 -1.0208115527644483
132 162 0.5763672696550449
132 133 0.7252772570088969
133 163 1.162325622284178
133 134 0.6774711911849477
134 164 -1.9500215664876404
134 135 1.1694380382387848
135 165 -0.07212717911041401
135 136 -0.7553136649354326
136 166 -0.08442374719018655
136 137 0.3412938741817081
137 167 -0.2582262156263494
137 138 1.4644561458297567
138 168 1.675234210713747
138 139 0.8813155843573677
139 169 -2.097692720565441
139 140 -0.4374366942356533
140 170 1.5384702436386322
140 141 0.0581613515348672
141 171 -0.6128961571503642
141 142 -1.5748251499025903
142 172 -0.5722395834937939
142 143 -1.1735681048511946
143 173 -0.07058055694119547
143 144 -0.8861556407021307
144 174 -0.019849246628895353
144 145 -0.6803482361030888
145 175 1.5455570661742593
145 146 0.7928370268372229
146 176 -1.468217428594148
146 147 -0.7390042795639039
147 177 0.7874400176902141
147 148 0.8238664979675293
148 178 0.5255946359051636
148 149 0.42617427109496786
149 179 0.46969537918612975
149 150 -0.9311707874918391
150 180 -0.09856830888672738
151 181 0.428918611220259
151 152 0.2823307461206474
151 180 0.19224905778885104
152 182 1.1472954617138984
152 153 2.414934780221542
153 183 -1.1085836407113023
153 154 1.1844260148445371
154 184 -0.09226756408533521
154 155 -0.08464971773654686
155 185 -2.0343316880962767
155 156 -1.5441954159426001
156 186 0.02280452536121846
156 157 0.4991641332491995
157 187 -0.3986160504347636
157 158 0.24727709251067312
158 188 0.13823173991212756
158 159 1.1868812057417144
159 189 -0.3865704536639944
159 160 2.0214982325227875
160 190 0.2148675931631688
160 161 -0.6500649799670956
161 191 0.5312232145791533
161 162 0.5939456452767633
162 192 -1.196389746340946
162 163 0.505015601517168
163 193 1.9568580991753477
163 164 0.7499501116796538
164 194 0.21871134997217534
164 165 0.24679323584246302
165 195 0.5367159190227249
165 166 1.0548504795636449
166 196 -0.011417852767066493
166 167 -0.61740134740793
167 197 0.0740296423171587
167 168 0.7653154639737928
168 198 -0.9515083537522775
168 169 0.8919489450930739
169 199 -1.7706386334150421
169 170 0.21905895100940384
170 200 0.7934245846500305
170 171 0.07579736323483773
171 201 0.38288227381754514
171 172 -0.1505860980241811
172 202 1.2665048676560713
172 173 -0.22065214465208602
173 203 -0.458352182065059
173 174 -1.3846231351289093
174 204 0.3460106484590032
174 175 0.15861616020399905
175 205 1.0203032678360853
175 176 1.8373669856613974
176 206 1.8847665549833754
176 177 -0.20315080473069141
177 207 -1.1269648889326311
177 178 0.9933286699035363
178 208 -0.0700565436293555
178 179 0.2302089698175394
179 209 0.10276416217932621
179 180 -0.28096406423113757
180 210 1.3360179523378226
181 211 -1.217121832136545
181 182 0.9865051328450644
181 210 1.9730808298807079
182 212 1.08572126394703
182 183 -2.10776961852525
183 213 1.5846350688022974
183 184 -0.15535420016996102
184 214 -0.06381509224415033
184 185 0.6980872101961441
185 215 -1.4088651665489798
185 186 2.291716042994715
186 216 0.07831269634649317
186 187 0.14629841870049234
187 217 -0.7988914875312796
187 188 1.3168089982033644
188 218 0.9517400693062087
188 189 -0.48585859087217353
189 219 -1.7005356362237642
189 190 -0.4422338126391929
190 220 0.024237043836389312
190 191 0.7482399855858722
191 221 0.33978138799369906
191 192 0.6866527589694934
192 222 -0.043199426910397576
192 193 0.5499307686671341
193 223 -2.3297324938431827
193 194 -1.1577259080242235
194 224 -0.3153965894220248
194 195 -0.011131692623873764
195 225 0.5593484648426049
195 196 0.669911441759012
196 226 -1.2314208264917024
196 197 -1.2184408872413313
197 227 0.5004201923374352
197 198 -0.6670855871882977
198 228 0.3166066631853244
198 199 -0.28508204837573975
199 229 0.6171984124512394
199 200 0.965970912709275
200 230 0.6235651771983536
200 201 -1.7990032664942899
201 231 0.229987805819012
201 202 2.423858954345384
202 232 0.4395684016547732
202 203 1.1013924661718342
203 233 -0.18434131672707754
203 204 -1.1998061927983235
204 234 -0.11589008281358261
204 205 0.6190480243900268
205 235 0.34461734947595557
205 206 0.3943233560515673
206 236 0.07384305662284942
206 207 0.12540954487917608
207 237 -0.6035169211820136
207 208 0.3306468125192305
208 238 0.24831407750392942
208 209 -0.16251074463795204
209 239 -1.011092015186721
209 210 0.8722592974169706
210 240 -1.1720789531809266
211 241 0.5410616584198833
211 212 -0.14117452238696693
211 240 0.3448989299039421
212 242 0.3373186388408869
212 213 -0.07855470870856957
213 243 -0.37071279050237044
213 214 1.4721624638392572
214 244 0.5365986294124508
214 215 -0.9895360952600831
215 245 0.18685505854331208
215 216 -0.2741655649287848
216 246 1.5417546748720001
216 217 -1.0405427412377972
217 247 0.603019168791086
217 218 -1.4896455980760253
218 248 0.48161028384806676
218 219 -0.3156360951926164
219 249 0.8031226463101683
219 220 -0.7468645514090091
220 250 -0.9301633989521051
220 221 0.838516619835688
221 251 0.5322995936310942
221 222 -1.046023652675367
222 252 0.6107320445656225
222 223 0.701325351433735
223 253 -0.766892332017507
223 224 1.183365902690352
224 254 -0.13921704730035844
224 225 0.1699926213180106
225 255 0.10138670447878764
225 226 -0.0936671233091728
226 256 0.6520278298552112
226 227 -1.3367932529579207
227 257 1.312471516200786
227 228 -0.2197837686831798
228 258 2.049745435619866
228 229 -0.32696422727766056
229 259 0.011516837499363206
229 230 -1.3319603958232646
230 260 -0.6517649843102068
230 231 0.5832865601158216
231 261 0.817120675626854
231 232 -1.322284090033707
232 262 -0.4178229070715898
232 233 1.3479552105719783
233 263 0.4534459192942864
233 234 -0.49248889313758254
234 264 1.5928067513896933
234 235 -0.884384677427949
235 265 0.031016316560067318
235 236 -0.3515034222061624
236 266 0.7623506712109882
236 237 0.61159975183073
237 267 1.8490658324022404
237 238 0.1914832330853845
238 268 -0.31647016824574464
238 239 2.064682274789206
239 269 -0.15433075919237474
239 240 0.05786665645215287
240 270 -0.1917951641144632
241 271 0.610526602006383
241 242 -0.8148812499273579
241 270 0.002940087558945667
242 272 0.4970750188406284
242 243 0.4818713798860835
243 273 1.1825808881942266
243 244 -1.007790493705085
244 274 -0.11938038242651172
244 245 -2.319982675791996
245 275 -1.5457895501164458
245 246 -1.3465271516583632
246 276 -0.11717627541374726
246 247 2.5404459822603376
247 277 -0.014595653593504109
247 248 -0.6671907430286087
248 278 1.3442498908913185
248 249 -0.05291638690400324
249 279 0.16852141424752687
249 250 0.1486368860362245
250 280 0.4228584568351583
250 251 0.5306364029169329
251 281 -0.8580842376948715
251 252 -0.8293526320653724
252 282 0.705158938307883
252 253 -1.0007824152261797
253 283 -0.14734074890546456
253 254 0.5408655631720449
254 284 2.273187289051306
254 255 1.124535683160017
255 285 -0.5123063574124275
255 256 2.5958213870144857
256 286 0.6111864826464366
256 257 -0.5335190716748053
257 287 -1.489621946612049
257 258 0.05146216354156037
258 288 -1.1584979352145963
258 259 0.18992760728218475
259 289 0.1886589415775959
259 260 0.35318013344935095
260 290 -0.36467513058356404
260 261 -2.3791628353996614
261 291 -0.5308757111120309
261 262 0.8344144028327537
262 292 1.0582534827864503
262 263 -0.5252131432148487
263 293 0.8621009566311242
263 264 -0.4800340941555918
264 294 0.9191480433956347
264 265 -0.6878074665192907
265 295 -1.1384798311765056
265 266 -1.3097629079235933
266 296 -0.4430811385781042
266 267 1.2107970862168393
267 297 -1.3283858988365318
267 268 -1.2040766748464995
268 298 -0.1401203502839816
268 269 -1.177851079393653
269 299 0.7766192235758519
269 270 -1.1566320379828827
270 300 1.1081840529148514
271 301 0.7441166568247267
271 272 -0.03627724041252035
271 300 -1.2354246243017606
272 302 1.0192797232849586
272 273 0.800556489504957
273 303 -0.7652244322001411
273 274 1.4002800052741644
274 304 -1.0454931228870432
274 275 -0.9977658629389156
275 305 -0.5591260523943931
275 276 -1.3253839158194136
276 306 0.37819583006879837
276 277 -0.41926995969040237
277 307 -1.281410089858831
277 278 0.653268932094048
278 308 0.7383858647417426
278 279 2.243382489149702
279 309 -0.9058389332788812
279 280 -0.2234011698271596
280 310 0.5025641002590956
280 281 1.3857902779576143
281 311 0.2227168269819602
281 282 0.06438928745219775
282 312 0.41819781574896914
282 283 1.0507445632341497
283 313 1.8248529726246168
283 284 1.156433868472616
284 314 0.9904258739382569
284 285 1.5649206179410666
285 315 0.8681227875157489
285 286 0.8103233258529151
286 316 1.84773539321371
286 287 -0.32075898418935644
287 317 0.44534823512031857
287 288 1.3588549761632962
288 318 -0.33510007150732496
288 289 -1.1045247754971006
289 319 -0.6768531711053071
289 290 1.4418252068717532
290 320 -1.546970622831789
290 291 1.4105935785510648
291 321 0.11667664685430609
291 292 0.44560931669301135
292 322 -1.8138874868785395
292 293 -1.2547082925810134
293 323 1.1180318347967475
293 294 1.1948548635077605
294 324 0.4383343710393386
294 295 -0.26681172015327076
295 325 0.35849014115208566
295 296 0.2659617218436191
296 326 0.0003629655679320188
296 297 -1.3249162633319942
297 327 0.7801161664005246
297 298 0.7133229468260003
298 328 0.43859158319370944
298 299 0.3991839440434759
299 329 0.2346325544436224
299 300 0.9564109866991768
300 330 0.9406143155559392
301 331 1.1658567457559454
301 302 0.6275738441869688
301 330 -1.1010012383839503
302 332 -0.3833220038963245
302 303 1.278905909734135
303 333 -0.8520227106509297
303 304 0.07045597960033413
304 334 -0.5570825841400823
304 305 -0.26746649194242184
305 335 0.044048274431397166
305 306 0.16328185171023807
306 336 -0.9157669354568382
306 307 -0.40230766316592703
307 337 0.37606759703643833
307 308 1.556600932039528
308 338 2.149491051837593
308 309 0.7452091992188907
309 339 -2.4144558872635287
309 310 0.3727678992215576
310 340 0.4619873858592292
310 311 -0.07096015644008341
311 341 -0.7188729285464653
311 312 -1.0763466159065802
312 342 1.4335374129764167
312 313 -0.7204773239654276
313 343 -1.2977475587741623
313 314 -0.35814187269749476
314 344 0.481180514997788
314 315 0.19486300317780297
315 345 -0.4511195024505928
315 316 -0.5583801624881036
316 346 1.6130362858543088
316 317 1.0091266440224156
317 347 0.6240636594518836
317 318 2.0884836209123425
318 348 1.2928957991078152
318 319 0.28876517588737854
319 349 1.777421091501547
319 320 0.9063489553744078
320 350 -0.7239048876050012
320 321 -1.273929963412213
321 351 0.1138407528250357
321 322 -1.403654713002682
322 352 2.2317563275044527
322 323 -2.030923185712362
323 353 1.1012161854623757
323 324 1.3430462563811938
324 354 -0.5806351237696875
324 325 0.004351038582626546
325 355 -0.28180545468988083
325 326 -0.23761383191829064
326 356 -2.0419789741218826
326 327 -0.04192208592442046
327 357 0.4208142472011914
327 328 0.6430081017657441
328 358 3.083209371604328
328 329 0.36159486714393896
329 359 1.0781209724141134
329 330 -0.542531327630878
330 360 -1.1133360773014254
331 361 0.7128620113110598
331 332 -0.5276303261048244
331 360 -0.3083211431988461
332 362 -0.25830706235085094
332 333 1.3667934860320954
333 363 0.94202893718381
333 334 0.3388105983828268
334 364 1.0808783234300634
334 335 -0.9577459586818666
335 365 0.2930190063425358
335 336 0.03593855285613391
336 366 0.4085110583447262
336 337 -0.13005249599926996
337 367 -0.2242014522423222
337 338 0.8421479331673745
338 368 0.9095950040876676
338 339 -1.116466809783291
339 369 0.311828604680464
339 340 1.2199327341421606
340 370 0.991156734195774
340 341 -0.5742659569124853
341 371 0.28195118113139644
341 342 -0.295525608466702
342 372 1.8294158200911657
342 343 -1.2574741971891974
343 373 0.7702041959567305
343 344 1.6533328088033628
344 374 0.09552591268167594
344 345 -0.4622345403783065
345 375 0.8387165142782923
345 346 0.03921537010475474
346 376 -0.3769887593190906
346 347 1.365943778255934
347 377 0.6468918771301524
347 348 -0.3257677907732538
348 378 -1.2880933543218684
348 349 0.8105290849894973
349 379 1.2450704887711632
349 350 0.9139215504649677
350 380 0.5974722753915236
350 351 -0.4270608412168373
351 381 -0.9509782613188404
351 352 -0.703526917826823
352 382 -1.8491384128754105
352 353 -0.2529074381856011
353 383 -0.0372916345814947
353 354 -0.15079067041713778
354 384 -0.4520798950127119
354 355 -0.07604107423255746
355 385 -0.8982282513019731
355 356 0.02732739657736306
356 386 -1.2243092586069202
356 357 1.5471570732476911
357 387 -0.0694992653015116
357 358 0.9197535117920972
358 388 1.5152808509644564
358 359 -0.6187749312379102
359 389 0.5736784970168398
359 360 -0.6506622616724688
360 390 0.02500589831057542
361 391 -0.1366260372298654
361 362 1.1120881503621967
361 390 -0.4995944561318121
362 392 -0.0636988090334408
362 363 -0.007409454315451825
363 393 1.9628994845652972
363 364 -0.8220705426193753
364 394 1.2400460259094157
364 365 -0.606820667938661
365 395 0.7215498903571316
365 366 0.29779700454251057
366 396 0.08194761331824034
366 367 -0.3290229672350208
367 397 0.5834702741931093
367 368 -0.10021175224597494
368 398 -0.5744923679616046
368 369 -0.7191348151535506
369 399 0.8626967686386315
369 370 0.4900925433840808
370 400 0.43273742322426995
370 371 -0.1989642959931125
371 401 0.4698736618345779
371 372 -0.7087972827267741
372 402 1.245998133883269
372 373 -0.24754568219168877
373 403 -0.08580089568717349
373 374 1.0964273876620834
374 404 -0.09904761091003961
374 375 -0.8328005156567055
375 405 -2.154331343272775
375 376 0.5652055006544313
376 406 1.0855093878121258
376 377 0.10497673158232786
377 407 -0.9178575089494628
377 378 -1.0798103327865658
378 408 -0.983858302463277
378 379 0.5858692498124891
379 409 -0.06254340643537146
379 380 0.45085171954568487
380 410 1.0365218821757636
380 381 0.5104719342322214
381 411 -0.9804110654732919
381 382 0.722767860560928
382 412 0.21259590595727526
382 383 0.06258925190029359
383 413 -0.191288016342343
383 384 1.3103892935193102
384 414 -0.7641933697248796
384 385 1.331988370408742
385 415 0.3042825422966127
385 386 -0.23093510535574177
386 416 0.303507476472032
386 387 -1.604180191027243
387 417 -0.7240231855703885
387 388 1.0324022244902042
388 418 -1.4579399479976805
388 389 2.217595352816675
389 419 -0.06792960476979115
389 390 -0.9692126671682589
390 420 -2.1957521849712562
391 421 0.5610405197368734
391 392 1.04124995676965
391 420 -0.03825230907585019
392 422 -0.6437318749710368
392 393 2.418020896060236
393 423 1.5010522434394484
393 394 -0.840801598490278
394 424 0.7077863411701695
394 395 0.14110685830384065
395 425 -2.087985171448446
395 396 0.802757833116938
396 426 1.1252760368137893
396 397 2.4075451477288516
397 427 -0.8428912530369467
397 398 -0.7493603218121059
398 428 0.5157155088059256
398 399 0.7862235023943864
399 429 0.49084489175685175
399 400 -1.2482929149931445
400 430 -0.041866568184964856
400 401 -0.10721805152471842
401 431 -0.5232590185820605
401 402 -0.9307033570482404
402 432 -0.7579672227130185
402 403 -0.6500452698125715
403 433 -1.8121597248410104
403 404 -0.08251015474993637
404 434 -0.44336186023074975
404 405 0.1537712273832535
405 435 -1.5557336486237232
405 406 -0.6036634790861225
406 436 0.9897918554579531
406 407 0.1759827951062879
407 437 0.8278029276880717
407 408 1.4174939191372284
408 438 -1.176337131750486
408 409 -0.6658891647184878
409 439 -1.0834574347946255
409 410 1.138247865208112
410 440 0.6138431414651144
410 411 -0.22417892398826886
411 441 -0.355241484892366
411 412 0.60201427611671
412 442 1.1698029726011314
412 413 1.2332737926741686
413 443 0.5841217327677267
413 414 0.498284207088259
414 444 1.2886926753557397
414 415 1.1110188439760977
415 445 -0.10588505794164628
415 416 -0.12835931545761403
416 446 0.21677791845859362
416 417 -0.5788426324904953
417 447 -0.2010148463490538
417 418 -0.7165501318532432
418 448 0.0953151022469563
418 419 -0.012827517575642655
419 449 -0.7591662988987699
419 420 0.17078104102549796
420 450 0.44415062699089114
421 451 -0.6487932726543494
421 422 -1.0099740613973178
421 450 -0.21721779710247102
422 452 -1.1980776734911005
422 423 -0.9846549231244675
423 453 1.9778154507572892
423 424 0.8741808824737141
424 454 -2.4618457809497025
424 425 1.1683926906678281
425 455 1.2025940144962453
425 426 0.7539244378276151
426 456 0.6704863472862984
426 427 0.18833778846815044
427 457 -0.6733462359466094
427 428 1.9478453684035446
428 458 0.7793546623673293
428 429 0.5233631622117089
429 459 0.9000368420038726
429 430 1.8480183659428586
430 460 3.172136346486623
430 431 -0.2540262061202686
431 461 0.8658304643161204
431 432 0.8736769525511573
432 462 -1.0901536996754768
432 433 0.12687029587849977
433 463 -0.6762347036907415
433 434 0.9297297305520066
434 464 -0.5788445909126037
434 435 0.3673069375749126
435 465 0.6959547022480443
435 436 2.363387012212899
436 466 -0.6045493465979409
436 437 -0.470030087765436
437 467 -0.06708612013598267
437 438 0.7312092211565752
438 468 -1.6475393766018303
438 439 -0.6472339769528278
439 469 -0.8689602647031518
439 440 -0.17231162871951775
440 470 0.18577696492273843
440 441 0.22096153022575868
441 471 0.34753914701886846
441 442 -1.486282924156396
442 472 -0.8273394885612069
442 443 -1.1824314779894864
443 473 -2.186320331073766
443 444 0.8970431904941617
444 474 0.5800230765953778
444 445 -1.1634547081007436
445 475 -0.0165843366015312
445 446 -0.061226659014323774
446 476 1.6765780005040671
446 447 -0.35922540143750314
447 477 -1.475631151280835
447 448 1.568486410059977
448 478 -0.2265339573142806
448 449 -0.23802325831785454
449 479 -0.42597838454595705
449 450 0.037480263798375324
450 480 -0.05574804419643384
451 481 -0.9820492744137405
451 452 -0.891007432597841
451 480 1.3627344428636823
452 482 -0.38867149472914564
452 453 -1.2026505240411252
453 483 0.0763396356337639
453 454 -0.9457573620512223
454 484 0.7556372255428109
454 455 -0.16100995638330393
455 485 1.38256539563507
455 456 -0.7001045034260657
456 486 1.3756714145170805
456 457 -0.6377691969375954
457 487 -0.06824149447852704
457 458 -0.5285679874313199
458 488 -1.385301534977032
458 459 -0.5233297082326882
459 489 -0.11026962473250214
459 460 -1.5585506058384249
460 490 -0.3742063029798029
460 461 -1.3713563908033608
461 491 0.7617182629498314
461 462 -1.0085363821861575
462 492 -0.6026800049594884
462 463 1.4065615866878771
463 493 -0.6842893775201498
463 464 1.4870826812017124
464 494 -0.3767536265612674
464 465 0.06682600184504885
465 495 0.7317793130831332
465 466 2.1728538983679
466 496 0.2688595329373136
466 467 -0.7049136498612097
467 497 -1.4832249964968915
467 468 -1.0329459023652792
468 498 -0.5403860124143776
468 469 2.316244124258883
469 499 0.6425445750489513
469 470 0.10994349725709202
470 500 -0.08704465986972004
470 471 -1.3518649015649922
471 501 -0.16617365115734845
471 472 -0.34022267572098797
472 502 -0.6150450370931527
472 473 1.6127727849668063
473 503 -0.4488008320872819
473 474 1.2571486565959493
474 504 -0.9312698937276562
474 475 -1.780467170870163
475 505 -1.4252371107029025
475 476 -1.1512149820371118
476 506 -0.5880756370276348
476 477 0.05404359686217442
477 507 0.02380838599011793
477 478 0.06878406766155704
478 508 -0.8454704870800231
478 479 1.4818104700992756
479 509 0.7538613167291712
479 480 -0.04130217018802211
480 510 0.24029787521675958
481 511 0.47420025633202584
481 482 -0.6279161725176762
481 510 0.9221563872967602
482 512 -0.47883437435971776
482 483 -0.9268400272258797
483 513 -1.3339748443911188
483 484 -2.0853665609930427
484 514 -1.9654691493969898
484 485 -0.6681177202831713
485 515 -0.1975799716602828
485 486 -0.6983476803263717
486 516 0.34732201007379837
486 487 1.0998734251365534
487 517 -1.788219339914516
487 488 0.6835082739046634
488 518 -0.8063463799695226
488 489 -1.4777186965246187
489 519 0.11953989732367948
489 490 -2.092441579826891
490 520 -0.17188626588514794
490 491 0.25752302884157335
491 521 1.3907377853402525
491 492 0.28937538525173373
492 522 -0.4494206224879657
492 493 0.6150779856375276
493 523 -0.3155226547557844
493 494 -0.6162966940874717
494 524 1.818811144562788
494 495 -1.151822850889841
495 525 -0.2183025254364905
495 496 -0.9870832094303672
496 526 -1.0270510007555307
496 497 0.882515061286693
497 527 -1.7967137605896972
497 498 1.1731199345823662
498 528 -0.8314842832820308
498 499 0.8144973589524521
499 529 0.35262401397739007
499 500 -0.30163098372697406
500 530 0.8070040348811236
500 501 1.0118046596988863
501 531 0.1894627929235846
501 502 -1.9161036455336102
502 532 0.3894486628489016
502 503 1.7555898988008716
503 533 1.1408809857249091
503 504 0.13201861180937188
504 534 -1.5845236584529403
504 505 0.6039294049061409
505 535 0.15812085457684474
505 506 -0.7162374701873693
506 536 0.36819233121080736
506 507 -0.12346160059377752
507 537 -2.271353940435635
507 508 -1.2537744583276482
508 538 0.29249014321073397
508 509 -0.7146777138626772
509 539 1.9489327434812085
509 510 -0.3786284485460903
510 540 1.1854438475637896
511 541 -0.8593419190902765
511 512 -0.519504607946216
511 540 1.9054050005542715
512 542 0.7883107123521058
512 513 -0.36384128647512226
513 543 -1.145232731570132
513 514 -0.6256723109442882
514 544 1.014270122593664
514 515 0.017801917330995773
515 545 -1.674139307498934
515 516 -1.2423997733753844
516 546 0.32776644334809674
516 517 -0.12928605784576966
517 547 0.2879510011311086
517 518 -0.5620346663908348
518 548 0.012320894173514134
518 519 1.5851103931005872
519 549 -1.5538380532066258
519 520 -0.6627404849040249
520 550 -0.8526636786045779
520 521 -0.7850798360952617
521 551 -1.3989871526816087
521 522 0.16003669736711543
522 552 0.5866762740780377
522 523 -1.271545748004489
523 553 1.4906404741434598
523 524 0.32676362721947283
524 554 0.5113751335727419
524 525 -0.8275816026655359
525 555 1.5259110415768602
525 526 0.017888726019024657
526 556 1.2212319579064383
526 527 1.259756510503949
527 557 -0.2711137380800425
527 528 -0.8424949755653224
528 558 -0.591353698022615
528 529 -1.0268883957733204
529 559 -0.018342058397797418
529 530 0.7264016336725193
530 560 1.4361347790840289
530 531 -0.4454648514902987
531 561 1.27770364609486
531 532 0.6111213782262644
532 562 -0.8698096699137777
532 533 -0.6234496574009746
533 563 -0.35527901921713084
533 534 -0.06909352042861815
534 564 0.10664930515815511
534 535 -0.6401648957478155
535 565 1.6337639056818734
535 536 0.7995955324656893
536 566 0.6383007350519952
536 537 1.1491476216167449
537 567 -0.778097192925639
537 538 -0.1828489236072781
538 568 1.2988328856307958
538 539 -0.06395461964470395
539 569 1.348352940982398
539 540 -0.40955605800276174
540 570 0.21452246236533415
541 571 -0.33138073428199316
541 542 -1.9188438158607501
541 570 1.0452852679683116
542 572 -0.9849777574154048
542 543 0.18024071609689024
543 573 1.0943245009778548
543 544 0.4715808836069925
544 574 1.4936123406423845
544 545 0.1422910908739449
545 575 0.23171844125040963
545 546 -0.3881693005260552
546 576 -0.18205275636376653
546 547 -0.296831648161594
547 577 0.6503894488574038
547 548 1.0854551137120336
548 578 -0.2433689675319003
548 549 -0.581310171598783
549 579 -0.9839445664029244
549 550 0.16883426075539668
550 580 -0.7519646203590846
550 551 1.4742303930782104
551 581 -2.2289918462337885
551 552 -1.4446393743785513
552 582 -0.8871016121704592
552 553 0.7115314791815371
553 583 -0.7111024931432817
553 554 -0.7517015872619017
554 584 2.2791762879741113
554 555 0.9959115099215603
555 585 -0.4464579253905024
555 556 1.550980880969921
556 586 -1.6156092784299763
556 557 -2.634076441351439
557 587 -0.6060159209418001
557 558 0.2663487989914766
558 588 0.054004523098857865
558 559 -1.2468042116979727
559 589 -0.6550298904709249
559 560 0.3586385064592512
560 590 3.070299897679266
560 561 0.8786196420451068
561 591 -0.6317883380884455
561 562 -0.0104713987094152
562 592 -1.1548488612228234
562 563 1.0673016450417283
563 593 -1.472206713508721
563 564 -1.1723826001770044
564 594 1.2275467509293672
564 565 -0.6219702785378376
565 595 1.3485760190653275
565 566 -0.42291108681285017
566 596 -0.5501709193800682
566 567 -0.8992462049806197
567 597 -0.1650207493259765
567 568 -0.8893320238056526
568 598 0.08325323732154069
568 569 -1.875655338896965
569 599 0.5522106683549219
569 570 1.2316060202960368
570 600 -2.2015882505011573
571 601 -1.0281157025423127
571 572 -0.7506988021959683
571 600 1.6206733889529659
572 602 -0.4887698555725302
572 573 1.3273227844718622
573 603 -1.2532976359433063
573 574 -0.4358534777597256
574 604 -0.36205850420887137
574 575 0.4139896417085179
575 605 0.29299961734585306
575 576 -1.231625630387654
576 606 1.8721621859596085
576 577 -0.22985377641446963
577 607 -0.17945557073951188
577 578 -0.3432066247573552
578 608 -1.1955824128449617
578 579 -0.0012281899266946427
579 609 -0.3731542690989992
579 580 0.5960471987728115
580 610 1.3009883986255677
580 581 1.955036730440242
581 611 -0.8545539464316968
581 582 0.21236986348523718
582 612 0.2430408473445657
582 583 -0.8684258366060168
583 613 -0.8283926232269784
583 584 1.6791912700758589
584 614 0.2478818667993054
584 585 -0.6133397723243721
585 615 -0.7037070744593746
585 586 0.9323805276249048
586 616 0.7113834126215808
586 587 1.3170618090704072
587 617 -0.3947725438325142
587 588 1.0138871575070025
588 618 0.31586951864962043
588 589 0.6206379200576747
589 619 1.302565893316085
589 590 -0.19634928405407387
590 620 0.780107303537566
590 591 0.8334950568124013
591 621 0.26439725144673476
591 592 -1.5061482093668996
592 622 -0.06129992713472351
592 593 -0.5164351034624824
593 623 -1.6131225773389286
593 594 0.27251616608932094
594 624 -0.5744096613411178
594 595 -1.4336521652697252
595 625 1.2349138115337943
595 596 -0.03382765381967033
596 626 0.43997185356053603
596 597 -0.027492974747879647
597 627 0.16231205669341325
597 598 -0.7652768351767739
598 628 -0.46732337599423657
598 599 0.08807905195929598
599 629 1.1841447748198748
599 600 2.6009330238327437
600 630 -1.4903921370348407
601 631 -0.47611356634897606
601 602 0.7568771518338724
601 630 0.10432231198183728
602 632 0.4794473706488078
602 603 -0.17735793667022404
603 633 0.04244628802200215
603 604 -0.11605230533628566
604 634 -1.2118793877489218
604 605 -0.05108384649464746
605 635 0.5425190894364665
605 606 -2.108307488717016
606 636 1.0124201266150883
606 607 -0.9485838017583111
607 637 1.0440523506121397
607 608 0.740349505396125
608 638 1.575993573466094
608 609 -0.5542774727762847
609 639 0.5809702897799107
609 610 1.5817569962799984
610 640 -0.2575600928541819
610 611 1.6908807221815747
611 641 -1.3733650277655585
611 612 -1.5576427748132844
612 642 0.5972265045616026
612 613 -0.893784160895175
613 643 0.2814707351260301
613 614 -1.886578666025683
614 644 1.1879963443511405
614 615 0.6711225322504714
615 645 -1.861145368313288
615 616 0.05665870913096009
616 646 0.6600439813893735
616 617 0.31142336120967007
617 647 -1.0765977788569145
617 618 -0.08236282460477919
618 648 0.5072870875310377
618 619 -0.9867492624361109
619 649 -0.6981689369538451
619 620 -1.2724612118652587
620 650 0.9795911511225308
620 621 0.21680621733268896
621 651 0.1262972940717489
621 622 -0.9757350156727725
622 652 -0.8677785119841218
622 623 0.552856783473172
623 653 0.5238373042051987
623 624 -0.7023786663287693
624 654 0.1622526358920957
624 625 1.2288590305865328
625 655 -0.09649159376101892
625 626 -0.059318598170059085
626 656 -1.5903359798924521
626 627 -1.203372815848467
627 657 0.7784215377568154
627 628 0.024265160364428197
628 658 -0.23886729085585678
628 629 -0.8515833408488974
629 659 -0.9249999017590044
629 630 0.17717960146900177
630 660 0.9885882706414109
631 661 0.27393638986892027
631 632 0.3993011426568424
631 660 0.491799741140573
632 662 -1.6152074200225819
632 633 -0.9740057069084067
633 663 -1.3165708961731917
633 634 0.31712082027749094
634 664 -0.6852116615051752
634 635 1.235542932188739
635 665 -1.470985934968681
635 636 0.5606747897622174
636 666 0.2979524996352661
636 637 -0.6498136385858237
637 667 0.9110611965580195
637 638 -3.5892700535220223
638 668 -0.2509537553053844
638 639 0.7916323657827521
639 669 2.267957911468585
639 640 0.8083819072063573
640 670 -0.11306088239486174
640 641 0.938786464650072
641 671 -0.22879909346834978
641 642 0.049335640236057896
642 672 0.3370123302229169
642 643 1.2660174498850782
643 673 1.2342422616407855
643 644 -1.037077871273703
644 674 -0.7716233416278011
644 645 -0.03068879174242533
645 675 -0.1049646459447995
645 646 -0.2915875672866881
646 676 -2.5937800374010744
646 647 1.4169782508820223
647 677 -0.3308689207084905
647 648 -1.3125856939826914
648 678 -0.07727510182476557
648 649 -0.7302340134590988
649 679 -0.4384403511356089
649 650 -0.36476516053094815
650 680 0.14709011076172357
650 651 2.144612498638693
651 681 0.2667135478457056
651 652 -0.9830084449908382
652 682 1.1624469669069044
652 653 0.8613340959451886
653 683 -1.455275954735982
653 654 0.7838253360347396
654 684 -1.276447656017053
654 655 -0.2644420788226522
655 685 -0.1718974693067061
655 656 2.119195813590865
656 686 -1.2337440213789095
656 657 2.0481913184894496
657 687 0.910919657269886
657 658 0.4781406965596567
658 688 1.8169167071226227
658 659 0.2259301505985017
659 689 0.32397899377921513
659 660 0.7150508335895298
660 690 0.04281886777276311
661 691 -1.0373377087301963
661 662 -0.11074901680733897
661 690 -0.6355962044165334
662 692 -0.37048603975938676
662 663 0.1443100226400508
663 693 -1.0127958328335664
663 664 -0.7437345948449539
664 694 -1.9419188654892008
664 665 -1.666229967356583
665 695 -0.3396900534934679
665 666 -0.9652522765022705
666 696 -0.5593015235233906
666 667 -0.39360023622303986
667 697 -0.8674658415233262
667 668 -1.0487161011987918
668 698 -0.3283802899978027
668 669 3.136944133312129
669 699 -0.7018209774219893
669 670 1.862576347760993
670 700 -0.6836024973778294
670 671 0.9160791239273094
671 701 0.009101971441379746
671 672 0.7601752018806541
672 702 -0.5876359988412228
672 673 1.2166841989402306
673 703 0.5678288686319772
673 674 -0.7992459803977466
674 704 -1.4587348789251788
674 675 0.71921049995861
675 705 -0.15688176336217374
675 676 -1.5942262504452762
676 706 0.5434646266259459
676 677 -0.5138998947969986
677 707 -0.6650163497991488
677 678 1.1625536875150893
678 708 -0.5258751499603465
678 679 0.5266318366968983
679 709 2.1681752603689115
679 680 -0.9438745815147715
680 710 -1.7198360808803237
680 681 -1.9453169380547746
681 711 1.2641083321813609
681 682 0.03600504372185374
682 712 -0.036911339281550805
682 683 -0.800045572680503
683 713 0.24080817796117737
683 684 1.3994801582277054
684 714 -1.3572438709232442
684 685 -0.022110423244444365
685 715 -2.084624920415243
685 686 0.4992147960121531
686 716 -1.5410518810771394
686 687 1.0771376907474934
687 717 -1.1349986300544426
687 688 2.112999865150424
688 718 0.23805324324970992
688 689 -0.9851097436530548
689 719 -0.18145196989883794
689 690 1.2761527007025355
690 720 -0.20532567121323744
691 721 0.5718370947654315
691 692 1.4943936754089908
691 720 -0.06541749647484285
692 722 -0.49589162946094123
692 693 0.8922776468448532
693 723 0.46501436632659665
693 694 0.5448956503872077
694 724 -0.3256657605314521
694 695 -0.91487780437868
695 725 -0.2442295477583646
695 696 1.6015088423006698
696 726 1.6418508635338032
696 697 -0.20917694235327086
697 727 0.316838315115619
697 698 -1.275612640110669
698 728 -1.3039009869579687
698 699 1.141095381243361
699 729 1.456145114757647
699 700 -1.9445246433315948
700 730 0.9552996228511377
700 701 0.5576091520662908
701 731 0.1870806316154262
701 702 2.2095575604599325
702 732 0.4651958536190615
702 703 -1.1976174663274983
703 733 0.8010414021599906
703 704 0.21598168241166085
704 734 0.7270851210850111
704 705 -0.27034026505326403
705 735 0.20967488042827004
705 706 1.0129490830224248
706 736 -2.186011996683191
706 707 -0.7772644170315419
707 737 0.4883033969331922
707 708 1.8658216206048646
708 738 -0.32938827175493873
708 709 0.4149050040861589
709 739 -0.41562697618731637
709 710 0.934276472167398
710 740 0.6840957932038434
710 711 -0.01655157919823883
711 741 0.6964500563035294
711 712 -0.07502447157008295
712 742 0.05175346236214371
712 713 0.9455542051104517
713 743 -0.33641275498214546
713 714 -1.8318072749463215
714 744 0.767704170942688
714 715 -0.42777255724633484
715 745 -0.7837319006373663
715 716 0.475669019089998
716 746 -0.02055999918972752
716 717 0.5626925826506368
717 747 1.0473001667778967
717 718 -0.6504273995200683
718 748 3.0433082397100324
718 719 -0.30261365176633126
719 749 0.11518465753017137
719 720 0.8282025659208293
720 750 0.30693437309464144
721 751 -0.2387029273036048
721 722 0.37518282637722666
721 750 -0.0738809858036929
722 752 -0.7710788012048014
722 723 -0.8371516690136853
723 753 -0.061083367285428194
723 724 -0.8995670114028423
724 754 0.5927719198945571
724 725 -1.5649460535058477
725 755 0.8475731639736344
725 726 -0.2786095720508069
726 756 0.49016550021157673
726 727 0.181453403480874
727 757 0.11198736124781199
727 728 -0.45267140947012907
728 758 -1.0415642378245658
728 729 -0.8843222350515549
729 759 0.21648476008788242
729 730 1.392716546162983
730 760 1.2487708991307243
730 731 -1.7747885605454021
731 761 -0.5807065307364789
731 732 0.5425265879324083
732 762 -0.7480404549308808
732 733 0.6726259253368121
733 763 -1.2655394153356072
733 734 0.5561041363808804
734 764 -0.15860097547111363
734 735 -0.13201890549801454
735 765 -0.43327109865772173
735 736 0.19834983147163981
736 766 0.8155259951686799
736 737 -0.15079164115259502
737 767 0.8462244200555631
737 738 -0.6114435756006208
738 768 0.2214908209402739
738 739 0.45892178547952783
739 769 -2.0583856182268243
739 740 0.19919295088902833
740 770 -0.0030058211589558967
740 741 -0.20522085576097218
741 771 -0.3981495741378167
741 742 0.7843109579200385
742 772 0.8123201679058256
742 743 0.8617403176743172
743 773 0.0017995788377281343
743 744 -0.6499544784895716
744 774 -0.11709633187093196
744 745 1.7514511557397654
745 775 -0.35440965642687605
745 746 0.2385214548108501
746 776 -0.35574768822593583
746 747 -0.5699350829566079
747 777 -0.0978440833984606
747 748 -1.8073911929692503
748 778 -1.7488859574580375
748 749 0.8321040764836666
749 779 -1.1145517886568153
749 750 0.09559230401704613
750 780 -1.0523573233899397
751 781 0.7073999968281102
751 752 -0.6983018700246891
751 780 -1.912297526174832
752 782 0.02595530756088779
752 753 0.28163644555842104
753 783 -0.8829772171885336
753 754 1.0437097162390832
754 784 1.1239257807468936
754 755 -0.7281180606894416
755 785 -0.5056526813123778
755 756 0.5342868794008757
756 786 0.8808161752774016
756 757 -0.2778612972314248
757 787 1.4620039887635699
757 758 -0.4073273307304555
758 788 0.910864358091705
758 759 -2.542323638155028
759 789 1.0348679735956836
759 760 -0.7576385591778848
760 790 0.8188242506857576
760 761 1.391740246854263
761 791 -0.4625738206411693
761 762 1.8141771107721674
762 792 1.1524973122072129
762 763 -2.6158438984087624
763 793 0.10108774252189663
763 764 -1.4731304061804327
764 794 0.9992007545774932
764 765 -1.5518589241364442
765 795 0.8517743456851613
765 766 0.27939519212346203
766 796 -0.4239868800985086
766 767 -1.2904224172854375
767 797 -0.9225079843144885
767 768 -0.16581551436386582
768 798 1.099935101094144
768 769 -1.5421657318676243
769 799 0.33075361743895826
769 770 0.755046045167847
770 800 0.30112315775876775
770 771 1.0599989046363913
771 801 -2.139979139152526
771 772 0.20709480683513565
772 802 0.5082689503258906
772 773 0.7633741197470381
773 803 0.17578331736296227
773 774 -1.3155149717910357
774 804 -2.0741232581585485
774 775 1.3580203892911153
775 805 -2.1052404788405203
775 776 -0.8886249152341283
776 806 -1.7199367128916614
776 777 0.3361629980473064
777 807 2.241936133149162
777 778 -0.9200215942570982
778 808 -0.5982434191004479
778 779 -0.11814597170133243
779 809 -1.199494118067207
779 780 -0.15969974461661463
780 810 0.0023896067907283876
781 811 -0.6225174273095633
781 782 -0.43082373898552695
781 810 0.9715917975007898
782 812 -1.688935622261741
782 783 0.8311613464620876
783 813 0.28076575606317067
783 784 0.9143366307806714
784 814 0.3204795999649476
784 785 2.243720159737344
785 815 -1.292489749320542
785 786 -0.5901938988507116
786 816 -1.5895035309105137
786 787 0.02210584595281473
787 817 0.3304142702044489
787 788 -0.23191324616229692
788 818 -0.5386142387960712
788 789 -0.49942842093599454
789 819 -0.3862034113527821
789 790 0.5250440251601302
790 820 0.6034503068885817
790 791 -1.7160689090503132
791 821 0.26994459410394744
791 792 -1.0151028877818262
792 822 -1.6961185497872657
792 793 0.16476005800848603
793 823 -0.2611926169908957
793 794 0.39813859712107685
794 824 -0.19332432590848456
794 795 -0.7190275390076605
795 825 -0.37153750678466935
795 796 -0.9630623965951225
796 826 0.08256479727330762
796 797 1.193308471922944
797 827 1.3405017823906324
797 798 0.16736250007383727
798 828 1.4616998602110574
798 799 0.10991683083800938
799 829 1.295016913310063
799 800 0.05277823114198354
800 830 0.2258943521041657
800 801 -0.7112731689125494
801 831 0.17614194878677994
801 802 -1.945491169676135
802 832 -0.4304654435292157
802 803 -0.2901036065706239
803 833 0.04561162490765338
803 804 -0.08685983480558045
804 834 0.48239256727219393
804 805 -0.6720752197025942
805 835 2.099487803888457
805 806 1.651472682099002
806 836 -1.3849932241383462
806 807 0.6170805281109076
807 837 1.2382992306086105
807 808 0.3623901316136786
808 838 -0.6238237507679845
808 809 -0.4198634849818864
809 839 -1.0802742786449788
809 810 -0.8106719033377592
810 840 -0.2723866523771147
811 841 -0.05470226170911283
811 812 -0.4162448488288897
811 840 2.8333631894648033
812 842 -0.49498087790373185
812 813 -0.46930619240514154
813 843 1.894372153368327
813 814 0.044285126940003396
814 844 0.8654842132311581
814 815 0.8439340520246056
815 845 -0.3582250743197605
815 816 -1.9759288212847703
816 846 0.4787772227673596
816 817 -0.456815698112782
817 847 -1.1712765503165479
817 818 0.9406304050450297
818 848 0.0818393149839837
818 819 -0.2662191887332554
819 849 0.16259304885913473
819 820 -0.776415523769552
820 850 -1.1775963242946164
820 821 0.8850705908930875
821 851 1.6577182561254569
821 822 0.31868541861118516
822 852 -2.771659098164843
822 823 -0.45690114616972033
823 853 -0.4659188397067871
823 824 0.15872598266344792
824 854 -1.7402012561042175
824 825 0.2970797023538468
825 855 -0.5562708932521668
825 826 -0.4359584089158893
826 856 0.43434901980578733
826 827 1.3060675452037185
827 857 0.1351912870530064
827 828 -1.1116943477929653
828 858 -0.8642071259862288
828 829 -0.10495790852789574
829 859 -0.6102116020264207
829 830 -0.44597417590572536
830 860 0.6587324934322886
830 831 -1.1568927992032025
831 861 0.4290658828821429
831 832 0.9711190849255578
832 862 1.5092225996228856
832 833 0.4345701191044072
833 863 0.6950004846399901
833 834 -0.5662505243461833
834 864 1.3139011323635177
834 835 1.3219718128208362
835 865 0.39351291870848465
835 836 0.8805777110171558
836 866 1.0181190820311588
836 837 0.40623134836825053
837 867 0.3182694019318125
837 838 0.5474057289465045
838 868 0.5841297994811193
838 839 1.1452846064969044
839 869 -0.17313586069656595
839 840 0.15365046569599025
840 870 -1.1478875337857588
841 842 0.9709891172228712
841 870 -0.5294057659501791
842 843 0.03400309365353469
843 844 -1.4723822471549741
844 845 -0.5050074341388326
845 846 -0.01936984804332736
846 847 -0.7677356174727928
847 848 -0.24314976815321526
848 849 0.31484464657907124
849 850 0.6363587931360403
850 851 0.15243894154789214
851 852 1.1235836671598318
852 853 0.3095282462603315
853 854 -1.8292174835220234
854 855 -0.4172451506084739
855 856 1.8126828025507546
856 857 -0.75083446660583
857 858 -2.2847138169797616
858 859 -0.01803100892305718
859 860 -0.49675115551178456
860 861 -0.2767247442009924
861 862 -0.5104006138243712
862 863 -1.4198346868715435
863 864 0.33414757900896896
864 865 -0.6303252533649021
865 866 0.36057211182044313
866 867 -0.5057330707527967
867 868 -0.11751547483205152
868 869 -1.3450032205110212
869 870 -0.31438494650469506
