900 1800
1 31 0.7079001327802945
1 871 -2.8554735114350906
1 2 -0.6110171966555915
1 30 -0.03578324938853887
31 61 -2.0297306823349333
31 32 -0.5201682128935863
31 60 -1.385957052264379
871 841 0.1343248354534704
871 872 1.2517195714699674
871 900 0.5602739459765597
2 32 1.086348245960244
2 872 -0.6300731618659351
2 3 -0.18790719184722635
30 29 0.584085890961194
30 60 0.41743564825933943
30 900 -0.21434328771098174
32 62 -0.05677647821223796
32 33 0.2955096266553197
872 842 0.6121958755158526
872 873 -0.3512755739793995
3 33 -0.9499278266533979
3 873 -1.1052237549924633
3 4 -0.6696340564696153
33 63 2.667164591729788
33 34 1.62082929743456
873 843 0.9501996163769191
873 874 -0.7922581711953776
4 34 -1.259235901544877
4 874 0.3744835556877636
4 5 -2.117949653682685
34 64 0.4126105212910417
34 35 2.062045846820595
874 844 1.7931259275215825
874 875 0.058964945413728265
5 35 0.46400842745193455
5 875 -2.1030704633802584
5 6 -0.2523937233921526
35 65 0.919857515677071
35 36 -0.7122716135359589
875 845 -0.3816936127712278
875 876 0.5478791394855399
6 36 -0.38502851727260784
6 876 -0.5135375135220029
6 7 -2.022172313330183
36 66 0.955137964558781
36 37 0.9301919801330405
876 846 -0.6422693691528597
876 877 -1.0477203218556812
7 37 -0.4334787093089834
7 877 0.19770367585313875
7 8 2.442222079692629
37 67 0.1972278687580551
37 38 0.7422225440439854
877 847 1.5314729868570907
877 878 -0.7146710844786606
8 38 0.9250077636722224
8 878 1.888238651248766
8 9 0.025333879060951345
38 68 0.12678091349031786
38 39 0.8446120437128124
878 848 -0.5293057335583337
878 879 -0.7094096599489015
9 39 -0.07014608592871399
9 879 1.2880448516295426
9 10 -0.5136233272850266
39 69 -0.7904313841387305
39 40 0.35805368276833927
879 849 1.479900823606264
879 880 0.08495026848893886
10 40 0.01576529374241024
10 880 1.0278744677936198
10 11 0.5482464568429009
40 70 0.0037667181264540175
40 41 1.2715379664313937
880 850 0.6486099709633844
880 881 -1.2908517196592117
11 41 -0.6999203942890712
11 881 0.9367554047554449
11 12 -0.4562503930005458
41 71 -0.6551912318971299
41 42 0.8803522568869464
881 851 -0.9546036530518858
881 882 -0.6193585093422592
12 42 -0.6060361489329303
12 882 -0.23331259259840842
12 13 0.3647717481799203
42 72 -1.2119952126773081
42 43 0.571520236060465
882 852 -1.6810801472720431
882 883 -0.6607740037207976
13 43 0.16978913631987122
13 883 -1.102581773668026
13 14 -0.09788023398814098
43 73 0.5227414521062891
43 44 -0.7311675956657221
883 853 0.801324168226995
883 884 0.3906245203266096
14 44 0.005592915307382548
14 884 -0.20218016044626214
14 15 1.1148412569049553
44 74 0.07922058030484472
44 45 0.5642624324143461
884 854 -1.154422138091002
884 885 1.7152425392499477
15 45 0.7407292248897344
15 885 0.09971830023574645
15 16 0.44032300157296045
45 75 0.34887353538748733
45 46 1.6284175068341935
885 855 0.489301022272776
885 886 -0.6430374580321572
16 46 -1.7190641145147991
16 886 0.119518953465615
16 17 -0.4772351364219706
46 76 -1.044994376305279
46 47 -0.728275295720291
886 856 -0.7507199350741391
886 887 -0.31339370014731627
17 47 0.7938600975776334
17 887 -0.2770789956715457
17 18 0.6724690002056584
47 77 -1.449383559379977
47 48 0.7066733687591746
887 857 -0.9278979842141735
887 888 -0.3182948450149292
18 48 0.7006832510385919
18 888 1.8187550299249604
18 19 0.27287844813307033
48 78 -2.0339499254710516
48 49 -0.3556170729757568
888 858 1.201602357827522
888 889 1.0864922669371189
19 49 -0.9076367247808446
19 889 -0.9603339097863757
19 20 -0.7490497828892999
49 79 -0.29284389123083154
49 50 0.642034147491114
889 859 0.6073741066564594
889 890 -0.006809587151789707
20 50 1.4493324254948174
20 890 1.4649166511395397
20 21 -0.39729362629295284
50 80 0.6293201347296485
50 51 -0.18267262219035205
890 860 -1.258295916343954
890 891 0.1323854880564687
21 51 1.0290958884244725
21 891 -0.1333068165231223
21 22 -0.8306583372864428
51 81 0.534735087822446
51 52 -1.0097006487478635
891 861 -0.6071838588771014
891 892 0.30417693518986383
22 52 0.9731806551414858
22 892 -1.5951502359989358
22 23 0.7657304521069963
52 82 -1.6920949074834488
52 53 -0.5630467415856485
892 862 -0.4045485609489705
892 893 0.14826153448176665
23 53 0.03636755444301931
23 893 -0.752114169901982
23 24 0.30637980133402454
53 83 -0.19187053556096784
53 54 -1.0345113256494607
893 863 -1.4867104900017758
893 894 -0.9587983142932355
24 54 -1.6545266357134496
24 894 0.11236745621883425
24 25 -0.3189983128189446
54 84 0.35053489958348777
54 55 0.12159800529749763
894 864 1.3693523917708343
894 895 0.6291033519942502
25 55 -0.742103349102009
25 895 -0.23251898699283702
25 26 -0.5279474308249719
55 85 0.059699149897267774
55 56 1.163790280293792
895 865 0.6650985501225555
895 896 -0.8336796921416301
26 56 -0.32318354112381287
26 896 -1.2357245039733047
26 27 -0.533504685611609
56 86 0.562501667409658
56 57 -0.23944772394633787
896 866 -0.43035439605480436
896 897 0.68360884831039
27 57 -0.9836256689234935
27 897 -0.17018820691060524
27 28 -0.651882187779563
57 87 0.973761699374982
57 58 -0.8409657212893825
897 867 -2.583905605766657
897 898 2.613906719743954
28 58 0.9528712634510113
28 898 0.266713908884479
28 29 -1.2777837288848755
58 88 1.52095826469772
58 59 -0.29962469326559615
898 868 -0.5058577057544174
898 899 -0.43462825127579535
29 59 -0.18007709983167125
29 899 1.307318382096091
59 89 1.0331883154119146
59 60 -0.19447690813881172
899 869 0.13662672229999523
899 900 0.5506251825195255
60 90 0.7253227404340464
900 870 0.7057916945340363
61 91 -0.22489648293448553
61 62 0.6940186538960156
61 90 1.163845829079048
62 92 0.5330816238284181
62 63 0.9649714037056918
63 93 0.9085448368720568
63 64 0.35106616933666945
64 94 -0.0708027244608223
64 65 -1.9093506872533332
65 95 0.9385551308430535
65 66 0.10614986140017331
66 96 0.6264976272011501
66 67 -2.0482849333547786
67 97 0.8850859522956247
67 68 0.6158832278318676
68 98 1.4779435129200198
68 69 -0.49022167062530153
69 99 -0.21079507375457066
69 70 -0.22532608269872573
70 100 -0.6792686729576518
70 71 0.27358064255382225
71 101 -0.5976341158910989
71 72 -0.5880133966130435
72 102 0.266609457576261
72 73 0.6575628452469944
73 103 0.6329551792626047
73 74 -0.8853849921149431
74 104 -0.4173790115786809
74 75 0.06842283158087695
75 105 1.7008480303448175
75 76 -0.7321641552574155
76 106 -0.04937794650037513
76 77 -0.8297559669162392
77 107 0.6760974786747179
77 78 0.16207934295604623
78 108 -1.174850285370963
78 79 -1.1550588402421915
79 109 -0.3848837231050512
79 80 0.9862483587598564
80 110 0.6323223917722575
80 81 1.1202462086041083
81 111 0.011707139337661834
81 82 1.0125546646489887
82 112 -1.2825086941106292
82 83 -0.1222832747574753
83 113 0.9480503478899662
83 84 0.15948630042467352
84 114 -1.803369799326024
84 85 -1.093927985356205
85 115 -0.1690626052167779
85 86 1.345400327087411
86 116 0.14082648732434128
86 87 0.9833110128984254
87 117 -1.519000717053102
87 88 -1.2676079297826708
88 118 0.3898478170645203
88 89 1.4120772999100613
89 119 -1.786457402084307
89 90 0.1067338733987679
90 120 -0.580768723167362
91 121 0.0100878970379319
91 92 0.5571377224113522
91 120 0.9065560699512835
92 122 -0.43685732816891665
92 93 -0.3718803534670504
93 123 0.588384008105295
93 94 -0.5469334998802177
94 124 -0.7075433895156686
94 95 -0.3055063598694445
95 125 -0.244181866539215
95 96 0.1542097047820724
96 126 -0.2582101359517422
96 97 1.214965898354125
97 127 0.2543399373581894
97 98 0.4689730072704136
98 128 1.6226841059771822
98 99 -1.005054794691566
99 129 0.4624622034966496
99 100 -1.5141638046645827
100 130 0.27538966713730634
100 101 -0.22372382317350567
101 131 0.35084598050008753
101 102 2.6980583503823907
102 132 0.5337143732325896
102 103 -0.7469165792603234
103 133 0.7227323843324046
103 104 0.6592834820884762
104 134 0.5594739178970984
104 105 -1.0872219090318194
105 135 1.1775986941071142
105 106 -1.2571344074860298
106 136 -1.1359055652150303
106 107 -0.5807234725757368
107 137 0.29770658750594664
107 108 -0.374246237716427
108 138 0.0807447246545201
108 109 0.38945092821206284
109 139 -0.13883443980174387
109 110 0.9869949099912079
110 140 1.6833090868777034
110 111 -0.237241254661513
111 141 0.9431797945461013
111 112 1.3670179219088359
112 142 -0.6256489368693495
112 113 2.9156344991961385
113 143 0.45231061507773807
113 114 -1.2916920048060296
114 144 -0.2622516781169158
114 115 0.9899444365957423
115 145 -0.428442785175981
115 116 -0.8887509560354299
116 146 -0.12413113199359002
116 117 -1.88823122925265
117 147 0.6645548467763668
117 118 1.3860305750319244
118 148 -1.8095338809050623
118 119 0.08147867559271597
119 149 0.4687885582863227
119 120 2.1960832179314838
120 150 -0.775184374121981
121 151 -0.32591666247739076
121 122 -1.148238081018835
121 150 -0.2684518647365122
122 152 -0.15750936248425984
122 123 -2.3512991583554967
123 153 -1.3587076148099815
123 124 0.6585835457565716
124 154 0.5907548998755012
124 125 -0.9768150831832269
125 155 0.9002664681765044
125 126 1.2792420888032356
126 156 -0.5111587605858474
126 127 -0.13218162020044905
127 157 0.2524796403682504
127 128 1.328321852306876
128 158 -0.6744131106171324
128 129 2.043251555841046
129 159 -0.6497274464546958
129 130 2.0983538264286667
130 160 -0.33952331314826
130 131 1.3077379181124371
131 161 0.465227824353937
131 132 0.5844583516307573
132 162 -1.8523990938778283
132 133 1.0482866985955381
133 163 0.1722271889199162
133 134 0.6284761264302245
134 164 0.24608739268481405
134 135 0.2614126558052302
135 165 0.5506636205076725
135 136 -0.560727289164369
136 166 -1.3780445425423842
136 137 0.4594860507898562
137 167 -0.45996731804186325
137 138 0.6189110671983182
138 168 0.830784762880262
138 139 -0.8138768753050722
139 169 -0.3605873293046552
139 140 -0.2888453024912632
140 170 0.39758393430095146
140 141 -0.5824012283817201
141 171 0.637555116021006
141 142 0.4205380754128711
142 172 -1.8712558675343625
142 143 -0.11751962607189215
143 173 -1.0289475910211054
143 144 -0.652527546693097
144 174 0.5742429543608791
144 145 -0.9551101338863521
145 175 -0.4053995115643267
145 146 -1.0734259897905667
146 176 -0.25146817005313105
146 147 -1.2377187159163372
147 177 1.34519170917284
147 148 -0.7124341249449895
148 178 0.5016428859803778
148 149 0.07166176180813587
149 179 -0.46832091651886365
149 150 -1.5814682078404076
150 180 -0.2742575573265896
151 181 1.6035998626491872
151 152 -0.2668540974095037
151 180 -1.0352258697789343
152 182 -0.0862735612283252
152 153 0.3484548977176674
153 183 0.5715420807281983
153 154 1.1004061900979878
154 184 -2.1327950911533633
154 155 1.2176433194494265
155 185 0.30594409986972776
155 156 -2.0558202817388294
156 186 -0.5034236499938356
156 157 -0.10722747853928102
157 187 1.3538459306357602
157 158 0.11789185219440068
158 188 0.09333288474906248
158 159 -1.2833705547485044
159 189 -2.2518716812493267
159 160 0.4438311007444501
160 190 0.2889138882706889
160 161 1.9395822605596331
161 191 0.6855197297383663
161 162 0.8119317492142596
162 192 1.5064926527426135
162 163 0.6870281795239843
163 193 -1.3530730526135817
163 164 0.4832293194470976
164 194 -0.08615990455737424
164 165 -0.5531755706077321
165 195 -1.1984935929887262
165 166 0.5598636528389811
166 196 -0.4352447698212628
166 167 0.3613808962889821
167 197 0.01731749468887374
167 168 -1.48412980040473
168 198 1.135100268892905
168 169 -0.5889608429972059
169 199 1.0226919539626669
169 170 1.3914478979572313
170 200 0.29639700338217256
170 171 -0.09266408592908906
171 201 -1.0810827844659783
171 172 -0.4779687223601225
172 202 -0.19094330434187326
172 173 0.4632400476054976
173 203 0.7792141285909795
173 174 -0.24198345586080966
174 204 0.35386926923210277
174 175 -0.8952517529834556
175 205 -0.30921927302652935
175 176 -0.7913347346050683
176 206 -0.2110095731565253
176 177 1.8154047915555547
177 207 1.010508666668827
177 178 0.27773764825230685
178 208 0.3798608866613689
178 179 -0.8429405110159816
179 209 -0.06859340590597086
179 180 -2.0041056158740878
180 210 0.17952535028905708
181 211 -0.42968059311272655
181 182 -1.2403576057040004
181 210 -0.11106574896212447
182 212 0.07253203050575385
182 183 1.2005125816429933
183 213 -1.225878452685623
183 184 0.5110140827173792
184 214 0.6530369759142269
184 185 1.3620494509296097
185 215 0.572464111715279
185 186 1.495252341987464
186 216 1.0492226179298476
186 187 -0.8149498911499227
187 217 -0.3282069162686942
187 188 0.4838485256738666
188 218 -0.11989898929294122
188 189 1.223539240847699
189 219 0.36489822177085834
189 190 -0.4472954393976882
190 220 -0.028649219638489817
190 191 0.35988819463161886
191 221 1.0053007569079258
191 192 -0.45231518702570167
192 222 -1.7801448498618773
192 193 1.2104982187684528
193 223 -0.9535446873674617
193 194 1.06049026463168
194 224 -0.37463384795665006
194 195 2.0342339849725612
195 225 0.9734087170358983
195 196 1.8120232475242266
196 226 -0.37438056165999517
196 197 -1.0730218993653649
197 227 -0.06040299523618707
197 198 0.6758426013213498
198 228 0.3459805737302489
198 199 -1.8290603615488723
199 229 -0.31961572055294885
199 200 0.26362797499636687
200 230 1.2374962734415396
200 201 0.9156580110184898
201 231 0.27233836940811745
201 202 -0.5065289633499361
202 232 -1.4129279453970442
202 203 -2.064229932148974
203 233 -0.6172968285290652
203 204 -0.6483620791562569
204 234 -1.285710925978076
204 205 -0.8965098109713081
205 235 -1.5410208246059385
205 206 1.0988182668994926
206 236 1.6839901648371571
206 207 0.6542717229316712
207 237 0.37084300153255706
207 208 1.9445999521455495
208 238 0.26301044316814287
208 209 -0.024017019043672174
209 239 1.4702546916783024
209 210 -0.21497270697993734
210 240 1.0084687912044172
211 241 0.3006021477880838
211 212 0.17472508383732455
211 240 -1.2321300537057527
212 242 -0.016960515418959172
212 213 1.2606747811207508
213 243 -0.542464644583671
213 214 -2.471634386414315
214 244 1.223823387086535
214 215 -0.835741036638834
215 245 0.37307777455187796
215 216 -0.8064379556065012
216 246 -0.588899734302188
216 217 1.7373280587536442
217 247 -0.7316875112964653
217 218 1.7827506248819098
218 248 0.10985845432789326
218 219 -0.658197015271587
219 249 -0.1320389613339791
219 220 -0.3271045539300371
220 250 0.13333533866450112
220 221 -0.7668850365386527
221 251 -1.6352957042049592
221 222 -0.7971582291039415
222 252 1.1473475845801315
222 223 -0.4732485848739102
223 253 -0.31887511271370644
223 224 0.9064586400435517
224 254 0.7305238286803345
224 225 -1.6935133599980592
225 255 -0.8716533410969014
225 226 0.4773256051499023
226 256 2.05543751009085
226 227 -1.1644093710272194
227 257 -0.18228051120954858
227 228 0.058908995312281845
228 258 0.010831404279646009
228 229 -0.4333290047374689
229 259 0.03497825492523406
229 230 0.1626806984193856
230 260 -1.5644477355768671
230 231 0.6214994118499814
231 261 1.3528947531107942
231 232 -0.49315681704292924
232 262 -1.4639010710711866
232 233 1.371868791505894
233 263 -0.8711970311214476
233 234 0.8678987093976296
234 264 -1.586349687608758
234 235 -0.4386986836302789
235 265 0.24564060270718338
235 236 -0.7706062819847653
236 266 0.5466323798824338
236 237 -0.45367216836399926
237 267 -1.5962980252775245
237 238 0.30877161751090376
238 268 -0.5522865736975663
238 239 1.3778323197823756
239 269 -1.9123831595852279
239 240 -0.4317832266922501
240 270 -1.9084370025864874
241 271 0.22468958883030954
241 242 0.47638381443629013
241 270 1.063894613108223
242 272 1.0482230199753568
242 243 -1.0987689628511315
243 273 0.399503096323653
243 244 0.4379506755396107
244 274 0.6201810869730746
244 245 -1.7922719241498202
245 275 -1.0833660384220916
245 246 1.2984759209742671
246 276 -0.011248043537417159
246 247 1.6550655512293886
247 277 -0.034260577561679086
247 248 -0.4395502828048521
248 278 -0.5940770713167347
248 249 -1.095251858828118
249 279 0.3426148991570102
249 250 -1.2571232525326383
250 280 -0.8190682295101279
250 251 0.08864192011571087
251 281 -0.030841562547358724
251 252 -0.3261526045794831
252 282 -0.9114197415764795
252 253 0.4360121063735076
253 283 0.39381870822582443
253 254 0.8568798371160953
254 284 -0.33388155427759936
254 255 -1.753965243803035
255 285 0.5115149905320994
255 256 -0.5331138737821617
256 286 0.26339481585374963
256 257 -0.6717437286949091
257 287 0.5345664038106746
257 258 0.6913926218377793
258 288 0.6067539877138229
258 259 0.784749363988972
259 289 0.23769019690710033
259 260 -1.0022019611735324
260 290 -0.17139997942017876
260 261 -0.5846935410686996
261 291 -1.08826381392374
261 262 -0.5437960807285565
262 292 -1.708127193043693
262 263 2.3617258041293256
263 293 1.517178241274936
263 264 1.0437854948348122
264 294 0.2532459096996383
264 265 0.27459007640907235
265 295 -0.7830810520028739
265 266 0.5500616719635935
266 296 0.27353777912269217
266 267 -1.1386719328114405
267 297 0.7440338485551008
267 268 1.2658812634248688
268 298 1.960472153576217
268 269 -1.1092471906187689
269 299 -0.7849634415455893
269 270 -0.5340030136106066
270 300 0.5572922418619626
271 301 -1.1337018387201039
271 272 1.2109332341694836
271 300 0.5944286190566634
272 302 -0.264003779267744
272 273 -0.7669339145565477
273 303 -1.2073301329228685
273 274 1.024341844594407
274 304 0.7808010702143098
274 275 -0.3195607482508185
275 305 -0.5039080755190436
275 276 2.185301531836328
276 306 0.9379970269563473
276 277 -0.8008221819859654
277 307 -0.2535094237686532
277 278 -1.4126016977852842
278 308 -0.04423552262095494
278 279 -0.49409401966926514
279 309 -0.8214744866814264
279 280 -0.9098165081715177
280 310 -0.4159892464094236
280 281 -1.2587523336834872
281 311 -0.8087949431669265
281 282 0.912527629793521
282 312 0.44312169078205166
282 283 -1.2837518962091987
283 313 0.6087745098711438
283 284 -0.6134537236384882
284 314 -1.410348908369336
284 285 0.25732089761434856
285 315 0.4968925715140922
285 286 0.2661058744869394
286 316 0.83732126360937
286 287 -1.563065463266209
287 317 2.1828359308964704
287 288 -0.617515178691097
288 318 2.1839641104304337
288 289 -0.1218822067821524
289 319 -1.8819712257961707
289 290 -0.5651358013583182
290 320 -0.5593509875748665
290 291 -0.3757850013498871
291 321 -0.9921490414825477
291 292 1.2034372501306032
292 322 1.2162514122810708
292 293 1.747456590020638
293 323 0.714593222126782
293 294 -0.4708522338737027
294 324 0.45168885544153586
294 295 -1.0582625506438894
295 325 1.095541120520074
295 296 -1.273668969035539
296 326 1.288638626547965
296 297 0.4124904695985104
297 327 1.0497457455334818
297 298 0.13102158065721392
298 328 -0.4237728336330428
298 299 -0.712205485038292
299 329 -0.11855436465821109
299 300 1.360356281323882
300 330 0.756945063458002
301 331 -1.5211648730935041
301 302 -2.347407170853468
301 330 -0.5714635449133539
302 332 0.8101648244320673
302 303 -1.4383224448530323
303 333 0.24072070560401007
303 304 1.1937407984114656
304 334 0.9057430707259801
304 305 0.29301255813436206
305 335 -0.9706563906924847
305 306 0.08759706278636852
306 336 0.1335567849914331
306 307 -0.7722231515535447
307 337 -0.1001729832078685
307 308 0.7296112648508322
308 338 1.2124309009951537
308 309 -0.9073965628689455
309 339 0.3419476480192271
309 310 -1.279581577126448
310 340 0.38437773524370544
310 311 1.1504647188442467
311 341 -0.0169632926688718
311 312 0.552023862787638
312 342 1.5047917733972538
312 313 -0.8236056762608578
313 343 -0.46536496577025416
313 314 1.709288184348912
314 344 -0.45637374631656885
314 315 0.11028627212531542
315 345 -0.8602369723043304
315 316 -0.21303484722546928
316 346 1.2296272898417469
316 317 -0.9918417424437593
317 347 0.2603528037870296
317 318 0.4848667874793902
318 348 -0.23612365781259934
318 319 -0.26369545475727546
319 349 -2.44105945374508
319 320 -0.18523452301599175
320 350 -0.9331347720014346
320 321 -0.41885355507128363
321 351 -1.0282401491513682
321 322 -0.04314887648395872
322 352 0.5160790228137371
322 323 0.22500894544144542
323 353 -0.7091794978299973
323 324 0.17032521665833966
324 354 -0.39181401851534803
324 325 1.3795762005635894
325 355 0.6701851254428384
325 326 -0.43620724482970585
326 356 -0.14321525683039135
326 327 -0.01922026327361651
327 357 0.6900875956181186
327 328 0.9641254347983715
328 358 -1.1728597793741398
328 329 -0.3533110542062627
329 359 -0.6002869519919422
329 330 0.06077549203957793
330 360 0.9686645520823737
331 361 0.27912974187025535
331 332 1.2903084242831435
331 360 -0.7923973809394297
332 362 2.190936816726133
332 333 1.3521737540020806
333 363 1.4520990422356872
333 334 0.6274984907611143
334 364 -0.1328565786244116
334 335 -0.19134248918629537
335 365 -0.9365427853442989
335 336 1.0918176008103553
336 366 -1.8172263008696437
336 337 -1.013584313815616
337 367 0.5675738785921813
337 338 -1.2956608056812615
338 368 1.3879929028157447
338 339 -0.8055478800771844
339 369 -1.530242184716189
339 340 0.3828403760474065
340 370 1.129885190403238
340 341 0.9480073219388196
341 371 0.03742933214625345
341 342 0.7515368903346855
342 372 -0.5852594357991634
342 343 -1.2309209234923761
343 373 0.582255892810931
343 344 -1.8917732025085612
344 374 -1.0977142604500205
344 345 -0.809958680624939
345 375 1.3051349235009393
345 346 1.5624707197991061
346 376 -0.34602974679065956
346 347 0.33010122501862904
347 377 1.4560660618644226
347 348 0.3622835963434054
348 378 -0.3788012737045762
348 349 -0.5708583372159965
349 379 -1.2658311230369754
349 350 -0.4874963689503833
350 380 -0.8283802284700212
350 351 1.5085381318687536
351 381 -1.3903963001775261
351 352 -0.5299131993785757
352 382 1.9954885135868237
352 353 -2.0851803863882994
353 383 0.6300659194477911
353 354 0.5882211507918477
354 384 -0.6306829563504216
354 355 0.8450749280870514
355 385 -1.1910655591721173
355 356 1.1455793987702765
356 386 -0.46749767254416363
356 357 1.301121197046256
357 387 -1.62702734416816
357 358 -0.0963409372499373
358 388 0.28009517982940013
358 359 1.0445423718146636
359 389 -0.19316562223442918
359 360 -1.3457928447339607
360 390 1.0465275438232209
361 391 0.9574311577926647
361 362 -1.1508018578732182
361 390 -1.3514682314240296
362 392 0.8039269990596158
362 363 -0.343839203655682
363 393 0.30851217554580374
363 364 0.326851725809339
364 394 1.2419181163461972
364 365 -0.40598677199191513
365 395 -2.0770483503381403
365 366 0.8099208838634984
366 396 0.9412179719956096
366 367 -0.16946526415664617
367 397 -0.22467113384337448
367 368 -0.13221906800262745
368 398 0.704524249479893
368 369 -0.8176395670201845
369 399 -1.3558825538737511
369 370 0.4189772495448936
370 400 1.4951476083262698
370 371 -0.3788597120001913
371 401 0.16890912913121525
371 372 -1.1487400002918682
372 402 0.5835305634306146
372 373 -0.8836921000406699
373 403 -0.45280524864390165
373 374 -0.40400908387884005
374 404 -0.5208776500431257
374 375 -0.05862237060477818
375 405 0.8234352914147943
375 376 1.767955256072184
376 406 -1.0139216660136452
376 377 -1.103121315427019
377 407 0.9263882305325838
377 378 1.0330159647575847
378 408 -0.4891331187749968
378 379 -0.01733959582552529
379 409 1.0422001746243534
379 380 0.8649426601057588
380 410 0.6234914993693537
380 381 0.625581376604206
381 411 -1.2004194929814382
381 382 -0.10560959769941117
382 412 -0.004598344421294632
382 383 -1.1647814417029432
383 413 1.2647004088016423
383 384 -1.0505387935608874
384 414 -1.3013230379789444
384 385 1.4300569718453384
385 415 1.0804852205538187
385 386 -0.966803588876402
386 416 0.04163591111493322
386 387 -0.3042590529195971
387 417 -0.3493345982125151
387 388 -0.30409080608630107
388 418 -1.2018408649505037
388 389 -0.6600439097073506
389 419 -0.31417779844419463
389 390 0.25142599984364317
390 420 -0.04388527005647589
391 421 -0.6013709108716243
391 392 0.06910105503166693
391 420 -0.8747195691678217
392 422 -1.0356758885866308
392 393 -0.396903823127708
393 423 0.45324870185052657
393 394 -1.5713350252099978
394 424 -0.49627829496085535
394 395 -0.3882251300717359
395 425 0.6817039042841722
395 396 0.7103241562442499
396 426 0.9081103724807309
396 397 0.6925248953009879
397 427 -1.0911885144553704
397 398 0.730105074955508
398 428 -0.5865861740124024
398 399 0.1791815435547285
399 429 -0.5646500950623055
399 400 -2.8269118377295865
400 430 0.679381190813334
400 401 0.0019195585317419448
401 431 1.8569200710963885
401 402 0.8385072640514699
402 432 0.624266630113088
402 403 -0.6667466737034995
403 433 0.543255546676874
403 404 0.2358180253314551
404 434 0.40902860027428245
404 405 0.1850987513882176
405 435 0.09647789066580673
405 406 -0.268307844962157
406 436 0.632754559346236
406 407 -0.07621635122855047
407 437 1.565848076660624
407 408 0.22180524249507338
408 438 -1.504034387561956
408 409 0.5462334204123575
409 439 0.03421930600782059
409 410 -1.349792658276748
410 440 -0.6218723729809189
410 411 -0.14017816000742428
411 441 -1.2074857687262321
411 412 1.1287592569824836
412 442 1.2554265189672393
412 413 -0.484538765696638
413 443 -0.47766793907579946
413 414 0.8720480470472438
414 444 0.23746534382944615
414 415 0.5517652784567253
415 445 -0.27611903133748383
415 416 1.4143735925931702
416 446 0.5248070138221381
416 417 0.4581105502317333
417 447 2.2821423175935847
417 418 -0.9011181536332846
418 448 0.23132669103724737
418 419 0.7547294256510174
419 449 -0.9472024517757632
419 420 -1.3620565247886696
420 450 -1.9911497220194885
421 451 0.3675801148157557
421 422 0.32238585622846283
421 450 -0.12370321540035191
422 452 -1.0049007308049722
422 423 0.5825797339202573
423 453 -0.6120406370394883
423 424 1.0526316863005623
424 454 0.33025290844356525
424 425 0.338994117609666
425 455 -0.7181153272156636
425 426 1.281643402007036
426 456 -0.28749236128584776
426 427 0.573432432165338
427 457 1.7589036844619148
427 428 -0.3786627644959807
428 458 -0.3523716739184551
428 429 1.3285312390389055
429 459 -0.9995080645463852
429 430 -1.2428791039519451
430 460 0.1440655088764535
430 431 1.0651628060264466
431 461 -2.0039875648249845
431 432 -1.3431387047820618
432 462 0.7718193841310956
432 433 -0.4949646891061105
433 463 -0.3491199920094229
433 434 1.0532131286127941
434 464 1.5627423996336265
434 435 -0.68001632499804
435 465 -2.1423608043988254
435 436 -0.33548348427496794
436 466 0.5325868612678317
436 437 -1.8546240145795896
437 467 -0.18520779171493507
437 438 0.4283436755645048
438 468 -0.5271675184012294
438 439 -0.006018623275598553
439 469 -0.7877214039603458
439 440 1.1671868771444016
440 470 0.7751009752095094
440 441 -2.1675112066053908
441 471 0.6919348510774797
441 442 -2.1112645999540987
442 472 -1.6634236322193774
442 443 -1.3690436848051986
443 473 1.1087851056765115
443 444 1.2297736397403851
444 474 -1.6973775489624339
444 445 2.5755022423104905
445 475 -0.5226667312012209
445 446 1.1274967275549432
446 476 -1.188153635633349
446 447 -0.8447625915826726
447 477 -0.8444291341183321
447 448 -1.552383812307055
448 478 1.701636014652779
448 449 -1.8358790001724372
449 479 0.2922440401575631
449 450 -0.7796606159479521
450 480 0.42128892073720153
451 481 0.31367610545703145
451 452 1.4103518743206847
451 480 0.5480235882299211
452 482 -0.14570659987403753
452 453 1.6403791521559363
453 483 -0.490317954147092
453 454 -1.0936074720426616
454 484 -0.1563036781281456
454 455 -1.3112616634097638
455 485 0.4988942589684637
455 456 0.9999070701023991
456 486 0.8084072196108779
456 457 -0.21822648561964586
457 487 1.7344700178669903
457 458 -0.8468054749334111
458 488 1.8123050386166841
458 459 0.759528826667248
459 489 0.6691730279493093
459 460 0.023387222459055175
460 490 1.8504937539216342
460 461 -0.16668120973289244
461 491 -0.8722850421494819
461 462 0.20132268693535588
462 492 -1.4495437320910793
462 463 0.0546340571308254
463 493 0.811357588370881
463 464 -0.8630578615129028
464 494 -0.8987591723392334
464 465 -1.2907878893858287
465 495 -0.5708046074524233
465 466 1.1648349411809589
466 496 0.3339052616523224
466 467 -0.2232385641577657
467 497 0.4783426754034774
467 468 0.3514119377340449
468 498 -0.5876988797898532
468 469 -1.1057286541176117
469 499 0.7946933396827278
469 470 -0.3068155356223216
470 500 0.7332553417935259
470 471 -1.6764846932151574
471 501 -1.9461231387451197
471 472 -0.7489231482159099
472 502 -0.4301600336685566
472 473 -2.221104635734487
473 503 1.2430081732277554
473 474 -0.16157093744165027
474 504 1.5318905482239658
474 475 -1.6472948911115723
475 505 0.864871629711412
475 476 -0.7825651767315348
476 506 1.1933041947432934
476 477 -2.0118349784409792
477 507 -1.0521365117556736
477 478 0.979516796589123
478 508 -1.173503586837712
478 479 -1.8203030395990225
479 509 -0.06757890337310635
479 480 -0.22070535641074426
480 510 0.6150432184574639
481 511 -0.5769721721016976
481 482 -0.5420510496603356
481 510 -0.022967161810714884
482 512 0.37067153277919973
482 483 -0.8370472244734483
483 513 -0.015874848361395896
483 484 -0.16636471829549196
484 514 1.7018070012955364
484 485 0.15232500303099258
485 515 0.6208709796060519
485 486 -1.16539877117354
486 516 0.11555020000575082
486 487 0.003691766387379713
487 517 0.056872653163490675
487 488 0.8229347815561515
488 518 0.6215675380279729
488 489 -0.5445124137906953
489 519 -1.785860900466467
489 490 1.645061538567657
490 520 0.6659718786323607
490 491 -0.19967104388325932
491 521 -0.4368512061562769
491 492 -0.45493095899715913
492 522 -0.13356326293635956
492 493 1.1221044423251452
493 523 1.4447242334574135
493 494 1.4319789554551439
494 524 0.25497073439218093
494 495 1.2128430363485023
495 525 0.6364791192972145
495 496 -1.1839125590713495
496 526 0.553316655645252
496 497 -2.093015593572476
497 527 0.14617699007975055
497 498 -1.7831951453742831
498 528 -0.516499806730789
498 499 0.730233620287891
499 529 1.4508038984039033
499 500 -0.10210849766029126
500 530 0.7823302278958877
500 501 -1.9629401323485838
501 531 -1.1114399336007175
501 502 -0.016878787811035918
502 532 1.035385845643193
502 503 0.012066978749029745
503 533 -0.5880387660158418
503 504 -0.6094294873458103
504 534 0.7442379478345064
504 505 -0.45661989073362347
505 535 -0.03375581835730523
505 506 0.1938703504585198
506 536 -1.1019784412039018
506 507 0.3369552903539653
507 537 -1.2049220125906335
507 508 -0.23010182020497275
508 538 0.24658711543752576
508 509 -0.736634581254721
509 539 0.47871679589789995
509 510 0.9194543953946985
510 540 -0.3634366585336112
511 541 -2.2581108878815725
511 512 0.22948404392247737
511 540 0.17991105322605447
512 542 0.6081861237397563
512 513 0.7386298447558527
513 543 -1.1487113751862839
513 514 0.8279679878203926
514 544 -0.2019010327652739
514 515 -1.3905407670392822
515 545 -0.012249493675765848
515 516 -0.8421438305875659
516 546 -0.8774688746404798
516 517 -0.9061125250367019
517 547 -1.5768586634997472
517 518 0.48643072161680023
518 548 0.7604794275873242
518 519 1.3704602374379835
519 549 -0.2688335125114374
519 520 -0.07436503647838215
520 550 -0.26523184116325904
520 521 -0.5483557689847522
521 551 -0.635566433020281
521 522 1.0716638781056433
522 552 0.8562359247772052
522 523 -0.8886332669808511
523 553 0.2658114517325479
523 524 1.8627821037709
524 554 -1.518440670047071
524 525 -2.254665931773105
525 555 -0.3289980261103189
525 526 0.01365187238807658
526 556 -0.6479899796444915
526 527 0.5703804571886496
527 557 0.3749718855602325
527 528 -0.8112208390285067
528 558 0.37654745661214756
528 529 1.8142249352321593
529 559 0.42668687307658665
529 530 0.5299975850449624
530 560 -0.5075229393483511
530 531 -0.40791174498798183
531 561 1.0834533671101436
531 532 0.28547893332910973
532 562 -0.7610487079586155
532 533 -1.190503139403801
533 563 0.2506418280469874
533 534 0.2808765506111677
534 564 -0.7395003048305149
534 535 -0.37182084476532573
535 565 -0.37088709809486575
535 536 0.16919527075180368
536 566 -0.18403774071789705
536 537 0.20128009006482098
537 567 -0.4934323110027
537 538 -0.46174267210130016
538 568 1.522707288462303
538 539 -0.7907378508289606
539 569 0.4441345267775643
539 540 -0.3938115013699829
540 570 -2.696475420745996
541 571 -0.6228238220669398
541 542 -0.01270128905618894
541 570 -0.15374518985156838
542 572 -1.081773080148009
542 543 1.2943223535465191
543 573 0.4684262502555268
543 544 0.4092283063053428
544 574 -0.4366235596214098
544 545 0.050606627079745344
545 575 2.0102424769633833
545 546 1.0968855369061332
546 576 -1.4813110243511558
546 547 -0.3526550335827577
547 577 0.17322954878074517
547 548 -0.5520623575329974
548 578 -0.35393234420240316
548 549 -0.9771615053127417
549 579 -1.988844827611087
549 550 -0.4816468287790914
550 580 -0.3600224617323167
550 551 -0.3717150725312776
551 581 -0.5677897627581203
551 552 -0.037362588530909624
552 582 1.540623573704508
552 553 0.185889770477494
553 583 0.4043638295691529
553 554 0.7932172600573745
554 584 0.642792990466487
554 555 1.1165584858893227
555 585 -0.4371593961259858
555 556 0.37403329907468325
556 586 -0.12778489446642988
556 557 0.11004858065599399
557 587 -0.8015373255450793
557 558 -0.6845186398658075
558 588 0.017603148266328538
558 559 1.217507956260974
559 589 -0.41277973067408524
559 560 -0.6232098016838421
560 590 1.5766520699752653
560 561 -0.4866835254439073
561 591 0.883578580371327
561 562 -1.0070684665009773
562 592 0.4643585132579663
562 563 -0.9256362038081075
563 593 1.0512786657210997
563 564 -0.6350843111419521
564 594 -1.1731603492269855
564 565 0.8329573495289424
565 595 1.4863642367196277
565 566 0.6605534842410135
566 596 1.4739159354566815
566 567 -1.1457643306407486
567 597 -0.10766014699519617
567 568 -0.3350075823237471
568 598 0.25548349925408365
568 569 -0.405766751675164
569 599 -0.7644352420554184
569 570 -0.587177616601081
570 600 2.034607165050642
571 601 0.48004343333916166
571 572 -2.0480474614005946
571 600 0.7686730745447004
572 602 0.02336303354687118
572 573 0.09338208643967512
573 603 -2.5647526380370187
573 574 -0.1851415554986411
574 604 1.075996062595173
574 575 0.013395131858455887
575 605 -0.3746928977469699
575 576 0.2516511701002052
576 606 1.1292038998676206
576 577 0.6339380929054684
577 607 0.9151509571673689
577 578 -1.0369379590669736
578 608 0.5730641188098319
578 579 -0.5583600910984746
579 609 -1.8322846276937779
579 580 -0.3335070114728364
580 610 1.6380575994316418
580 581 -1.6887124447175461
581 611 0.3747231698174026
581 582 -1.453878381696347
582 612 -0.2558910453212834
582 583 0.44376213994905994
583 613 0.11314024731585845
583 584 0.6754810545785184
584 614 -1.0952341150107836
584 585 -0.9631805130490707
585 615 -0.31458593085589287
585 586 0.2369496500080469
586 616 -0.6559127478595687
586 587 -0.8670746612680582
587 617 0.46399230991916796
587 588 0.9354720649692142
588 618 -0.6984737248130849
588 589 -2.370508603775843
589 619 0.7158406529892577
589 590 -0.47982793709523625
590 620 -0.30727287508571205
590 591 0.8407336650216727
591 621 -1.806577147085424
591 592 -0.6741942626065971
592 622 0.19604872456689856
592 593 -0.6244233121931633
593 623 -0.3514713684279121
593 594 -0.38596210655241464
594 624 0.5650961426702398
594 595 -1.4873818145878643
595 625 2.6160719337905887
595 596 0.7559279278268302
596 626 0.382483519088683
596 597 -0.18862448187549882
597 627 -0.3166197158367979
597 598 0.2674318264627634
598 628 -1.3978304718404595
598 599 1.9874197997366856
599 629 -1.1294880579165025
599 600 -0.4668113907060002
600 630 -0.11774074755189709
601 631 2.137174184009739
601 602 0.5537962846698945
601 630 1.26227976192783
602 632 -0.8255280685989304
602 603 0.4114053950590013
603 633 -0.6558787097473944
603 604 1.1279596124626414
604 634 1.8387991446287235
604 605 -0.33438456837392133
605 635 1.1028593635009354
605 606 1.007705368862076
606 636 -1.6437219385955695
606 607 -0.4022481587660624
607 637 -0.6761622908687657
607 608 1.2703674552226893
608 638 -0.31856157098494975
608 609 -0.318097674068237
609 639 -1.0010517852083993
609 610 0.18099739659090822
610 640 0.13434705108001058
610 611 0.21831516921168115
611 641 -0.35214413796831895
611 612 0.5885261595054988
612 642 -1.571496671629895
612 613 2.436926252193286
613 643 -0.789715042486236
613 614 0.42117322595524737
614 644 -0.7539450254180349
614 615 2.128493220434549
615 645 1.2858132904484876
615 616 -0.37665326440435254
616 646 0.6311597803148324
616 617 0.9546132585421518
617 647 -0.22837613887153838
617 618 1.7069966242827888
618 648 0.1833325002232892
618 619 0.2959740937218686
619 649 2.0454903589204667
619 620 0.7272283366129894
620 650 0.8592465761208761
620 621 -1.004741320455812
621 651 0.4870287608299659
621 622 0.10893449714191927
622 652 1.4305454499831236
622 623 0.26789791397127977
623 653 -2.3246548228008432
623 624 0.2767915158595053
624 654 -0.44631388525277094
624 625 0.5370546742564013
625 655 2.3561508248542378
625 626 -0.45786867454536545
626 656 -1.4755650851798456
626 627 -1.058616550134355
627 657 0.4640417478985843
627 628 1.2652931301240624
628 658 2.1483608677336212
628 629 0.010406590160946552
629 659 -0.6655681816199989
629 630 0.04780424448297319
630 660 0.38079242055385176
631 661 -0.40240856866356806
631 632 -0.7221402289514611
631 660 -0.24034681453066745
632 662 -0.1270528154195474
632 633 0.16481295773245808
633 663 0.5837950347804282
633 634 1.6328498124904913
634 664 -0.3027932715662973
634 635 2.8181536769022197
635 665 -0.4336855016191488
635 636 -0.04388993214274155
636 666 0.7054834065142037
636 637 1.528525826878253
637 667 0.771053525413799
637 638 2.308175315008793
638 668 -0.6013373949459571
638 639 0.8313423670379433
639 669 1.5914477454458127
639 640 0.3527304966190171
640 670 -0.24880939651997874
640 641 -0.22738922653759755
641 671 -1.8896950352164772
641 642 0.3879080152328921
642 672 0.9850590418816418
642 643 1.3975207402340994
643 673 1.4876265746419344
643 644 -1.1327796429345167
644 674 0.27407639732672234
644 645 -1.1174127191274659
645 675 0.9316643287340038
645 646 0.3301691100967106
646 676 1.1221819855155009
646 647 -0.11928384920834184
647 677 -0.20765555504574285
647 648 -0.526415743267785
648 678 0.0654215696481395
648 649 -0.9734750008353921
649 679 0.44961454925957034
649 650 -0.9027344575743245
650 680 -0.8407539462094724
650 651 -0.0520453382228684
651 681 -0.5262954841594607
651 652 -0.40475918906423985
652 682 -0.20005904040790715
652 653 0.7384834575570723
653 683 0.36920103540107213
653 654 -0.13770566920848548
654 684 0.47351634021032396
654 655 0.2744930577924162
655 685 -2.5769964495057254
655 656 1.3635251345285708
656 686 -1.5297143425343187
656 657 -0.710811550142749
657 687 -0.27723939195355346
657 658 0.7952937441727278
658 688 0.6781275647284543
658 659 -1.3272658155664285
659 689 0.5633010306578292
659 660 1.2732131827998003
660 690 -0.04567197454101703
661 691 -0.705361197681093
661 662 1.3428124501850935
661 690 -1.1218898884035886
662 692 0.5874368881213169
662 663 -0.947910531218157
663 693 -0.5190124738619093
663 664 -0.173751523497908
664 694 -1.2612351293868593
664 665 0.3722059866100514
665 695 1.7577339759068944
665 666 0.3593675588165922
666 696 0.44488443078155643
666 667 -0.3683247592573986
667 697 1.4053757964391702
667 668 -0.3081766103223625
668 698 -0.23292280851267053
668 669 -0.7923047522724932
669 699 0.35641937218316555
669 670 -1.306864881017069
670 700 -0.8821247039599479
670 671 -1.7532004016206293
671 701 0.7225614808666723
671 672 -0.0895169382853414
672 702 -1.1701032308258486
672 673 1.1618141264334483
673 703 -0.4254249670450251
673 674 0.42832505910435614
674 704 1.7033155597636522
674 675 0.8191164900705454
675 705 0.5734264441714158
675 676 -1.3450630809094755
676 706 0.8411511889738985
676 677 1.7174282974142867
677 707 -0.5631903793797977
677 678 -1.1268748848739294
678 708 -1.569382369036164
678 679 -0.002703747896006636
679 709 -1.8066562170149603
679 680 -0.6835566396766282
680 710 0.17790367128883935
680 681 -0.09712301628864797
681 711 0.08047006618175297
681 682 -0.6845676120609303
682 712 -0.4597697326006812
682 683 0.36482018355585183
683 713 0.0016169299386549875
683 684 0.8733200760216391
684 714 -0.33239516622140614
684 685 0.13341743291494026
685 715 -0.6427833998141442
685 686 -1.2454426055274384
686 716 0.019277627622490304
686 687 -0.2542374417639496
687 717 0.2650446420769056
687 688 -0.30156202915633806
688 718 -0.5556484113058392
688 689 -0.13409566282114876
689 719 1.5076080136843437
689 690 -2.2565718649054465
690 720 0.9231165349733532
691 721 1.1499797376720253
691 692 -0.7797694206062015
691 720 -1.9901638880869952
692 722 0.586000092936186
692 693 -0.5948806463710985
693 723 -1.7643211450058371
693 694 -1.8854245354396677
694 724 -0.5661482594531028
694 695 1.3151523286664026
695 725 1.9791237012133345
695 696 -0.6145352301995508
696 726 -1.1321567349340362
696 697 -1.747341845272595
697 727 1.873940067235754
697 698 0.5558385920235883
698 728 1.3677412410569052
698 699 -0.10626991677376715
699 729 0.6181604153020828
699 700 1.1864896259780082
700 730 -0.28879307727112213
700 701 0.7677158627553621
701 731 1.681158242744137
701 702 -0.23501099909908968
702 732 0.4075712647142426
702 703 -0.7385736805077184
703 733 -0.4586638828072396
703 704 -2.1542393646383338
704 734 0.018465768365144943
704 705 -0.5512142160195739
705 735 -0.3538005251540087
705 706 1.2582305924745942
706 736 -0.41705419091451484
706 707 1.124837387369704
707 737 -0.7091157174887072
707 708 -1.723774818969237
708 738 0.312845660674204
708 709 -0.507612898885589
709 739 -0.6677173494268807
709 710 1.5722248270330281
710 740 0.29326115788471424
710 711 -0.6727832689778733
711 741 1.1509203007839115
711 712 1.4119605128438257
712 742 -1.7171105268780897
712 713 -0.34734173593372586
713 743 0.2917572776736486
713 714 -0.3305411750917335
714 744 0.5469111150005666
714 715 0.781290344666291
715 745 -0.015630543991174296
715 716 0.001747248868304895
716 746 1.3521095826596357
716 717 -0.7209499104066156
717 747 -0.21288493516391746
717 718 0.47691923781662793
718 748 -0.0575818209957379
718 719 1.8484923082167566
719 749 0.208987556691644
719 720 -1.571139913017872
720 750 -0.6051641296120343
721 751 -0.542255412400036
721 722 -0.35633393563283716
721 750 -0.7333268803458172
722 752 -0.5776061461147834
722 723 0.48139871234428927
723 753 0.385645956784503
723 724 -0.42751195229644995
724 754 -0.03746649762052405
724 725 -0.23186234821518056
725 755 0.4046885221993832
725 726 1.3069885626636182
726 756 -0.4516478897371518
726 727 1.2337728027451893
727 757 -1.5315065017005685
727 728 -0.873906547127794
728 758 -0.24970761716249354
728 729 0.7023463502259842
729 759 0.891397582528624
729 730 0.8071120478695892
730 760 1.6427696012628916
730 731 -1.2314187888339805
731 761 1.26993881929738
731 732 0.11680891737142136
732 762 0.0601204337762792
732 733 -0.021850666314089443
733 763 0.46441325155349794
733 734 0.03897736999106928
734 764 0.5786158710938153
734 735 -1.6660303067699789
735 765 2.2719917371691363
735 736 -0.42140488493228256
736 766 1.6935968649358677
736 737 -1.4485458205106607
737 767 -0.40845980222162054
737 738 -1.601507460889749
738 768 -0.2065318838366994
738 739 0.9309851879187796
739 769 -0.40640546996202087
739 740 1.4707209532704544
740 770 -0.9526047580008454
740 741 0.7327243707313507
741 771 0.22725871998887723
741 742 -1.860546375090998
742 772 0.8114680293782504
742 743 2.594002170214579
743 773 -1.4211199554953369
743 744 -0.17431046039845305
744 774 1.2320948216529795
744 745 0.867170136706546
745 775 -1.842989054653031
745 746 -0.43613082729161096
746 776 0.696489396437871
746 747 1.006255102183804
747 777 1.0929780509120053
747 748 -0.12987878480517287
748 778 0.20064021508675253
748 749 -0.3753162533918427
749 779 0.5267403589581969
749 750 -1.4780164002938392
750 780 2.0244742848899278
751 781 -0.6727538380260497
751 752 0.23541477456511312
751 780 -2.0101801816088782
752 782 1.028656561799237
752 753 1.9025816083514058
753 783 -0.7824394077121676
753 754 1.5674109675410168
754 784 0.2557363952021775
754 755 -1.4527935981278526
755 785 0.7605125696504247
755 756 -0.12969727752878257
756 786 -0.2338744440402303
756 757 -0.6943097385345238
757 787 -1.006361869178818
757 758 -0.9629670692749587
758 788 1.796110738317886
758 759 -0.5446523867187044
759 789 1.2408548661139722
759 760 -0.3861923735175984
760 790 1.6057101445914423
760 761 -0.4745010570288208
761 791 -0.913872283511431
761 762 -0.35863449592722024
762 792 -0.15375196250473666
762 763 2.8987960069384
763 793 -0.14815723896262284
763 764 -0.00897430863062078
764 794 -0.49151825406950417
764 765 0.049048300933562
765 795 -1.6514963652034507
765 766 1.2661716412854536
766 796 0.8875251477592911
766 767 0.040458791521716955
767 797 0.5008463500703243
767 768 -0.6323265311597096
768 798 1.0514360939749139
768 769 1.3111575535019213
769 799 -0.030885482158587836
769 770 -1.4548616768102622
770 800 -1.422731188518539
770 771 -1.5910324347238962
771 801 -0.8946649907439282
771 772 0.0910050114718835
772 802 0.5439142508168694
772 773 -0.35880770391171307
773 803 0.2673758895035017
773 774 -0.5577354624027002
774 804 0.09726930678784973
774 775 -1.5331506466433926
775 805 -0.1163868343740605
775 776 -0.773139888178592
776 806 -0.51475721787259
776 777 -0.12120806161812736
777 807 -0.12759161881749456
777 778 0.6300287522027194
778 808 0.24768713025091363
778 779 1.4033503087891408
779 809 -0.7045676563057407
779 780 0.5730248388501562
780 810 -0.2719240853450065
781 811 1.1720262982264225
781 782 -0.6926096435151162
781 810 1.813835250874639
782 812 -0.02460057076537895
782 783 -0.13311224626274012
783 813 1.3117772692570961
783 784 1.6005297688068545
784 814 -0.7081180705085236
784 785 0.9542775249097811
785 815 0.3790820826564851
785 786 -0.6922233372716556
786 816 -0.4283340637372465
786 787 1.8259943358301503
787 817 2.970677494580248
787 788 -1.6697785281209407
788 818 0.4320690424957172
788 789 0.08682626897831582
789 819 0.8317393963600941
789 790 -0.6724582433744218
790 820 -0.17697335367232497
790 791 0.8875935022226655
791 821 0.15356164446593848
791 792 0.32637262760468283
792 822 0.425703985181931
792 793 0.5839103535196536
793 823 1.7258649038538534
793 794 -0.8364498658959485
794 824 -0.4019755543357958
794 795 -2.044097565445926
795 825 -1.4617945770027791
795 796 -0.24887293137318867
796 826 -0.13127174919994714
796 797 -0.8395500876855769
797 827 0.05522319915163694
797 798 1.3736604356323365
798 828 -1.3907030758597603
798 799 1.410283277459207
799 829 -0.6212056517923644
799 800 -0.44425484539916804
800 830 0.37565850647884913
800 801 0.5724489244675368
801 831 -2.8734169429690666
801 802 0.2783396379955097
802 832 -0.9377765645582415
802 803 -0.42974619651216617
803 833 0.9078690422548953
803 804 0.5246747839757949
804 834 -0.29653520992019594
804 805 -0.5312876186759659
805 835 0.4647216965264846
805 806 -1.0234253117688095
806 836 1.2312382359621965
806 807 -0.9609123695550031
807 837 0.596337360939074
807 808 -1.6168086078956956
808 838 0.11435912893615845
808 809 0.12078098373377844
809 839 2.39739614370106
809 810 -0.31047540641443516
810 840 -0.35966208884391127
811 841 -0.7966264827350635
811 812 0.5186212665573902
811 840 0.7768025263640581
812 842 -2.238508790579629
812 813 1.0591576071374282
813 843 1.6171027649468326
813 814 1.0951360947726017
814 844 -1.7010753959856784
814 815 0.8712037429339138
815 845 1.8349961914352138
815 816 0.49852454774543603
816 846 1.1014016873900403
816 817 -0.1597628832754023
817 847 0.23993787483571816
817 818 0.5138773580206111
818 848 -0.010950882531328593
818 819 0.16103585825585612
819 849 0.2960125033295127
819 820 -0.9750755562593836
820 850 0.6408815434358873
820 821 -0.04823712973697756
821 851 -1.9423881642150507
821 822 -0.7367530687471063
822 852 -1.205736679439346
822 823 0.1183686340294679
823 853 1.1740589629548688
823 824 0.248610728863368
824 854 -1.1021825384879063
824 825 -0.37397158076494436
825 855 -0.8798457307311581
825 826 0.8517763968441582
826 856 -0.38448868925200236
826 827 0.47577464795898583
827 857 -0.47497672172647576
827 828 0.7438465676810546
828 858 -0.06133176716996872
828 829 1.1159029752963072
829 859 0.6816141026874137
829 830 -1.0047889103794294
830 860 -1.1032543667099342
830 831 -0.25367041472141305
831 861 -0.2685782873467137
831 832 0.5727947856708991
832 862 -1.2938894995316035
832 833 1.0288804572119257
833 863 -0.14694807192966694
833 834 -0.21017276256274114
834 864 -1.2904828391159904
834 835 -1.4290307363624521
835 865 -2.048691617624511
835 836 0.31234477847186826
836 866 -0.4408869011451017
836 837 -0.5173891674675009
837 867 0.9261359311690636
837 838 -0.5819784081408026
838 868 -0.8405471134619253
838 839 -0.30263481061277464
839 869 -2.6898729259514105
839 840 -1.9370620148667568
840 870 -1.5435338761972803
841 842 1.4960477169699251
841 870 -0.8160337973261569
842 843 0.1300694610918727
843 844 0.4164065635486636
844 845 0.22878537671901752
845 846 1.7651966608656307
846 847 -0.3695041256578034
847 848 1.1784885452173932
848 849 -0.927289256192419
849 850 0.7997209959233408
850 851 0.5602110759009069
851 852 -1.1103871339427553
852 853 0.3695768773025201
853 854 0.42234152141495745
854 855 0.8752971569132141
855 856 0.5491027843983408
856 857 0.04723101868130613
857 858 1.685432061781258
858 859 -0.08626871617357199
859 860 -1.3058967812030033
860 861 -0.21769940393158418
861 862 1.338752335809244
862 863 2.248065502617687
863 864 -1.2966387222381957
864 865 1.5235086602601675
865 866 0.5339369983421929
866 867 -0.57704848716999
867 868 0.9960733114532334
868 869 0.0029652939659739596
869 870 1.2469079925246276
