900 1800
1 31 0.3533388042965979
1 871 0.33848700285944144
1 2 -0.29316263842646884
1 30 1.1613161221779285
31 61 1.2577183598718629
31 32 1.6006528283107626
31 60 -0.6285521459532891
871 841 -0.6308828106090232
871 872 0.004429934241787313
871 900 0.6641940949923463
2 32 -1.1871254796856527
2 872 2.002972655020557
2 3 -0.4686985272083174
30 29 0.4011380923943691
30 60 -1.9930728280152543
30 900 0.8221613239265831
32 62 -0.3030582074051841
32 33 0.809834022789712
872 842 -0.05946214304787846
872 873 -3.135780594130574
3 33 2.410636352102302
3 873 1.1716775299448041
3 4 -1.402953011963997
33 63 2.6740888003586454
33 34 0.3520540259620926
873 843 -0.13564593914922055
873 874 0.7108357852018954
4 34 -0.7800080563252038
4 874 0.7431334383997297
4 5 -0.7183402035702344
34 64 -0.32097992854037694
34 35 1.027254391261411
874 844 0.2152773612561695
874 875 0.2020411511893039
5 35 0.14202169393824368
5 875 0.4379010607624614
5 6 -0.3693185263543732
35 65 -2.798715263809233
35 36 1.9521296252666904
875 845 0.36259175031307245
875 876 0.5600826087532075
6 36 0.8379337774239218
6 876 0.22780544398468877
6 7 0.26035729278280273
36 66 -0.3766738737308782
36 37 -0.5506612427344407
876 846 0.27015173316254393
876 877 0.39020302174610316
7 37 0.094992350310638
7 877 0.9711571774191595
7 8 1.422474737236777
37 67 -1.2332424423010673
37 38 -1.7989689781107232
877 847 0.007277711247671962
877 878 1.0675460152536873
8 38 -0.3011852446131405
8 878 0.5771290509880059
8 9 -2.03823023121408
38 68 0.755622362790488
38 39 0.36139181637540346
878 848 0.47520372376542935
878 879 -1.567183964718359
9 39 -0.24976393247020434
9 879 -0.8050592520562802
9 10 0.6327439128473443
39 69 0.3693018724094877
39 40 -1.7842288008065592
879 849 0.4255644825747979
879 880 0.7128864652896203
10 40 0.8153947202077091
10 880 -0.6463725314883065
10 11 -0.003134992909287308
40 70 -0.9850557150991832
40 41 1.320761737987889
880 850 -0.6522107131574515
880 881 -0.3350742333849507
11 41 -0.5361392392351997
11 881 0.9774374011808482
11 12 0.15598438121665845
41 71 -0.6280424918949682
41 42 1.0949566631966732
881 851 -1.4143010408962375
881 882 0.09908261673072204
12 42 0.3576168195198208
12 882 0.4454554306776559
12 13 1.5118204415671512
42 72 -1.3447938436018019
42 43 -0.7989425489440316
882 852 -1.2620183589829979
882 883 0.8572560569876642
13 43 -0.5597912211783719
13 883 0.6431935467953245
13 14 -1.143468120275703
43 73 0.0016204747924900512
43 44 0.7856480257443836
883 853 1.602971271750473
883 884 -0.8242592665493483
14 44 0.8970444833617656
14 884 -0.6540148941464977
14 15 0.9308355379142286
44 74 0.533738856858936
44 45 2.1256410951854954
884 854 0.4355329216589357
884 885 3.040112569888955
15 45 -1.5137506731699844
15 885 0.3162379806199563
15 16 -0.013605485318645536
45 75 0.17225522078394753
45 46 -0.37893619940252005
885 855 0.1854197954288788
885 886 -0.8708730683670071
16 46 0.10525186505080848
16 886 1.3759778342912448
16 17 -1.2430984155859763
46 76 1.1536106401693493
46 47 -2.6241109823165747
886 856 0.6585596908199656
886 887 0.3769776103101658
17 47 0.2616196951708357
17 887 0.342801061198581
17 18 0.26667157659664187
47 77 1.0897539472624427
47 48 -1.3986544277183897
887 857 0.11893872397429299
887 888 -0.48588208759814494
18 48 0.6901422650179854
18 888 0.48292129699795444
18 19 1.220249350305797
48 78 -0.17305810719839668
48 49 -0.672531507041999
888 858 0.7783126035771131
888 889 -0.11017443659806071
19 49 -0.04087455955055786
19 889 0.27670207574590777
19 20 1.2864806042224661
49 79 -1.9548886480877643
49 50 0.8028217381110788
889 859 -0.6244298911757714
889 890 1.3501157297756297
20 50 -0.37043059655491234
20 890 -0.5461284813147316
20 21 -0.363517475632848
50 80 -0.9851107926815439
50 51 -1.8889233925111897
890 860 0.19352398030280432
890 891 0.8458903938612751
21 51 -1.6199614125978963
21 891 0.19983524955068863
21 22 -1.7597664211498198
51 81 -2.4780123157028715
51 52 -1.0266278165265315
891 861 -0.7134567450014101
891 892 0.08916396888213823
22 52 -0.8558365231956937
22 892 2.0214795822829164
22 23 -1.3330187529382607
52 82 1.1997797703673305
52 53 0.447307435655291
892 862 -1.4569587592436242
892 893 -0.000693817361949077
23 53 0.25280417058491317
23 893 -0.06793912033368772
23 24 -0.28842667052183696
53 83 0.5461368138665053
53 54 -0.16219959374597534
893 863 -2.6006488889783914
893 894 -0.3680742456668405
24 54 0.9541793291868826
24 894 -1.3026731011637278
24 25 -0.3776528150827336
54 84 -1.4194180332854833
54 55 0.7116560199813116
894 864 -0.9977050340358156
894 895 0.8483080500703486
25 55 -1.0391931593031483
25 895 0.2743700039328191
25 26 -0.5096510381874505
55 85 -0.623410232068701
55 56 0.6006277787250794
895 865 -0.552639993899215
895 896 1.0576868029714683
26 56 -1.1486115444019602
26 896 1.7270999526522577
26 27 0.3603806727946191
56 86 0.13541433011178
56 57 1.2308778484370897
896 866 0.01783439591212813
896 897 -0.052644102574859526
27 57 -0.8163627932958449
27 897 0.9547561298500881
27 28 -0.5811531407966807
57 87 -1.0264687913309276
57 58 -0.8804530234598997
897 867 -0.7658319572673056
897 898 1.5051415339064458
28 58 -0.7103958881337366
28 898 -0.8279534349689511
28 29 0.2917160904052782
58 88 -0.3613190390427354
58 59 0.7019148962717867
898 868 -0.6218138010864973
898 899 -0.6760257455709003
29 59 -0.4264343444019592
29 899 -0.3538157745004855
59 89 -0.8938828922344222
59 60 1.0647820409297
899 869 -0.4236055762762672
899 900 0.4260816156173201
60 90 0.35139236798883217
900 870 0.34873318937450687
61 91 0.6371573422979238
61 62 1.2033535624491565
61 90 0.28355635955388225
62 92 -0.4745316793916766
62 63 -0.48835387577620065
63 93 0.23672562468390684
63 64 0.44897613072913345
64 94 -0.4962806381819227
64 65 2.931335091689664
65 95 2.647128179974991
65 66 0.5881039766450331
66 96 0.18271208519656013
66 67 0.9867210403162767
67 97 -0.9892034110925706
67 68 -0.29137164880964234
68 98 0.15189455541093738
68 69 -1.1487612827390539
69 99 -0.8599607905787976
69 70 -0.02407288140552868
70 100 -1.1405795723120236
70 71 -0.48962617312695095
71 101 -0.5962077207267366
71 72 1.2674652203855277
72 102 -0.7393354821198246
72 73 1.3212706447295652
73 103 1.4494924474259305
73 74 0.095302205096351
74 104 0.5849076241277676
74 75 0.7222197910514521
75 105 -0.6120863780009297
75 76 -0.5437143115626865
76 106 -0.5726788758443931
76 77 -0.459410414081977
77 107 0.050371278593928585
77 78 -0.26801678190182604
78 108 0.8788285094377495
78 79 -1.2801659204885765
79 109 0.34081781822526014
79 80 -1.4314656349930974
80 110 0.14632889935330123
80 81 0.9269470577718062
81 111 0.3074216586871895
81 82 -2.3167114225402896
82 112 1.4179122376521534
82 83 1.253658705108945
83 113 -3.9094407252263093
83 84 0.7102968535883525
84 114 -0.2348870502763511
84 85 1.081625468629695
85 115 1.6774906978220647
85 86 1.1726513196868584
86 116 0.21632227355576963
86 87 1.9750427038169904
87 117 0.2479690321408167
87 88 1.6906961856098497
88 118 -1.6332904687924812
88 89 1.8861891148889876
89 119 1.5064729697551356
89 90 0.32991495945251464
90 120 1.7723491441508417
91 121 -0.22148072012602962
91 92 -0.7435068108742984
91 120 1.9570392432247672
92 122 -0.045782666260156674
92 93 0.03707148525030329
93 123 -0.8192685913856587
93 94 -0.30476622154773647
94 124 -1.0682578596189036
94 95 1.0275943888989232
95 125 0.6941007181466717
95 96 1.4113429914824773
96 126 0.7722728881381724
96 97 -1.7512003043157027
97 127 0.547510172380542
97 98 1.2487362585235133
98 128 0.4262608249897096
98 99 0.2530826972653127
99 129 0.21853242627865951
99 100 1.1158989669435542
100 130 -0.13703217315763488
100 101 1.121201049981215
101 131 0.2094526183666888
101 102 -0.7399837481130094
102 132 -0.6319329478568975
102 103 0.23151008808768164
103 133 0.38243482112873695
103 104 -0.34161044897292886
104 134 -0.1828689484349671
104 105 -0.7015446476162899
105 135 -0.5725020386756917
105 106 -1.1135946631914884
106 136 0.6739879879547305
106 107 -1.6371158155272367
107 137 -0.8170660139512242
107 108 0.201545286741318
108 138 0.5100214936770741
108 109 -1.5331585986087848
109 139 0.4801776678995552
109 110 0.10838027679123241
110 140 0.2259412675651877
110 111 0.7236476870407882
111 141 -0.6438845003431315
111 112 -0.4246453036410824
112 142 1.2739097866487161
112 113 -0.26424022702021055
113 143 -0.6179576079696345
113 114 -2.282853106041082
114 144 0.5936108133436514
114 115 1.1283278344185084
115 145 -1.343204020693711
115 116 -0.5630541426634539
116 146 -0.7887647695192342
116 117 -0.8282037268345153
117 147 0.5226274739028433
117 118 -1.2490349322981869
118 148 -0.8972764896270953
118 119 -0.9548662914215452
119 149 -1.5870241916854853
119 120 0.7307954223794771
120 150 0.12369044736139306
121 151 1.0414282575109186
121 122 -1.5340915239178419
121 150 0.8749949773102148
122 152 1.1621695547177504
122 123 0.48512173606986464
123 153 -1.7653458262907773
123 124 1.020160114032144
124 154 -0.08849976489149536
124 125 0.6943622497222688
125 155 -0.4828205962368519
125 126 0.880966594009793
126 156 -0.3233694688172762
126 127 -0.09716001461079538
127 157 -1.6253985097377066
127 128 1.505025491153347
128 158 -1.2052536466692738
128 129 0.7105395777801572
129 159 1.2374036377159237
129 130 -1.0002462813757949
130 160 2.1581578207147056
130 131 0.2799141000804744
131 161 0.9393857061558791
131 132 -0.39975344768611093
132 162 -1.7366586644968138
132 133 -0.519100387023954
133 163 -0.15132238381516977
133 134 -1.733025356320113
134 164 0.5895105849988209
134 135 -0.6588464533617006
135 165 0.04903179308071354
135 136 0.22841153295263336
136 166 -0.9868707865912866
136 137 1.0395813055982266
137 167 0.275056402839577
137 138 1.6036876706443115
138 168 -0.2493246197755858
138 139 0.02557718883466585
139 169 -2.5356645142799725
139 140 -1.3782966367520608
140 170 -1.7399424238331485
140 141 0.5801890703148033
141 171 -0.010801323305933258
141 142 1.5055338515468317
142 172 -0.03845350349406239
142 143 1.3976541036785837
143 173 -0.09609545152210842
143 144 -0.35459295319232
144 174 -0.1859581441815352
144 145 -0.8602392920514342
145 175 -1.8034699202997146
145 146 2.0790633659172304
146 176 -2.1236257604244604
146 147 -2.0970486430622617
147 177 -0.9088277974243798
147 148 -1.556272854484368
148 178 0.3470220400004929
148 149 -1.0021254415651923
149 179 -1.0967902128336307
149 150 -0.04318014116900952
150 180 -0.14955301880179106
151 181 -0.2303804860316932
151 152 -0.6548200126990082
151 180 1.7057000327918144
152 182 -0.3028288548128189
152 153 0.7686234072570077
153 183 -0.4559645092373717
153 154 1.541494450299514
154 184 -0.7934402047110561
154 155 0.3447979821006819
155 185 1.0408158519143609
155 156 -3.592916510209092
156 186 -1.367042596134402
156 157 0.2301710123017261
157 187 -1.003364377946746
157 158 0.9953105317454555
158 188 -1.0479049099584263
158 159 -0.3744243979672817
159 189 0.9215097532318405
159 160 0.21799739157852768
160 190 -0.8964801765682177
160 161 -0.9635080147872462
161 191 -0.7784448473156019
161 162 0.28316078336603384
162 192 -0.13760863891144667
162 163 0.1290916557592733
163 193 -0.9387615007460969
163 164 -0.1831661835373639
164 194 -1.705042922049907
164 165 0.7374287215692259
165 195 -0.8297543100233333
165 166 -0.16507226626034383
166 196 0.7147912474828535
166 167 -0.12363622556812956
167 197 -2.419617119274434
167 168 -1.6734704606940465
168 198 -0.15333996910015177
168 169 -0.7589657771960497
169 199 1.3000536789113346
169 170 0.6775293460885853
170 200 -0.06441499237994419
170 171 -0.389513086086726
171 201 -0.9149877672382746
171 172 -0.675123220076714
172 202 -1.4620211986998588
172 173 -0.21348565557192678
173 203 -1.6871708589948087
173 174 0.7290830519802395
174 204 -0.00279241539938055
174 175 -2.502725807537603
175 205 -1.673512607616838
175 176 1.1768159695825513
176 206 -0.33326559081421936
176 177 -0.9320291770026475
177 207 0.33018688832710275
177 178 1.3842441698078338
178 208 -0.3701189279272754
178 179 -0.3205723861432081
179 209 0.1495603072558692
179 180 -2.0215586970045085
180 210 -0.8975585168004022
181 211 1.064718063526464
181 182 -1.1002340379659095
181 210 -0.7673664916116809
182 212 0.7634016234734391
182 183 -0.8139325301566159
183 213 -0.17174689235409163
183 184 1.6454540390786716
184 214 -0.09331884319512276
184 185 -0.2107101811990732
185 215 0.9481597951350844
185 186 -0.7455465253548822
186 216 0.06831605035076865
186 187 -1.8921178901235938
187 217 -0.22842263591987078
187 188 0.16856686462807532
188 218 0.1726106547901776
188 189 1.4305389786474634
189 219 0.5204141502162078
189 190 -0.13966634276689024
190 220 2.070630473395577
190 191 -0.3836800804823957
191 221 1.2676441221335844
191 192 -0.059469516359986534
192 222 -1.2992515347977556
192 193 -0.3493243690211261
193 223 2.34894894953035
193 194 0.1396553452945308
194 224 -0.9292627716831026
194 195 1.099312429085802
195 225 -0.15627692865783943
195 196 -0.17758320396463453
196 226 1.3951000789684829
196 197 1.5486829446790966
197 227 0.7906472974562516
197 198 -0.4362326151333222
198 228 0.38748035295363387
198 199 -0.6513442317952085
199 229 -1.1861756089766833
199 200 -0.803363389093123
200 230 -0.5994157521584121
200 201 -1.5407534070026854
201 231 1.5200040613160186
201 202 0.9167115867351256
202 232 -0.994379802907822
202 203 -0.7775877918451022
203 233 -0.3907097031459783
203 204 2.163878848261811
204 234 0.33760946909008793
204 205 1.4236373795275516
205 235 -0.39865499747264715
205 206 0.06299623014030391
206 236 -0.823526189980545
206 207 -0.2945635245858567
207 237 -0.8097182809063712
207 208 -1.6040414621622292
208 238 -1.4514183757777943
208 209 -0.6162097483346988
209 239 1.2157453272323313
209 210 0.16584988172823484
210 240 -2.714666664740597
211 241 0.7294326104821478
211 212 0.19925008934574545
211 240 0.6141768262696357
212 242 -0.10443705275103067
212 213 0.1498186905796384
213 243 1.2106661193220445
213 214 0.824079699308056
214 244 -0.5726529076043168
214 215 -0.44924169804373254
215 245 -0.022924213087605602
215 216 -0.11710450552242854
216 246 -0.04237389042224441
216 217 -1.947950403825412
217 247 0.6685162836659644
217 218 0.828899528734449
218 248 -0.8261388573678966
218 219 0.10204623479738854
219 249 -0.44263110173666365
219 220 -0.18196611069638044
220 250 0.580790803835997
220 221 1.7109484188505317
221 251 3.690100738300501
221 222 -1.4958959059730357
222 252 -0.07752778419009962
222 223 -0.07274400347355273
223 253 0.3981332610570605
223 224 -1.1994332228257845
224 254 0.8930824367274277
224 225 -0.3185085095465703
225 255 -0.16545671962739184
225 226 0.9797617177810172
226 256 -0.5685558045549106
226 227 -0.25457322688187084
227 257 0.883647814004571
227 228 -0.7012758469717405
228 258 -1.590060508847062
228 229 -1.9573844965679161
229 259 1.5218507401446277
229 230 -0.7609939271965824
230 260 -0.14745909147322747
230 231 -0.75957771132642
231 261 -1.0456045978382127
231 232 -0.7583133225743062
232 262 -1.1418663998462013
232 233 0.9046787290524549
233 263 -0.424288234213531
233 234 -0.4106393753254796
234 264 0.10103943474676257
234 235 0.28317923362588987
235 265 -0.3501852085121408
235 236 0.7210598457640705
236 266 0.5327814329599195
236 237 1.4579067715110656
237 267 -1.5489405480041085
237 238 0.10976026118736355
238 268 0.40122637381752735
238 239 1.928777174896173
239 269 -1.1444967279699318
239 240 0.3515870009937013
240 270 -0.39600615385733284
241 271 -0.21716152082650284
241 242 0.43636235146477365
241 270 1.0580927949431298
242 272 -0.7257409161076447
242 243 1.697648779702871
243 273 0.5694790235315281
243 244 2.22888828940701
244 274 -1.0400874888392586
244 245 0.6310028274890785
245 275 0.7905774358108724
245 246 0.38715978152373015
246 276 -1.44059842377099
246 247 0.6077897801566412
247 277 0.8629848511199658
247 248 0.38487030026872066
248 278 1.635680087419948
248 249 0.003851113566308761
249 279 -1.5752893575427929
249 250 -0.8863976645559094
250 280 2.06182404876701
250 251 -1.0843148834255545
251 281 0.4117702491452327
251 252 0.5028729694889359
252 282 0.42954409856215686
252 253 0.20279935651299144
253 283 1.0362427811514527
253 254 -0.7943310959974456
254 284 0.7539335204996381
254 255 1.3962683308730612
255 285 0.3704704254219269
255 256 0.12373917775732675
256 286 0.6243505269146282
256 257 -0.6542529192023372
257 287 0.5301162373640727
257 258 -2.0492307807875827
258 288 -0.7495071438177593
258 259 0.41259607123025366
259 289 2.5483074324733357
259 260 -0.31209861263123995
260 290 0.4012928066269164
260 261 -1.165115000678922
261 291 -0.4534709037918061
261 262 0.8410397693003269
262 292 0.3777738126658206
262 263 0.15479256522770882
263 293 -0.05990770725938439
263 264 -0.43269531422996815
264 294 -1.875631824271677
264 265 1.2409560417949448
265 295 0.4169582542082291
265 266 0.872908268492303
266 296 -0.03283588692197691
266 267 -1.4796134209546306
267 297 0.8323397180142351
267 268 0.9379112356249251
268 298 -0.03693175457777164
268 269 -1.1209430185735578
269 299 1.088815984031759
269 270 0.4322292001756639
270 300 0.33958591079822087
271 301 0.37897142824468816
271 272 -2.566139780385812
271 300 0.6846131100282443
272 302 0.11983352905257781
272 273 0.35927208398146965
273 303 1.2170715750971155
273 274 -1.9116070341636586
274 304 -1.316260533375177
274 275 0.8556419866275494
275 305 -0.8226518008737781
275 276 -1.6318543907005667
276 306 -1.013895907189421
276 277 1.3146152455952727
277 307 -0.7169966737711703
277 278 -0.3780363106393009
278 308 0.9015187372987737
278 279 -3.152580334905509
279 309 1.6924007542130504
279 280 0.17108157822670597
280 310 0.35036432893709674
280 281 -0.21400505317006022
281 311 -0.38314045024046833
281 282 -0.6028369987055472
282 312 -0.4157747069033219
282 283 0.5132981045443982
283 313 -0.20079219379032595
283 284 0.14198522060093088
284 314 1.0370262077424022
284 285 1.5460338935820364
285 315 -0.43082263360802237
285 286 -0.5688020203982125
286 316 -0.10744621180367643
286 287 -0.43370346298000156
287 317 -0.28751573361193206
287 288 0.24485191892800448
288 318 -0.2448198476191413
288 289 0.9661808808046279
289 319 0.2543596909248009
289 290 -0.05217052528789786
290 320 -0.9227921677759776
290 291 -0.9192637757774201
291 321 2.122058763463752
291 292 -0.03400373447874693
292 322 -0.8984295241161652
292 293 -0.12729690130045268
293 323 -1.9635501124039392
293 294 -1.6663004462578195
294 324 1.8143841122793738
294 295 -0.8582858809730741
295 325 0.6414835314920868
295 296 -2.799603688086352
296 326 -1.0527827857703096
296 297 -0.6295657683107212
297 327 0.0365753369043537
297 298 0.038211713868978356
298 328 -0.8174750524735098
298 299 1.1406406323419396
299 329 0.041971482954742505
299 300 -0.5177280749619764
300 330 -0.6622920372066764
301 331 -1.4515080286003996
301 302 -0.692763266112558
301 330 -0.32029222452462774
302 332 -0.3170279192181908
302 303 0.14988521407124544
303 333 0.7336391738505819
303 304 0.024421557364836467
304 334 2.1586569065184587
304 305 -0.33082287824231293
305 335 0.42831615485613633
305 306 -0.14833006488232564
306 336 -0.4647026619806049
306 307 -0.0706471572144343
307 337 0.6714170563422657
307 308 -0.37300507069348715
308 338 -0.7188957702262365
308 309 -0.08642158199441728
309 339 -0.2690848531794048
309 310 -0.10178179746212555
310 340 0.14870173097873848
310 311 -1.4086831529404524
311 341 -0.2639694344914317
311 312 0.7140833063200159
312 342 -0.5948466712227858
312 313 1.6064319099022633
313 343 -1.0918444712157087
313 314 0.41212258912200955
314 344 -0.33335471143114553
314 315 -0.13030363913127102
315 345 -0.07400487893496661
315 316 -1.0598953645008276
316 346 -1.1459532959154588
316 317 1.5866680021313913
317 347 -1.6250712092049513
317 318 1.0437358071058431
318 348 -2.076253102594578
318 319 -1.0237866880106352
319 349 -0.27808766463133133
319 320 -1.9290635812247974
320 350 -0.021673897021114896
320 321 1.570004297096298
321 351 -1.029719170321833
321 322 -0.6994928157904022
322 352 0.6602040984840524
322 323 -0.498423078798399
323 353 -0.46953862021086024
323 324 0.2515591240346311
324 354 1.931117911306977
324 325 -1.3631934566468038
325 355 1.0257411169512718
325 326 0.5868322065566611
326 356 1.0748142718459983
326 327 -1.1678182932720655
327 357 -0.002662749743307617
327 328 1.0467233742521163
328 358 -0.6400366251247815
328 329 0.04515400959442018
329 359 -0.705626818512474
329 330 1.2244593161838635
330 360 0.5431770055696438
331 361 1.2712957893710821
331 332 -0.7073520925147824
331 360 0.7870413272806309
332 362 0.9407238671651726
332 333 -1.3831492493553794
333 363 -0.06320477405268558
333 334 2.506867934098325
334 364 -0.2172276812434524
334 335 -0.6193940206732874
335 365 -0.4978842768972122
335 336 0.952154041527477
336 366 -0.46887045438074565
336 337 -1.5915993192010236
337 367 -0.6745944721813073
337 338 -1.3477219236071678
338 368 -0.9149920575429813
338 339 -0.5062789086901395
339 369 -1.406684646277105
339 340 -0.8063489296666881
340 370 -1.1406800844891243
340 341 1.287078416462189
341 371 -0.6038439888984286
341 342 0.8583409085846962
342 372 -0.9287070969415652
342 343 -1.2668446570169356
343 373 1.5162228072087254
343 344 -0.02645341536988841
344 374 -0.08471533955043853
344 345 0.01897391158768823
345 375 -0.3590874732913437
345 346 -0.8214979838754578
346 376 0.09179862011354309
346 347 0.6875116511731384
347 377 0.35266410533966336
347 348 0.8512000640532453
348 378 -0.8392622687685684
348 349 -0.28306437676659535
349 379 1.8911149111566767
349 350 0.7295850874095284
350 380 -0.7772330275961032
350 351 0.41174296258758974
351 381 1.351851374827993
351 352 -0.5270909911882036
352 382 -1.9656261028450828
352 353 0.12292190464508378
353 383 -0.19316450549429676
353 354 1.361294288574353
354 384 -0.15949122118516393
354 355 0.5631278110251291
355 385 -1.1988619560042253
355 356 1.3677811740251569
356 386 0.18716071146511198
356 357 1.3720686493093794
357 387 1.5198450679022177
357 358 0.8089660300963579
358 388 -0.17838809112435458
358 359 -1.458655755857011
359 389 0.5028365954695441
359 360 0.0025907327970319757
360 390 -1.0298763428255344
361 391 0.044754784265813474
361 362 -0.8000564509133066
361 390 0.7173117063941704
362 392 0.36918873026738697
362 363 0.5601374551382173
363 393 -0.23799253403366852
363 364 0.429630171410049
364 394 -0.11716983086844983
364 365 0.6772659363420067
365 395 -0.015731815475871908
365 366 0.7867042135437105
366 396 1.4053138730792365
366 367 -1.439154004653911
367 397 -0.028289011794922634
367 368 0.9531603184941282
368 398 -0.4322386104701901
368 369 1.412701387147077
369 399 1.1882774968037682
369 370 -1.5981907445375376
370 400 0.6134013627976318
370 371 0.39431381268949695
371 401 0.6742763094922286
371 372 0.14082801047964258
372 402 -0.6150504757147912
372 373 0.07982807816922825
373 403 -0.4697676637032246
373 374 -1.9538169706734383
374 404 -0.9521972848072647
374 375 -0.4671601238497452
375 405 0.1303041981024506
375 376 -0.9303265820722957
376 406 -0.04559238607052696
376 377 -3.3541220772366946
377 407 -0.8663268707851236
377 378 0.5677414145858378
378 408 0.7668231229137663
378 379 1.018188070756314
379 409 2.353398146093327
379 380 0.20631642778315545
380 410 -0.3520246618211363
380 381 -0.7786008247521851
381 411 0.6993327494874717
381 382 -1.5148810339037104
382 412 -0.06098834056106307
382 383 -0.006530765724349266
383 413 -0.7685979066035474
383 384 0.41827271378767117
384 414 -0.5070801265406925
384 385 -0.9135811741272052
385 415 -1.522953487013438
385 386 0.2076994565692475
386 416 -1.8175593876317853
386 387 0.1778022943718228
387 417 1.69531538165445
387 388 0.09905079227627558
388 418 -0.9711046347379716
388 389 -0.9444434974812811
389 419 -0.7401438197393853
389 390 -0.163437627684819
390 420 -0.3275881173128092
391 421 0.8153291412657101
391 392 -1.3131119535991898
391 420 -1.5776893264016154
392 422 -0.5838750543317405
392 393 -0.016335532653300847
393 423 0.1313781173795255
393 394 0.8064596210901794
394 424 0.7534360506055153
394 395 0.7633552937474637
395 425 0.7522204517849398
395 396 -0.6505488472542755
396 426 -1.5423866543450009
396 397 -0.5897638801593086
397 427 -0.8230926338547584
397 398 -0.6285459654433354
398 428 1.1062782025203999
398 399 -1.4637063370923344
399 429 -0.33453928918525516
399 400 0.94045495497342
400 430 -0.5666717336936133
400 401 -0.12201442103621545
401 431 0.5620971239108653
401 402 1.9633566673893499
402 432 1.4867205421626928
402 403 0.3342469219475093
403 433 -1.2090559789422968
403 404 -0.9007156121392181
404 434 -0.11105663010619493
404 405 -1.792788408575995
405 435 -0.16566866251248963
405 406 -0.37846840661650233
406 436 0.31266604951363364
406 407 1.0412654674801245
407 437 -1.7172717533276618
407 408 1.0549072055132505
408 438 -1.841582890379539
408 409 0.6599277176283392
409 439 1.8719686923913343
409 410 -0.46436890562308125
410 440 -0.09612718203595418
410 411 -0.34379097345570236
411 441 -0.05914010283678029
411 412 0.6170785882340132
412 442 0.8776532602413228
412 413 -1.8649058921228496
413 443 -0.03944638112416442
413 414 1.3285456966562688
414 444 -0.20580694145905776
414 415 0.3069428422241775
415 445 -1.163288681641155
415 416 1.0885813990971875
416 446 -0.7883599415467553
416 417 0.32545179857929535
417 447 -1.2555931300443446
417 418 -0.021314316766387457
418 448 -0.10520216260208405
418 419 -0.648819222079786
419 449 0.7453092902899474
419 420 -0.5181712746074643
420 450 0.8559507173752791
421 451 -0.8200134454837357
421 422 -0.00870216746006996
421 450 -1.1775892053459271
422 452 -0.5567334762166315
422 423 -0.4882221526546888
423 453 0.9157981680216163
423 424 1.0053256647756363
424 454 -0.4350788883067077
424 425 -1.4388346557991774
425 455 -1.503726817403735
425 426 1.1999615224740756
426 456 -0.36577640240273956
426 427 -1.1309505736118153
427 457 1.4681217027172915
427 428 1.2822690571822017
428 458 0.4187641267621825
428 429 -0.6646439854494771
429 459 1.0843994919056754
429 430 -0.25242639401602757
430 460 1.1112195505722111
430 431 -0.8640992286841315
431 461 -0.0971614350985626
431 432 0.15327676192172493
432 462 1.1616710141983284
432 433 -1.4492105069933334
433 463 0.7005001826809502
433 434 -0.18816849295072416
434 464 2.3109513043289307
434 435 -0.8026334863846992
435 465 0.04981497617052485
435 436 0.053493145661395625
436 466 0.11218815241952833
436 437 -0.32015757228693353
437 467 0.22471620591985386
437 438 1.120837244345202
438 468 0.32081878312538187
438 439 0.091510872676789
439 469 -0.7285536803200163
439 440 -1.0894898004146834
440 470 -1.7427343722853745
440 441 -0.9303723843998207
441 471 -1.0950529238743894
441 442 -2.2024715000063244
442 472 -0.1865545095678216
442 443 -0.5023060560310486
443 473 1.1486620709981983
443 444 0.983428544450832
444 474 -0.7608543526943314
444 445 0.6952766941764211
445 475 -1.3094665517806452
445 446 0.2232268855760719
446 476 1.7402808130704197
446 447 -0.029892411077779926
447 477 -0.2842957915724316
447 448 1.0966165608810121
448 478 -0.9511554212962171
448 449 0.5779350808488962
449 479 2.127104563835573
449 450 0.835318181713999
450 480 0.7448463944673109
451 481 -0.31743643263659643
451 452 -1.1164155167555572
451 480 -0.5622068188482864
452 482 0.05986708829595532
452 453 0.21991216369301372
453 483 2.134547004213003
453 454 0.8672181607364722
454 484 -0.23877186115434598
454 455 1.0890282732767695
455 485 -0.2591163200253284
455 456 1.4150419054419168
456 486 0.8367734861029633
456 457 1.34833786355722
457 487 -0.6013717614544021
457 458 0.6778421436001809
458 488 -0.6233612050752573
458 459 -0.3678709148551922
459 489 1.976005456679695
459 460 0.6665627996673258
460 490 2.330824914165558
460 461 1.1688663358167943
461 491 -0.20875297174364368
461 462 0.18922627483281465
462 492 0.17633001137744697
462 463 0.39502273992393827
463 493 1.7112133900032471
463 464 0.9125495392811364
464 494 -1.065767470822979
464 465 -0.9628555729758209
465 495 -0.10193320831416226
465 466 0.8324427328769891
466 496 -0.5247185516396847
466 467 -0.7722079499069755
467 497 -0.00799736644101257
467 468 0.7813489306487253
468 498 -1.2113226058083453
468 469 -0.4133882842852352
469 499 -0.10753161113548378
469 470 0.7885240176874185
470 500 0.7353862964552627
470 471 2.026974381548287
471 501 -0.8158678794649448
471 472 -2.4977832681289778
472 502 0.25842340502484357
472 473 -0.784887466681032
473 503 -0.3126255855499705
473 474 1.507519449726295
474 504 0.9929532781293219
474 475 0.6154015592915973
475 505 0.18635071566547035
475 476 0.15892554346730006
476 506 -2.356079614282141
476 477 1.3839590342769776
477 507 -0.7000292874361966
477 478 -2.100408892854564
478 508 0.6782436975780919
478 479 0.5550445731799476
479 509 0.2393610698355665
479 480 0.6601758212813557
480 510 -0.3790329014665594
481 511 -0.21057914764296842
481 482 2.075780519751843
481 510 0.7573436669165142
482 512 -0.03722975135370243
482 483 -0.630401145981871
483 513 -0.16497998759332258
483 484 -1.8200488958128997
484 514 -1.7220300374817983
484 485 -0.8452505348407927
485 515 0.26107200053655333
485 486 -0.5212324237364641
486 516 0.889875314700093
486 487 -1.4996164535971486
487 517 -1.6057407737904126
487 488 1.1702749829004413
488 518 0.8704184093006675
488 489 -0.8728954767310226
489 519 -0.07655130561105679
489 490 0.2260133069012224
490 520 0.601095805571846
490 491 -1.366926535924731
491 521 -0.09042985362902227
491 492 0.7384675952610922
492 522 -0.19988561081479322
492 493 -1.0707085599717256
493 523 0.22231706501838303
493 494 -1.1140517861339014
494 524 1.36311344987294
494 495 -0.01871047212616252
495 525 -1.9167484537219848
495 496 0.733538775561439
496 526 0.5950491783145452
496 497 0.5040113842775351
497 527 -0.5382882706670818
497 498 -1.8193463412036157
498 528 0.3228672489479074
498 499 1.7089093471211634
499 529 -0.6786123514200316
499 500 -0.21950825355931936
500 530 -0.8860295827867367
500 501 0.05364567954419455
501 531 1.6976658769988553
501 502 0.6491293152671024
502 532 0.12973872455649005
502 503 -0.7412169296453051
503 533 2.1547247424997233
503 504 -1.4484521869765312
504 534 0.2420608762999905
504 505 2.8672723423978725
505 535 0.9607960092669228
505 506 0.09489587812589194
506 536 1.514606244957886
506 507 2.8474991321871315
507 537 -0.8038105652751275
507 508 -0.8608061335318685
508 538 0.44381323565870323
508 509 -0.784720178245298
509 539 1.0354499229115317
509 510 0.5918800787822822
510 540 -1.7256872722017618
511 541 -0.8252011780825618
511 512 0.3416843998853179
511 540 0.7243822733880986
512 542 0.9956492881377788
512 513 -0.30287104937255066
513 543 -0.5848011293820359
513 514 1.82005172829899
514 544 0.8208727959019102
514 515 0.4951997786511259
515 545 -0.5069634028143462
515 516 -0.8916950910262278
516 546 0.025866227832899352
516 517 0.09098886322049612
517 547 0.49763335720163177
517 518 0.8112056707758566
518 548 0.46169725503482945
518 519 0.309479721271348
519 549 1.6769674533863224
519 520 1.0242186222119543
520 550 0.25744382054597265
520 521 0.4509277333985058
521 551 -0.5861016335450222
521 522 0.9604773135155095
522 552 -0.17028703749577406
522 523 -0.8295724431066975
523 553 -0.20462555291095472
523 524 -0.02624036257665548
524 554 1.4176082311335918
524 525 -1.1788701969300095
525 555 1.2290967448617562
525 526 1.8264641066196428
526 556 0.7880419632980366
526 527 -1.1145319191030214
527 557 -0.5825110348273526
527 528 0.5466094434890673
528 558 -0.7776077914632231
528 529 2.0448991133945014
529 559 -0.7347621457994864
529 530 0.36337122695238905
530 560 -0.09336320211997381
530 531 0.3430184786066528
531 561 1.7498156539247067
531 532 -0.21255936623470242
532 562 -0.9631617024905302
532 533 1.1999062593686247
533 563 0.1512929752935351
533 534 -0.9155522879756149
534 564 1.5884443170097047
534 535 -1.1285281943031158
535 565 0.41954927416920224
535 536 0.5908313632150792
536 566 0.9931936803063757
536 537 0.33128777399339104
537 567 -0.22412821711923425
537 538 0.4507843238512438
538 568 1.5172675189075728
538 539 0.7890428183885508
539 569 0.460752691728615
539 540 -0.718561119779537
540 570 0.21715127378754387
541 571 0.17429297850539216
541 542 -1.1347402782806444
541 570 0.49462394314064567
542 572 1.137943710026571
542 543 -0.3844287602222158
543 573 -1.8584210126148613
543 544 1.1273650811489435
544 574 -1.3401994389554843
544 545 -1.4309925107689787
545 575 -0.2220199583728216
545 546 -1.618328897618946
546 576 -1.2752312371953551
546 547 -0.04252744876518733
547 577 -0.13656408850745413
547 548 0.47479985508411954
548 578 1.2116489603322629
548 549 1.1309140313008061
549 579 -0.7787660743518124
549 550 -1.8122910417849787
550 580 0.060049900338721
550 551 -1.0954637834392662
551 581 0.44421516622808693
551 552 0.9157920934987637
552 582 2.0299137886333796
552 553 -0.5547733366195209
553 583 -1.2042200437326778
553 554 0.5556057711029555
554 584 1.2891829133447081
554 555 -1.234988770705368
555 585 -2.793220570577205
555 556 0.25912408800571024
556 586 0.0892939027618809
556 557 0.2327175710305824
557 587 -0.6965963214619463
557 558 1.8907626659235475
558 588 -0.19859776782719227
558 559 0.4308998756041337
559 589 2.070118664723852
559 560 -0.12332572642997122
560 590 -0.6305534902523894
560 561 -0.5081389179403228
561 591 1.0191663233136283
561 562 2.504350689507704
562 592 0.876200541212972
562 563 -1.1059709005057001
563 593 0.20357481686443457
563 564 -0.055881634395477386
564 594 0.3261000254459844
564 565 0.6520430306254609
565 595 0.043280121556734996
565 566 -0.2828157368231519
566 596 -1.0950861932356046
566 567 0.526747690677182
567 597 2.2065208215296432
567 568 -0.13970236903696073
568 598 -2.047171843685689
568 569 1.655138437252008
569 599 -0.032409688093768055
569 570 1.423244071128181
570 600 -0.5288443518410388
571 601 0.09016270761911542
571 572 -0.5228022852262307
571 600 -1.265115578547218
572 602 0.807556779490491
572 573 -0.6665383236428527
573 603 -1.2309735445069403
573 574 1.6232475037102467
574 604 1.7098300243708087
574 575 -0.18390664720651337
575 605 -0.21285688330008196
575 576 1.9450965475748836
576 606 -1.728133936792761
576 577 0.11724281726857276
577 607 -2.211741458562991
577 578 0.9852564347590612
578 608 0.5618317900591476
578 579 1.007841138397989
579 609 0.600420505777487
579 580 -0.08685018840388027
580 610 0.0648287332155738
580 581 1.9138966976215457
581 611 -1.579489272859056
581 582 0.48757620639143545
582 612 -0.5391168581629052
582 583 0.2577237349787872
583 613 0.3392387873192922
583 584 1.648254989976785
584 614 -0.4438304002269765
584 585 0.11367772674835648
585 615 0.5876693785788668
585 586 -0.9845098096710405
586 616 -0.11789099838006088
586 587 1.7941811930164815
587 617 2.311034885780665
587 588 1.5766085004287145
588 618 -1.0483701585436032
588 589 0.35715414798174633
589 619 -0.09122356838974463
589 590 1.7656166497327956
590 620 1.298189345652764
590 591 1.6493085941166437
591 621 -0.38541906183600055
591 592 -0.8537492802390231
592 622 2.04042797235126
592 593 -1.5281425328079166
593 623 1.598894406348171
593 594 -0.6821890985034001
594 624 -1.0016029068015122
594 595 -0.3379065123514117
595 625 -1.1916423120531958
595 596 -0.23072652306430588
596 626 1.2025151403348697
596 597 -0.6184838642637825
597 627 0.09791179271280591
597 598 1.1593809364284455
598 628 0.0087897108221455
598 599 -0.1372930846284508
599 629 0.3198705352032646
599 600 1.1859783823079517
600 630 0.7912742632460009
601 631 -0.6234422845625903
601 602 -0.3404136350509032
601 630 -0.6701790039804054
602 632 0.12827646516406507
602 603 -0.4632644307620453
603 633 1.179321580110788
603 604 2.019420040710548
604 634 -1.271777111079458
604 605 -0.4264299769913893
605 635 -0.011179930549050988
605 606 -1.1243937262497588
606 636 0.19221313088912753
606 607 0.006070632394402343
607 637 1.7227967187006046
607 608 0.006723992445629959
608 638 0.30182651320780146
608 609 -0.423430555471255
609 639 -0.7342410638295634
609 610 1.0937482950873358
610 640 0.7925028676908485
610 611 -1.0156544627386423
611 641 0.0667681420257657
611 612 0.2561072939038137
612 642 0.5891857856068801
612 613 -0.12329565447441411
613 643 0.222004890707898
613 614 1.6013707168425786
614 644 1.2826676223621665
614 615 -0.15081407906018807
615 645 1.767877485969961
615 616 -1.3364573943145464
616 646 -1.884100325331577
616 617 0.7399471732609313
617 647 0.6428113572636962
617 618 0.6628895663192885
618 648 0.0670936035386359
618 619 -1.2480218455177226
619 649 -0.21928496157988872
619 620 -1.4447779798498899
620 650 -1.0952519535668412
620 621 0.03768714697459625
621 651 -0.3469169442251903
621 622 -1.8512444499799792
622 652 -1.550220201637636
622 623 -0.6160509970154293
623 653 -0.7806862157524879
623 624 0.044616549947873514
624 654 1.3448657102431358
624 625 -0.3485420811586756
625 655 -2.3575217581696144
625 626 0.6242606123041012
626 656 1.9238658192046576
626 627 -0.4710692554005554
627 657 0.8013476291967212
627 628 0.30477872545192414
628 658 -1.4119661319034207
628 629 -0.7724073510803928
629 659 -0.39616208562957017
629 630 1.013159171361193
630 660 -0.982691283354706
631 661 0.057183991568086893
631 632 -1.4404640488416107
631 660 -0.5688484729774117
632 662 0.1387401353010344
632 633 -0.3663758867824281
633 663 -0.08402749301278878
633 634 -0.123719865615391
634 664 1.724015437397096
634 635 -0.6169891340846807
635 665 1.3611752868045026
635 636 -0.8995287127118333
636 666 0.14654909665114205
636 637 1.7632142936260773
637 667 -1.0402818190483534
637 638 -0.07995115919822839
638 668 -1.1337542528050175
638 639 -1.066273560263316
639 669 -0.6626400249022634
639 640 -0.18863581820569586
640 670 -0.4737820403147017
640 641 -0.1633700377044339
641 671 -0.9640055318926092
641 642 -0.24832461135772985
642 672 0.22663876465266386
642 643 0.10154597490126072
643 673 0.9469265976371187
643 644 -0.9778833313444386
644 674 0.5717367088493968
644 645 -0.5161534840819426
645 675 1.435519645775561
645 646 -0.31230612180032996
646 676 0.957130812915977
646 647 -2.6285623211758993
647 677 0.7115392570715335
647 648 -0.8527154847263626
648 678 0.8526320369466377
648 649 1.9628122919626938
649 679 -1.0036083225638646
649 650 -0.07462087781491893
650 680 0.9645507016422524
650 651 0.26291275518205415
651 681 0.2843749855472457
651 652 1.4494477464699165
652 682 -0.795877484042279
652 653 0.5499069433611216
653 683 0.25360618610893615
653 654 0.34027561493183556
654 684 -0.13391828459091776
654 655 0.055186016835081925
655 685 1.5246669730969797
655 656 1.7268916968964019
656 686 0.7695135971729948
656 657 -0.25252862518857033
657 687 0.2599814602302665
657 658 -0.3481970797562773
658 688 0.31144785698260646
658 659 -1.3614818393029542
659 689 -0.9580135332484613
659 660 -0.7696618911022185
660 690 1.3854266885039856
661 691 0.19188688376860033
661 662 0.09865773381339697
661 690 -0.652646198520554
662 692 0.41457685153693846
662 663 -0.45964580222701346
663 693 0.06636177022057706
663 664 -1.414721952076477
664 694 -0.76519009423616
664 665 0.7551153960589571
665 695 0.23197513252346355
665 666 -1.1395690759939363
666 696 -1.691492020212657
666 667 -0.2538204243758533
667 697 0.40328924225794804
667 668 -1.4399763026497547
668 698 -0.5497495648469385
668 669 -0.627167786586107
669 699 0.28327990118388324
669 670 1.7628106958481826
670 700 -1.0518642695798979
670 671 -1.1733813891200033
671 701 0.05086462908969786
671 672 -0.5976865417497447
672 702 -2.0322434793651083
672 673 0.23783545085739707
673 703 -0.4324231038600905
673 674 -1.053176222750034
674 704 0.359724881579491
674 675 0.23820024295025313
675 705 -1.2884927298200184
675 676 -0.005743374989345646
676 706 2.0547094850919354
676 677 -1.3531300938425526
677 707 1.668211768057826
677 678 -1.5288947246818176
678 708 -0.5529047138028939
678 679 -1.556996129918673
679 709 0.36883432703529867
679 680 1.4706904286513824
680 710 -1.414272103356442
680 681 1.766114614648492
681 711 -1.0874142525186377
681 682 -1.2193352649524098
682 712 1.6031152186399875
682 683 0.10999875042635415
683 713 -1.105750350041161
683 684 0.4279260149528814
684 714 1.1304915323337508
684 685 0.5025145598684616
685 715 -2.269040837170117
685 686 1.688353807407071
686 716 -0.44235353637634456
686 687 -1.027017875538744
687 717 0.1711484185583204
687 688 -0.9937577190497948
688 718 1.8179010305774144
688 689 -0.2167324645937173
689 719 -0.6172905818510026
689 690 0.9399986969788982
690 720 3.0074994204481484
691 721 -0.2630299389455417
691 692 1.4069124057348854
691 720 1.1574543996925848
692 722 2.297915896584796
692 693 -1.2853186495996356
693 723 1.2176626235284151
693 694 -0.7978956076810596
694 724 0.5287178462850334
694 695 0.3867595288640095
695 725 0.26626254495162516
695 696 -0.6199239494760213
696 726 0.056819538482013904
696 697 -1.5219450845044435
697 727 -1.0090928262488297
697 698 0.2721248948600245
698 728 0.704526627276816
698 699 0.040301785648149305
699 729 -0.5354723203691206
699 700 1.5647457414007568
700 730 2.026171201786053
700 701 0.1990079607024573
701 731 1.1556411842994283
701 702 -0.029662064376915345
702 732 0.8882437335638594
702 703 -0.47877048832110025
703 733 0.5224464893274233
703 704 -0.22633862510363523
704 734 1.1577521010604597
704 705 0.12390828489476327
705 735 -0.26615696049343157
705 706 -0.8344951815076829
706 736 0.19554049114406707
706 707 0.14962314345963007
707 737 -0.2626046492971581
707 708 1.1094991190023615
708 738 -1.0692253400691227
708 709 -0.24232479351943756
709 739 -0.23782896197565576
709 710 -1.1598627529062062
710 740 0.004562781367239225
710 711 -0.4719215458593548
711 741 0.44801467405716616
711 712 1.609965114757842
712 742 0.44033966327356705
712 713 -0.9677690222962825
713 743 0.9424924955597825
713 714 -0.36796479793951575
714 744 1.0400635010886679
714 715 -0.633332139542923
715 745 1.6345888917395401
715 716 -1.616560640327453
716 746 0.5117238261636142
716 717 -0.733488091020149
717 747 1.2709932406890316
717 718 0.7582044228434643
718 748 0.29818185860656
718 719 0.005491919796907764
719 749 0.0867094479614541
719 720 1.4575941282669715
720 750 0.10601441738236349
721 751 0.8316063598236142
721 722 -0.7077619449797774
721 750 -0.6872739766580973
722 752 0.9308777291606796
722 723 1.2080777354842274
723 753 0.10638128908786952
723 724 0.8045860421691697
724 754 0.015662794848790417
724 725 0.24576294303078203
725 755 0.28019063507341135
725 726 -3.05369593172768
726 756 -0.21818579188462173
726 727 -0.2861298908861565
727 757 -1.601678761216053
727 728 0.8093084365687803
728 758 -0.3889546986683653
728 729 -1.1293340499805873
729 759 2.218794019485462
729 730 2.77185857748674
730 760 -0.23044343450829644
730 731 -0.7213334462150346
731 761 -0.2673819409770859
731 732 -0.5822230483907397
732 762 -1.460509421671623
732 733 -2.110197791884144
733 763 2.046553864126573
733 734 0.8569844700208199
734 764 0.5184443487425316
734 735 1.8785412554956733
735 765 -0.16961327788671085
735 736 0.2355965921418243
736 766 2.0004417588365326
736 737 0.48683721091458515
737 767 -0.7819294812932154
737 738 0.4191153230810592
738 768 1.3434232919620184
738 739 1.5451215034968306
739 769 0.8450754484619454
739 740 -1.6368052773903214
740 770 0.0882098990319519
740 741 -1.7743993503083078
741 771 0.8312054618851393
741 742 1.227129582908544
742 772 0.9176009829700461
742 743 -1.424502176807828
743 773 0.5774612635386446
743 744 -0.1760777519861933
744 774 0.4721572540122517
744 745 0.9681431881280027
745 775 -1.888972635365345
745 746 -0.04253682922007046
746 776 2.632879388292065
746 747 -0.755163138151191
747 777 -1.3066936921756085
747 748 -1.7798500651729487
748 778 -2.206338277854656
748 749 0.3821070798862514
749 779 0.22494705163545656
749 750 -0.9818788044583248
750 780 -0.6482074062712825
751 781 -1.9651519757895128
751 752 1.961575898940247
751 780 -3.088771453470037
752 782 0.40300336363686756
752 753 -0.245693104003421
753 783 -0.13524549470601743
753 754 0.2832719145850456
754 784 1.3855665009585587
754 755 0.4175738630304852
755 785 -1.7179992927978651
755 756 0.2590665798878684
756 786 -2.120413448982137
756 757 -0.8106520019177995
757 787 0.20684711565044814
757 758 0.2355773658234817
758 788 -0.38142397850810505
758 759 -0.13212287860915461
759 789 -0.6369586184275698
759 760 0.939234288381667
760 790 0.30003950900049736
760 761 1.3231644513760752
761 791 -0.5386409679588519
761 762 -0.23839764449642314
762 792 -0.03830987435068545
762 763 -0.6260654724832478
763 793 0.6323108916848424
763 764 2.897155025878722
764 794 -0.37474210324849117
764 765 -0.34238363383077297
765 795 -2.5623658341129776
765 766 -0.16550519758795912
766 796 0.7915515975375355
766 767 -0.025852752351979428
767 797 -0.4925254183970241
767 768 -0.3548909974457695
768 798 1.3475712412997738
768 769 -0.7797241713296226
769 799 -0.4868147113141852
769 770 -1.1607814728161117
770 800 0.23059649155891956
770 771 -1.0358224654963628
771 801 -0.9849904626867035
771 772 0.616292450669262
772 802 1.5606845838938386
772 773 0.49991200336410113
773 803 3.1692338434396343
773 774 0.48487137058190033
774 804 0.2712689374335301
774 775 -1.3119842230345147
775 805 -0.49043417025105496
775 776 0.05910628818863104
776 806 -1.5530327318441146
776 777 2.1023594350137014
777 807 1.7709485837646852
777 778 -0.9153125978415154
778 808 -2.529550608888365
778 779 -1.1640971565251517
779 809 -1.0757457759518998
779 780 -0.5868255500954317
780 810 -0.4759712549365753
781 811 -0.6896502189040792
781 782 -1.6563332956256616
781 810 -0.7473797113167507
782 812 0.6660071097529593
782 783 0.3545584055070173
783 813 0.5970039393165886
783 784 1.2585274325665243
784 814 0.3736545942878794
784 785 2.3160010550481887
785 815 -0.16490379514350256
785 786 -1.8416535867908792
786 816 1.050267638313779
786 787 1.6838246289792957
787 817 -0.1587405028021506
787 788 0.907267581953061
788 818 0.3688139994312475
788 789 -0.14990709156403098
789 819 0.27555577422887617
789 790 -0.005646061194293794
790 820 -0.31496048891923945
790 791 -0.13386289145158842
791 821 -1.459030526789919
791 792 -1.1493851428286725
792 822 -1.1502862547061805
792 793 1.1419016348387663
793 823 -0.19674304346262658
793 794 0.7947669619810552
794 824 -1.4523810544481535
794 795 -0.30947340796287504
795 825 0.34776333228146056
795 796 -0.04194603999605769
796 826 -0.4772469879846681
796 797 0.21741657388794566
797 827 -0.03879872828021867
797 798 -0.4756284493277584
798 828 -0.3185479517303715
798 799 0.4730051865928871
799 829 -0.9841264921287468
799 800 -0.2679148875284692
800 830 0.7915269549354893
800 801 -0.8695722459306042
801 831 -1.6567858259194017
801 802 0.8215137587669767
802 832 1.4921518816149444
802 803 0.6028472487501026
803 833 -0.42615607062066285
803 804 -1.1353708810030687
804 834 -0.22121794069956585
804 805 0.000802550469052502
805 835 0.28451242934530546
805 806 -1.9172517948836478
806 836 1.1074782081200136
806 807 -0.3689159147185426
807 837 1.9847262363374412
807 808 1.4575879666976272
808 838 0.7774397262504267
808 809 -1.9084050660932346
809 839 0.8328814283251265
809 810 -0.627682457238141
810 840 -0.046478234572328504
811 841 -0.19442248762988912
811 812 -1.1981456191388418
811 840 0.06477948518233094
812 842 2.027254670518291
812 813 0.24029073741650864
813 843 0.615948026111832
813 814 -0.37990357500769434
814 844 0.6881452406262833
814 815 0.24198741997804804
815 845 -1.2912108583381063
815 816 0.22520789615516684
816 846 1.0302613681762594
816 817 0.7697482930363941
817 847 0.8923735124700005
817 818 0.729248450331411
818 848 0.2042639416921083
818 819 1.336653815699829
819 849 -0.9614219398129474
819 820 0.15188968705727293
820 850 -2.8198894472636074
820 821 -1.0771178304386329
821 851 0.4670561530437231
821 822 -0.5062982432978209
822 852 0.1360374549962165
822 823 1.007926288672391
823 853 1.2437140167993979
823 824 -2.232911088840178
824 854 -0.31788249673580343
824 825 2.1816727082489553
825 855 -1.3417289359948188
825 826 0.9591807895954032
826 856 -0.5054955068805691
826 827 1.0266233500657949
827 857 -0.7076203112857244
827 828 -1.027794834653548
828 858 0.9204779516486871
828 829 1.261908202979022
829 859 -0.021470257782364194
829 830 0.11878469742917085
830 860 -1.0006574055195072
830 831 -0.1783502172748675
831 861 -1.772911269420041
831 832 1.0002630482199448
832 862 0.5724084276567203
832 833 0.09728999900905495
833 863 1.9038871271418296
833 834 -0.3148107259343719
834 864 0.1343213789474563
834 835 1.436540101722704
835 865 -1.3169391604012182
835 836 -0.12849043265530113
836 866 0.2069032049825254
836 837 -0.875355843070536
837 867 0.4694125714632295
837 838 -0.22598821243580905
838 868 -0.27568547868935867
838 839 0.11311111619215834
839 869 -0.3722189690106982
839 840 0.4848734343382606
840 870 2.1993361477870677
841 842 -0.44210528018306033
841 870 -0.0696941150151045
842 843 0.27975167901504844
843 844 1.6331979679589177
844 845 -1.016598702647205
845 846 0.6552682902666891
846 847 0.5800295727084255
847 848 -1.9949921691480348
848 849 -1.0574061349707442
849 850 0.7707924069896779
850 851 -0.4037718985685649
851 852 -0.6646147685000342
852 853 -1.2992425555139768
853 854 1.0973295977594393
854 855 1.9177839100380554
855 856 0.8310333001509492
856 857 1.3160087340531688
857 858 0.7346952127608871
858 859 -0.6112874282430375
859 860 -1.8315991848558877
860 861 0.28506136380448244
861 862 0.8088701586910763
862 863 0.22204726638019
863 864 -0.7937253566498512
864 865 -0.8173954103872517
865 866 0.17003228950546126
866 867 -0.28400646961860093
867 868 -0.6730683570780105
868 869 -0.3895767218807724
869 870 1.6919204341263918
