900 1800
1 31 -1.2299579231508597
1 871 1.4882252111088885
1 2 -0.3577809606812951
1 30 -0.440530187755159
31 61 -3.8210830958581323
31 32 1.1196323951834526
31 60 0.6374279115528197
871 841 -0.9726039918661201
871 872 0.14413379017958947
871 900 0.9680197517938393
2 32 0.7362059251895381
2 872 -0.46646987807211276
2 3 0.9897026584422796
30 29 -1.977806884267018
30 60 0.31148438502734743
30 900 -0.12217465715758699
32 62 -0.5261887013840315
32 33 0.601919840582682
872 842 -0.9890924487347167
872 873 1.63012480281279
3 33 -0.22931830160607503
3 873 -1.6994672186802542
3 4 -0.6970740870587364
33 63 0.9230978417310335
33 34 -0.27107764354153613
873 843 -1.5199940155626932
873 874 1.3888896206965724
4 34 -0.5525828816907908
4 874 0.2400386613793957
4 5 -0.0594441884831975
34 64 -1.6991952018587302
34 35 -0.5618597114741429
874 844 -0.8166151561751447
874 875 -1.351136824841079
5 35 1.412237168700005
5 875 0.6204073002612227
5 6 -0.5586419099328117
35 65 -0.038294900676055
35 36 -0.19537144381990804
875 845 1.0961243952667026
875 876 -1.361759561822862
6 36 0.25639860740159015
6 876 2.5930319670107758
6 7 0.23790738638830378
36 66 -0.5229164198872763
36 37 0.5865525242030306
876 846 0.47011929329901964
876 877 -0.10349546362705614
7 37 0.07969829558470409
7 877 -2.579476922640565
7 8 0.1529188873122789
37 67 0.524200283555991
37 38 1.0607887351576493
877 847 2.182974318048897
877 878 -0.467260992995027
8 38 -0.18570672614445458
8 878 -0.7286512070965132
8 9 -1.9714613711338331
38 68 -1.2075192928488243
38 39 -0.4092487384307954
878 848 1.2168160335081066
878 879 -0.5097089680915758
9 39 0.8759804761907855
9 879 0.5779072663422833
9 10 0.6366552102694054
39 69 -2.5463602442461784
39 40 0.6708412321601108
879 849 1.6699849209777307
879 880 1.7521854150682246
10 40 -0.5511108971046129
10 880 2.3172049173626745
10 11 0.7031465797982058
40 70 -1.3184686675138966
40 41 1.4104929500159966
880 850 0.43591156422729477
880 881 0.24615247602787713
11 41 -0.2954574146770584
11 881 -1.6927532707841917
11 12 -1.4149527514056814
41 71 -0.6231817706549679
41 42 0.9296457089630271
881 851 0.8272082907629482
881 882 -0.08581471466351952
12 42 -0.01193424318061436
12 882 -1.7823298249923456
12 13 0.09642195755630771
42 72 -0.6523761397984728
42 43 0.13723040443596
882 852 1.211428302033657
882 883 -0.0567774563064757
13 43 -0.433055202895323
13 883 2.2820443000909085
13 14 -0.8753888246049384
43 73 -0.697452473564595
43 44 -1.2515694615211712
883 853 -0.06753484178211545
883 884 0.34189711231380326
14 44 0.279889141115353
14 884 1.6818943423153268
14 15 1.1512414822621215
44 74 0.9323570517324511
44 45 -1.505499364572535
884 854 -0.4102785699534275
884 885 -1.8295170414239126
15 45 -0.6857709992967816
15 885 -0.20945135806892462
15 16 0.333674512959231
45 75 0.48535961509969316
45 46 -0.13877923223030036
885 855 0.8669962227088602
885 886 -0.282385557511445
16 46 0.6947147551886331
16 886 0.7974828945743684
16 17 -1.6969682132373598
46 76 -0.3341578517462791
46 47 1.4455261052483488
886 856 1.4377175222880196
886 887 -0.12062997565357642
17 47 -2.0546360988487455
17 887 -0.48605563199256
17 18 -1.125574871358229
47 77 1.2441768478352195
47 48 -0.43733553462497177
887 857 0.23597017533612127
887 888 0.11321744801979201
18 48 -1.6664383916054888
18 888 -0.21892493280063935
18 19 -1.381443976508126
48 78 -1.684774232377962
48 49 -0.10070218666566344
888 858 0.09121823073063812
888 889 -0.7018067515841756
19 49 0.11871424110660331
19 889 1.0436269794005737
19 20 0.010996806826327409
49 79 0.4124762272735451
49 50 -0.576042219894315
889 859 0.15430530690051267
889 890 -0.0041457027520678865
20 50 -0.8172649455521879
20 890 1.2546427378586387
20 21 0.41921685373721207
50 80 -0.6726679586575897
50 51 -0.4000631334461114
890 860 -0.10865778062611148
890 891 -1.7886923400458712
21 51 -1.2712846946286098
21 891 0.6582257046960837
21 22 -0.39082127560480956
51 81 -0.30654104287112366
51 52 1.7785169492280861
891 861 0.27102055738608954
891 892 -1.2968267384750305
22 52 -2.7231899265555963
22 892 -0.44148512548124086
22 23 -0.7866450873309293
52 82 -0.7889866192238778
52 53 -0.5508113464096235
892 862 0.18537147897114303
892 893 -0.9606276407168538
23 53 -0.3857889225947552
23 893 -0.801272610418692
23 24 -0.34787339415494783
53 83 0.3567018216602228
53 54 -0.9112937897168455
893 863 0.8756678969795703
893 894 -0.523731782547214
24 54 0.6431432618168362
24 894 1.175081780497729
24 25 0.6335976817882897
54 84 -0.3706100259150859
54 55 -0.4196340000729342
894 864 1.7714546721927478
894 895 -0.6817068395165589
25 55 -2.3657859204608154
25 895 0.8224882178241689
25 26 0.5551438796571465
55 85 -0.8012470834495903
55 56 1.1088572140066908
895 865 -1.9220571177945078
895 896 0.2835975153997583
26 56 -1.3748743731739108
26 896 1.7301559222384926
26 27 -1.8585118493429242
56 86 0.1426291520905497
56 57 -1.6017881406475059
896 866 -0.41210137792812945
896 897 -0.05725188770950521
27 57 1.0588136298924693
27 897 -0.04764208604800783
27 28 -0.6859199850957717
57 87 -2.170238894675575
57 58 0.27229594481161523
897 867 -0.38703217125773204
897 898 -2.24633697271753
28 58 1.1372506492212764
28 898 -1.0305690623982398
28 29 -0.9231678646098509
58 88 -0.4584693038982004
58 59 -1.0099086160334707
898 868 -0.2516145883730342
898 899 -0.25168630176353557
29 59 1.8303256004459807
29 899 -1.4501330475748846
59 89 0.18901477193129618
59 60 0.6651892024427217
899 869 -1.2213552440988296
899 900 0.2015468587547629
60 90 -0.39070591653685693
900 870 1.6832464530307674
61 91 -0.7714242165423942
61 62 0.7109439073630808
61 90 -0.39697523423422465
62 92 0.8977387768635415
62 63 -0.8925172677591318
63 93 -1.0337892825080175
63 64 -0.821513764917572
64 94 0.6219551803694855
64 65 0.9267184246016958
65 95 0.09379431489333759
65 66 -0.7550979929792129
66 96 -0.025201705075805665
66 67 1.4934875451235345
67 97 0.7001307548603235
67 68 -0.6032107840482828
68 98 -0.8510828167607845
68 69 0.9513793417586974
69 99 0.3724471361724232
69 70 -2.2950419032311102
70 100 0.09491724070689733
70 71 -0.40814279532777775
71 101 1.1979364830529662
71 72 -0.08710303854809041
72 102 -0.6674099908106643
72 73 0.9952997349767645
73 103 1.3620468045584284
73 74 -1.479528008729502
74 104 0.051466048508112434
74 75 -0.9594628687049823
75 105 -1.7460667854770884
75 76 1.133225107743962
76 106 0.5988275052861854
76 77 1.092089965699598
77 107 -0.3104059388060374
77 78 -0.8227479522405987
78 108 -0.19487067528187602
78 79 -0.9166624991366753
79 109 0.04443872859804829
79 80 -2.4742158718520493
80 110 0.20401036888269522
80 81 0.15571258034167657
81 111 1.2340880454476304
81 82 0.4051567925066064
82 112 1.1979301782773202
82 83 0.778925840952214
83 113 -0.40388162867262845
83 84 0.4597305220244086
84 114 0.06868257761454226
84 85 -0.004503227292175915
85 115 0.4718745897133491
85 86 0.3094208527867998
86 116 2.3697050577063465
86 87 -0.6947365840496078
87 117 -2.037007646569279
87 88 -0.05932934014812647
88 118 -0.32843576504520716
88 89 0.07573281630306013
89 119 -0.3608170997556393
89 90 -1.7731808735232537
90 120 2.7645448806749053
91 121 -0.7005479962136861
91 92 0.5357352929006601
91 120 -1.6292780683649912
92 122 -0.733887219072046
92 93 -0.4857669271438562
93 123 0.25079810115171397
93 94 -0.4181649221094107
94 124 -0.4990778151257597
94 95 0.6193798942219956
95 125 -1.6990958569107912
95 96 3.351045439513888
96 126 -1.072830667948866
96 97 1.1203565079250688
97 127 -1.682083767074374
97 98 1.9658014381147424
98 128 -1.1191311643064268
98 99 0.29505743379713306
99 129 0.41136107858363674
99 100 -1.2523919985137852
100 130 -0.39104723075934134
100 101 -0.16610424688663095
101 131 -1.163131085570056
101 102 -0.7002874151206057
102 132 -0.6502289549911054
102 103 -0.15080816742795766
103 133 0.8376182576263662
103 104 -1.5785595649313273
104 134 -0.8263604719073171
104 105 -1.3596002969465981
105 135 0.8281292165829284
105 106 0.2960480946541925
106 136 1.9328905463322368
106 107 0.8347786614787798
107 137 -0.6325656305389856
107 108 0.06192895529254811
108 138 -0.18925400874673157
108 109 -0.4093386432027696
109 139 0.5545314630214797
109 110 -0.783192412276485
110 140 -1.425137804624544
110 111 1.5336395790347968
111 141 -0.8219007411913687
111 112 1.0525167766084969
112 142 -1.1448114047338585
112 113 -0.11996873847729642
113 143 -0.7242742896722276
113 114 -0.17605703128775216
114 144 -1.470829424950114
114 115 1.0325465092247796
115 145 -0.6911648945826584
115 116 -0.8669160971501195
116 146 2.129305966087616
116 117 0.7960032444514841
117 147 -0.2943397380549159
117 118 -1.4311703627194188
118 148 1.339655530429724
118 119 1.05567519558924
119 149 0.5043697417444183
119 120 0.09136895166404035
120 150 2.4365486447310634
121 151 -1.3079147787696646
121 122 -0.3186572403783624
121 150 -1.1048017978884883
122 152 -0.18420628714000717
122 123 2.005488621738985
123 153 1.2833290611621262
123 124 0.08172887401774133
124 154 -1.9140038717360761
124 125 0.4003990813808603
125 155 0.21419710041774803
125 126 -0.47171200046952755
126 156 -0.9858958374852453
126 127 0.3585679208769389
127 157 0.3715845579627063
127 128 0.1815255184194263
128 158 0.36828654165427227
128 129 -1.3836054159193252
129 159 -1.6121963616104737
129 130 -1.884679806503351
130 160 -0.818256614903573
130 131 0.07148470135095651
131 161 -0.14982858691631687
131 132 0.5971313383033715
132 162 -1.243209397218757
132 133 -1.1971611622968839
133 163 -1.8569286797433475
133 134 -2.327550914600385
134 164 -0.8916217686751684
134 135 -0.3234735971906413
135 165 0.07000913612169417
135 136 -0.1983214234360805
136 166 -0.6847863836402656
136 137 0.32218792542437064
137 167 -0.18553091894256246
137 138 -0.6171792954325748
138 168 1.6847014697625415
138 139 -2.3540133716488203
139 169 0.10756916654992206
139 140 0.6391137373395817
140 170 0.5490894210086649
140 141 -0.09566146546099927
141 171 -0.8487239121227597
141 142 0.7286789592361799
142 172 1.0288830330884464
142 143 1.7946010476461545
143 173 0.07888412374080943
143 144 2.9682076167769096
144 174 -0.6631936943091863
144 145 -0.21975525656397235
145 175 0.07660005923647399
145 146 -0.1463214833928786
146 176 0.41656509285187493
146 147 -0.9625830626080856
147 177 -1.971442239647874
147 148 -0.16285870996546162
148 178 0.7844078307762186
148 149 -0.308888033462199
149 179 0.8948660072723221
149 150 1.044094354245866
150 180 -0.6178952243727038
151 181 -1.3626148438492518
151 152 -0.03918267496293858
151 180 1.080084599399516
152 182 0.9411486247947046
152 153 1.3743873541740763
153 183 0.21866663377118656
153 154 1.700123017678404
154 184 -0.4534179906896518
154 155 0.4446796220565407
155 185 -0.10839512999141344
155 156 0.6516100936747903
156 186 -0.04974761039685023
156 157 -0.9267462912868539
157 187 -0.7710243488396699
157 158 1.0619905557761637
158 188 -0.06243000421487057
158 159 0.1574817977839222
159 189 1.944850574855577
159 160 -0.09310814509409435
160 190 0.051972436998232056
160 161 -0.5684252513753518
161 191 0.7153668854219161
161 162 -0.08446655680229855
162 192 1.6006624337701658
162 163 0.16912154067647708
163 193 0.27186532757383103
163 164 -0.21566874754679094
164 194 -0.06621913268927211
164 165 1.5257004136963237
165 195 -0.948677621547542
165 166 0.021495410555826475
166 196 -0.4137608270783197
166 167 -0.49831216672181355
167 197 1.0320063850561165
167 168 -1.1435807489805583
168 198 0.3471421715455972
168 169 -1.1352845048637692
169 199 -1.6440581875533542
169 170 -0.37650621114821553
170 200 -0.6241237162996516
170 171 1.0252480926293934
171 201 -0.10766719456064261
171 172 -0.49559694088236694
172 202 0.7669040671193597
172 173 0.8470595010348055
173 203 -0.131530678354301
173 174 0.5532685532678899
174 204 0.09907557356949924
174 175 1.2397368510176068
175 205 0.44360012757834943
175 176 0.25895155901465255
176 206 0.045269361876661175
176 177 -0.9713376675496794
177 207 -0.7177829065188778
177 178 -1.5849435629835018
178 208 -0.9890977215262472
178 179 -1.676078386907513
179 209 -2.8944204520169348
179 180 -0.8647641757414194
180 210 0.023257509240787087
181 211 -0.11541328938837639
181 182 -0.26277892199740277
181 210 -0.13098907057894063
182 212 -2.016503817447007
182 183 1.7639062785680557
183 213 -0.2619031172113239
183 184 -0.28061878218999975
184 214 -0.49951015174861413
184 185 0.26471139918818554
185 215 1.8757981162170039
185 186 -0.8085561276095043
186 216 -0.39374641524202286
186 187 -0.9694461293537509
187 217 -0.038834810972201546
187 188 0.3663714784428022
188 218 0.7407757786042003
188 189 -0.9786738129695627
189 219 -0.004963066563658597
189 190 1.05091996307351
190 220 -1.7436550165008915
190 191 0.9890512709019863
191 221 -0.3576502002942664
191 192 -0.07540023109711673
192 222 0.12493280879138352
192 193 2.022111459438165
193 223 -1.0807016219907544
193 194 0.0915013399036513
194 224 -1.9305209458031498
194 195 -0.26289341874228445
195 225 -1.2778352017751502
195 196 0.7664735007675366
196 226 -0.04582585594235769
196 197 -0.509487725834497
197 227 -1.7582211398178356
197 198 -0.24009812146561735
198 228 -0.46644183184389953
198 199 1.9608700989463124
199 229 -1.1897316829107545
199 200 -0.7951534086598919
200 230 1.312123670792551
200 201 1.185045109518015
201 231 0.9915653277224962
201 202 1.3405058144721003
202 232 0.6151354042010335
202 203 -0.3936985702577333
203 233 -0.13618096681490796
203 204 0.746328096258806
204 234 0.39957588388468834
204 205 -0.3520023695353955
205 235 0.2518478782449296
205 206 0.4979849283704343
206 236 0.8093205963315815
206 207 0.38527261175810673
207 237 2.2860677659865134
207 208 0.27338459457276687
208 238 0.2828929623629689
208 209 0.69293943166723
209 239 -1.0143273373854473
209 210 -0.20746192124295368
210 240 -1.3298977619627517
211 241 -0.9435345056646817
211 212 0.1102136563881296
211 240 0.8354010082517841
212 242 -1.086321697483532
212 213 -0.018621539090532827
213 243 -0.11837668651498921
213 214 -0.44087551027369987
214 244 -0.11907312499936024
214 215 1.1053546773278793
215 245 0.4971665450153784
215 216 -0.6883302931530826
216 246 0.11884764845524273
216 217 0.5468228813234907
217 247 1.6279556403223336
217 218 -0.47793751758046865
218 248 -0.6569483576796856
218 219 -0.4169169229422895
219 249 0.8101561941238503
219 220 -2.0647845161544387
220 250 0.053704672284557414
220 221 -0.41359284032313204
221 251 1.2829926021085116
221 222 0.720676311103015
222 252 0.6658671878488127
222 223 0.8340658222500145
223 253 2.0559320385676774
223 224 0.39756374514731374
224 254 -0.5257278151252737
224 225 0.8837719509263621
225 255 -0.41885398999313395
225 226 -0.47633554434634356
226 256 0.3579698458520249
226 227 -1.2660527122972263
227 257 -2.6175508832970986
227 228 -0.7700919082892651
228 258 -0.9508958686559883
228 229 -0.27541078234003963
229 259 -0.884469769839669
229 230 1.8824437351600636
230 260 0.1730783826476813
230 231 -0.046869006011814734
231 261 0.2653464270000108
231 232 -0.7080423960958957
232 262 0.7462926866932188
232 233 -1.143558185046305
233 263 -0.5957614552481157
233 234 -1.149617457384696
234 264 -0.8721514587070397
234 235 -0.2156454943777475
235 265 -0.488066955157462
235 236 1.8938126068121393
236 266 0.31340804145067297
236 237 1.7891942516906187
237 267 1.3957045011098477
237 238 -1.1063204514260028
238 268 1.6674345169164801
238 239 -1.5170910021858488
239 269 -0.36961019528883393
239 240 0.5134307503481489
240 270 1.8315225809575613
241 271 0.33306385692051244
241 242 -0.9108058257693498
241 270 -0.2996661132374964
242 272 -0.7212050820856484
242 243 -1.920505402352407
243 273 0.9095115278346413
243 244 0.3460601174630336
244 274 -0.8921327090349125
244 245 0.22577116675017087
245 275 -1.8457067144833053
245 246 -1.3392150684921187
246 276 -0.7584879846105582
246 247 0.7068090277074296
247 277 0.7335945681140581
247 248 0.4666378290022857
248 278 0.6751068202751398
248 249 -0.45389479910126274
249 279 0.3269654762171797
249 250 0.08957802329688026
250 280 0.3347489670765569
250 251 -0.7378193723157384
251 281 1.4162195951527874
251 252 -1.2239707980505612
252 282 -0.9581644071507126
252 253 0.2884209177878966
253 283 1.6876267421108473
253 254 -0.6170176161208678
254 284 -0.36198328514893785
254 255 -0.4605225722841155
255 285 -0.13543075518273176
255 256 -0.4852563745645255
256 286 1.3882214014761554
256 257 0.6850445895039011
257 287 -1.291525741545539
257 258 -0.8599615793170271
258 288 -0.6811535069758288
258 259 -0.8452629980372501
259 289 -0.2633983458205991
259 260 -0.5019259861798823
260 290 0.10945200904488096
260 261 -0.7290956560944273
261 291 0.936298979342285
261 262 -1.036159527585646
262 292 0.17719014763197352
262 263 -0.14111051644524275
263 293 -0.5570435928553409
263 264 0.13554579957186183
264 294 0.55085611300611
264 265 0.051305301620621496
265 295 -0.12527471280932234
265 266 0.9905304186621218
266 296 -1.1951440222288285
266 267 0.2768394480353189
267 297 -0.22755205357703803
267 268 -0.13750080007116927
268 298 0.5297267452058613
268 269 1.0143484263291276
269 299 -1.835911454026039
269 270 1.3248197330314622
270 300 2.2150894609317437
271 301 0.2954424436267145
271 272 0.23045085986862296
271 300 -1.76054426275385
272 302 -1.7333332462883124
272 273 -0.332712881006819
273 303 1.258165747962164
273 274 -1.4837497320108173
274 304 1.872039312631317
274 275 -1.9193731531611598
275 305 -0.37202725801926884
275 276 -0.3825534526638301
276 306 1.4752038780929306
276 277 0.053842681324032665
277 307 -0.11415291236980223
277 278 -0.2590976868365093
278 308 -0.2741950140047428
278 279 -1.1107133819565922
279 309 0.6411383700510385
279 280 -0.191042494010092
280 310 2.011191914219613
280 281 -0.31736183839367593
281 311 1.1048929741873093
281 282 -1.8969235287509856
282 312 1.621204746227177
282 283 -0.32363711019669456
283 313 -0.7568698919243507
283 284 -0.7125890691582998
284 314 -1.070441366254218
284 285 0.7165842593436024
285 315 -0.07523419633531488
285 286 0.1334181269223793
286 316 1.0202477637534875
286 287 -0.1122835540096551
287 317 -1.3733849876394508
287 288 0.12563364238031766
288 318 -0.31949851187461586
288 289 -1.5799699298931245
289 319 1.2428664285789632
289 290 0.5340505587881005
290 320 -0.2054446274267208
290 291 -0.21284778862728967
291 321 1.6835018950137592
291 292 2.153594493762715
292 322 -2.0081149463047416
292 293 -0.7416841589035905
293 323 -0.20979097670937186
293 294 -0.7243318949885184
294 324 -0.22902914566980123
294 295 0.2885515072792461
295 325 -1.0591760712216793
295 296 0.12578476616874704
296 326 -0.38026843058882936
296 297 0.7115263880289457
297 327 -1.4870726605545725
297 298 -1.321416071413277
298 328 -0.13476270685611497
298 299 -0.5968809723725738
299 329 -1.2308272546437433
299 300 -0.7108625697653035
300 330 -0.4741798309851858
301 331 0.4687569944395559
301 302 1.4150265936971849
301 330 0.87818848123101
302 332 0.27738438053618175
302 303 1.7279057107600233
303 333 -0.32027649730149643
303 304 -0.3688603456424583
304 334 -1.8816771666010963
304 305 -0.5040945946285236
305 335 -2.618778297815992
305 306 -1.3264792377685368
306 336 1.541366487382869
306 307 0.9483222958075375
307 337 2.0161532316315895
307 308 -0.30091075107545745
308 338 1.6762257523956874
308 309 0.9973267593848123
309 339 2.380743998182529
309 310 -1.196762785567553
310 340 -2.5771623112592015
310 311 1.1283518381275275
311 341 -0.5328769145271859
311 312 -0.7463244287275907
312 342 0.8472261510707176
312 313 -0.9501717994766737
313 343 0.1491830948210113
313 314 1.0753960309482884
314 344 0.19343714524714517
314 315 -0.5315898755812325
315 345 0.5650251765854771
315 316 1.981048961305692
316 346 -1.288307859421411
316 317 -2.171262246965275
317 347 -0.5963642732854777
317 318 0.8086674118579754
318 348 1.153548595579715
318 319 -0.08914883334562512
319 349 -0.6806776881659645
319 320 -0.6330795072190961
320 350 -0.6474514114993741
320 321 -1.5537019293794012
321 351 0.5457769058935683
321 322 -0.2623711449021264
322 352 -1.7611970984295713
322 323 0.17218199812551113
323 353 -0.45596899845539574
323 324 0.5224704593950472
324 354 -2.525422393742177
324 325 1.1790383965707047
325 355 -1.1856933323831709
325 326 -0.3691405094211523
326 356 -0.5294133792546567
326 327 -1.8824922578329217
327 357 0.20399015314765237
327 328 -0.7304004765165178
328 358 -0.29417624660922587
328 329 -2.898880336829136
329 359 0.8253326336354184
329 330 -0.5773824952705598
330 360 0.21940917515304117
331 361 0.9096979940410119
331 332 1.3889469329422874
331 360 0.8716944603009107
332 362 0.1634887996344369
332 333 -0.27660238554792194
333 363 -1.3420488700627795
333 334 -0.6596234924152738
334 364 1.6177793172272439
334 335 1.77071211343656
335 365 0.2224691241350384
335 336 -0.4249488273162009
336 366 1.222623411137083
336 337 0.920631287134614
337 367 0.21724125113310064
337 338 -1.333576706272999
338 368 -0.3188420967440207
338 339 -2.390840435881086
339 369 -0.16693478669232023
339 340 -0.37574560145370256
340 370 -0.5300628046432234
340 341 0.45790266620088405
341 371 -1.3328928388842922
341 342 2.100046280980911
342 372 -0.708075762281516
342 343 -0.5056651904743021
343 373 1.08863494765671
343 344 -1.4274435053980048
344 374 -0.8517574625813245
344 345 -0.5928240471642736
345 375 -0.7486915207018454
345 346 -0.16893068453987165
346 376 -0.9837075734370885
346 347 2.473741839696701
347 377 -0.390773980797664
347 348 -0.01256234944418556
348 378 -0.5785314426178843
348 349 -1.2304185062329007
349 379 0.6839020714312704
349 350 -1.6123542992066753
350 380 -1.6801277804731456
350 351 0.309236561320059
351 381 0.17447983848272497
351 352 -0.12225390440778958
352 382 -0.2709887681743558
352 353 -1.6108892073378516
353 383 -0.7556738706363206
353 354 0.5552187099659159
354 384 -1.2761961075826844
354 355 0.22121466659717146
355 385 1.8925985417593196
355 356 0.8599176360347555
356 386 0.3535173376734257
356 357 -0.17572365537700438
357 387 -1.6944020873682581
357 358 2.118018779864211
358 388 0.9254491940304408
358 359 1.3271661507715413
359 389 -0.4368641866488963
359 360 -0.40891522974112154
360 390 1.7454222054088793
361 391 1.2254927585844897
361 362 -0.6590755617749778
361 390 -0.5691210193174897
362 392 -0.3951052068488645
362 363 -0.43838005414997655
363 393 0.15213375937831689
363 364 0.018642389236397442
364 394 -0.39611517330761775
364 365 -1.0030573178313182
365 395 0.27244343294278955
365 366 1.9481863759581275
366 396 -0.04607150822128455
366 367 -0.8073664622805418
367 397 -0.2560438267319684
367 368 1.4470906323573645
368 398 0.007233527799767068
368 369 1.8913650497301204
369 399 1.107376058973453
369 370 0.3429121277341538
370 400 0.07569692831244063
370 371 -0.20281788586204888
371 401 -0.32500714316186985
371 372 -1.6464176617474895
372 402 -0.843078054857934
372 373 0.12628825839471836
373 403 -2.646936746154724
373 374 0.33233063461817647
374 404 0.047704808125945034
374 375 -0.6824348122897997
375 405 -0.6230250178190264
375 376 0.6646950023498673
376 406 2.1965795727704736
376 377 0.413288882902886
377 407 0.016233077921362637
377 378 0.20090982919995587
378 408 0.1494678261262414
378 379 -0.005214694063448845
379 409 0.014627225903913067
379 380 0.22871205282816592
380 410 2.146994393076675
380 381 0.28755536611158033
381 411 -0.20156746811599563
381 382 -0.023176331440975438
382 412 0.8713546595788757
382 383 -1.1829010100052568
383 413 0.52383833542755
383 384 0.8485870588077887
384 414 -0.42263392146786194
384 385 -0.6088908213490415
385 415 1.3664240817691367
385 386 -0.067691713692828
386 416 -1.1364069748040009
386 387 -1.136967460425727
387 417 0.6064704304422968
387 388 0.08463137165379213
388 418 0.5428252465703511
388 389 -0.7671002606027575
389 419 2.327425686765934
389 390 -1.1346796232986103
390 420 0.2662975906216511
391 421 -0.9680095044432149
391 392 -0.9748244077653881
391 420 -2.0260054803104106
392 422 0.8668511409026141
392 393 0.4545549149322756
393 423 0.12146075270680651
393 394 0.03672590856482656
394 424 -2.169122069987899
394 395 1.8953231768141539
395 425 0.9789884966289361
395 396 -0.24241718896034367
396 426 -0.36969060699220363
396 397 -0.2568303596960504
397 427 0.7915947897978931
397 398 0.5206090143695558
398 428 -0.5779857650744334
398 399 -0.27343955827328353
399 429 -0.22556682570492648
399 400 -1.8896285164481175
400 430 -1.1807842057631792
400 401 0.15996319448347784
401 431 -0.5296413456050936
401 402 1.2760106472184363
402 432 0.7434040195611734
402 403 2.141286664087223
403 433 1.0190943055476802
403 404 0.40066328878736485
404 434 -0.8873480604060621
404 405 -0.41034345020512564
405 435 -1.4891435154400923
405 406 0.6621781672658794
406 436 -0.28123273248446157
406 407 -1.581396608169006
407 437 1.1961688930934704
407 408 0.7995215845078272
408 438 0.000384142629526052
408 409 2.3796279826844633
409 439 1.2464270014679786
409 410 -0.6533996582955147
410 440 -1.473771491789409
410 411 -1.2217908375131097
411 441 -1.6044205740148383
411 412 -0.7226504706023877
412 442 -0.11467448432383359
412 413 -0.9522960389643439
413 443 0.6570869759135124
413 414 -0.6215069719885142
414 444 0.015734358572795426
414 415 -0.5143451164293841
415 445 0.8731199034429157
415 416 -0.10652092088184517
416 446 -1.4225160636221865
416 417 0.2601220287690646
417 447 0.4157606307910053
417 418 0.6225743346202536
418 448 -0.3274859045011957
418 419 0.30830345164711015
419 449 -2.407665605299896
419 420 -1.1979821106695463
420 450 -0.3882167616318031
421 451 -0.5219284211553389
421 422 0.5792359819144234
421 450 -0.5161141093081879
422 452 0.273370336956074
422 423 -0.8510796602926115
423 453 0.059179047352140746
423 424 -1.570904677801868
424 454 0.44269920404985896
424 425 -1.0380471796188495
425 455 0.03757241564027936
425 426 0.5668811838188434
426 456 0.6728822212708263
426 427 -0.46094353443750524
427 457 -2.5756401973699483
427 428 0.7766725535456689
428 458 1.3219049488694146
428 429 0.5508943275412179
429 459 0.5744555107723461
429 430 -1.9435668750480986
430 460 0.5429902619101281
430 431 0.15961317389747615
431 461 -0.3077897653289379
431 432 -0.33801446906980914
432 462 0.6276330317918923
432 433 0.16111291951266246
433 463 -1.5386235340852972
433 434 1.006707272726253
434 464 0.12005688278149733
434 435 1.1676597372885684
435 465 0.5973807885194705
435 436 -1.662452886176756
436 466 -0.8570069534679392
436 437 1.9686217451526593
437 467 1.7399745457521287
437 438 -1.0407323582459873
438 468 1.3279472609862757
438 439 -1.0922006189465578
439 469 2.449878866823815
439 440 0.8899240388695236
440 470 0.6212139132501575
440 441 -1.0259966140158432
441 471 1.6619055150667192
441 442 0.7123360011596492
442 472 0.45926267932817266
442 443 1.0080334416297512
443 473 -0.1378388063250951
443 444 1.1972980080429882
444 474 -0.7033387541203854
444 445 -0.9429961588093051
445 475 0.25831096087847527
445 446 0.7427303150538055
446 476 -0.948294103723806
446 447 1.0024212312023808
447 477 -0.778577356395228
447 448 -0.38710240614509467
448 478 -0.38238030333626083
448 449 2.1446150788982106
449 479 0.3104530007412125
449 450 0.31050197760550163
450 480 -0.23704155338055954
451 481 0.6492044043242958
451 452 0.1537382457660381
451 480 -0.693569585839896
452 482 1.1272607179135146
452 453 1.3635466360061683
453 483 0.5312481154295259
453 454 -0.16186334486806328
454 484 2.2609904425030805
454 455 -0.7284381306894657
455 485 0.3923886076254731
455 456 1.1129485138354316
456 486 -0.3615858853924395
456 457 -0.4413248743826752
457 487 -0.8020407956559116
457 458 -0.4314332284913263
458 488 -1.3938328678398477
458 459 0.9074662225381154
459 489 -1.2971843660708366
459 460 -1.1438114568391735
460 490 -0.8565832130782169
460 461 -1.0327106793204572
461 491 0.7769913077915404
461 462 -1.513177007036818
462 492 -0.22748321484057157
462 463 0.4308362018695344
463 493 -1.4662189161777306
463 464 -0.6601880306349037
464 494 0.44618517697593757
464 465 1.2324676878774004
465 495 -1.8634856504112578
465 466 -0.5794249731104659
466 496 -2.357665960665768
466 467 -1.2386336384190881
467 497 -0.4188652454016086
467 468 1.3072870728375705
468 498 0.6980757192381625
468 469 -0.4243700095385473
469 499 0.1796893479181324
469 470 2.944117593798902
470 500 -0.44512098678371537
470 471 -1.363577793044104
471 501 0.6509535864042515
471 472 0.6331991244937504
472 502 -0.7895973484555984
472 473 0.6660102461495946
473 503 -1.1114129259096364
473 474 -0.7638512643322248
474 504 0.15359841948311903
474 475 -0.3154791279841043
475 505 -0.3829007742389545
475 476 0.734006972037224
476 506 0.8899991104478712
476 477 -0.08489685608376105
477 507 -2.0986725286070684
477 478 0.6857016547846806
478 508 0.5741593111325339
478 479 -0.9159595007293092
479 509 -0.7467102909358191
479 480 -0.6951425642678397
480 510 -0.4230661668410507
481 511 0.9387256895336654
481 482 0.6411758999327657
481 510 -0.10229862003662438
482 512 -1.5437844599163746
482 483 2.0346099898391947
483 513 -0.30093703015139345
483 484 0.24261884605659248
484 514 -0.4058440790020062
484 485 0.3048357917483117
485 515 0.7886913671636913
485 486 0.7334686039663153
486 516 1.866313671411779
486 487 -0.107211932468055
487 517 0.3937755082879587
487 488 1.1658139260560925
488 518 -1.373710647741294
488 489 -0.551803542763751
489 519 -0.6987968813511076
489 490 -0.8537342374061855
490 520 0.49120334058214987
490 491 1.3167987786924917
491 521 -0.501172937343822
491 492 0.2685378791585457
492 522 1.1597851512029211
492 493 0.5684741120915345
493 523 1.0925716947535005
493 494 -0.26734982699426346
494 524 -1.2766928552163006
494 495 -0.7469532900226782
495 525 0.5458918285119658
495 496 0.6099895748553184
496 526 -0.3332751347802663
496 497 -0.6006443434551759
497 527 -1.0534060253956272
497 498 -0.985044588648957
498 528 -2.019210587033441
498 499 -0.6925252546457485
499 529 -1.2205127585886246
499 500 -1.36654683584105
500 530 0.9915381252724801
500 501 -1.1421060818859248
501 531 0.5102715105789744
501 502 1.1722596204566695
502 532 -0.25483214786109876
502 503 -1.015578587791942
503 533 1.5269400927763843
503 504 1.4413044199539828
504 534 -0.656456890186518
504 505 -0.6783570177786523
505 535 -1.2207863784729038
505 506 -0.21892323793849483
506 536 2.315519967569648
506 507 0.43786861508562475
507 537 -1.198659376182515
507 508 0.7772256004559831
508 538 1.1043567317132594
508 509 0.45534170657764134
509 539 -0.8910345188931291
509 510 0.6557102360634746
510 540 -0.6333512019131822
511 541 -2.073388632592176
511 512 -0.9928253555503769
511 540 0.415226568868102
512 542 0.7184657431423528
512 513 2.245908043103097
513 543 0.9572425276926306
513 514 -1.6943882813064322
514 544 -0.15866270935972013
514 515 -1.3102890269017204
515 545 0.6072702870772525
515 516 -1.565971495747739
516 546 0.5769079327108455
516 517 0.8425772517553523
517 547 0.09218290282124737
517 518 0.10782168702923335
518 548 -0.11852506046196087
518 519 -0.8849965080064726
519 549 -0.6513965617571283
519 520 1.2416585141694654
520 550 0.8035353725309328
520 521 -1.7332289177712474
521 551 -0.09967488729284257
521 522 -0.03469449534403774
522 552 0.24775723943065647
522 523 0.26097095931333975
523 553 -1.3233222197011798
523 524 -0.43654448196797535
524 554 -0.2690395480411149
524 525 1.9961652864102302
525 555 0.6766066151899806
525 526 0.0655514819121536
526 556 -0.525904994625135
526 527 0.8877780264709991
527 557 -0.10930168757436576
527 528 0.12203549487807848
528 558 -0.09970486960096678
528 529 1.11284902800513
529 559 -0.8600106654169254
529 530 -1.3316642111026464
530 560 0.5056444906476156
530 531 -0.5524000222142943
531 561 0.3590345588074492
531 532 -1.1823827540503675
532 562 -1.4265515796096662
532 533 -2.2415088241857566
533 563 0.2466120078785585
533 534 -1.9350082367415637
534 564 -0.22442952216668366
534 535 -1.10454972106065
535 565 1.3404734258919098
535 536 0.1305303776772487
536 566 1.2760796410914554
536 537 -0.46624733631303855
537 567 1.2180147837551543
537 538 2.3955765552701855
538 568 1.9045842344135981
538 539 -0.09209997936113996
539 569 -2.480467620334488
539 540 0.2455618270510958
540 570 -2.979213462738278
541 571 -0.4490189926122182
541 542 1.0475861019157502
541 570 -0.20221339219083156
542 572 1.0278517367692768
542 543 0.7261283209675159
543 573 -1.058438721606632
543 544 1.4364846432399268
544 574 1.3346296898687517
544 545 1.1025815991800765
545 575 1.7731827793019488
545 546 -0.06170924580360516
546 576 1.7218900112529603
546 547 1.6668625407212527
547 577 0.6720915653320125
547 548 -1.3932531571555726
548 578 -0.14184340640273915
548 549 -0.45304754164453004
549 579 1.3486164619530738
549 550 1.3265286815923356
550 580 -1.102245886566223
550 551 1.7779326760450664
551 581 -1.8994648907587257
551 552 -0.14709295681450787
552 582 0.9677390991697763
552 553 0.41683049019639823
553 583 0.34634404885007253
553 554 2.1857243037773775
554 584 -0.20460668608229707
554 555 0.12618435412806664
555 585 -2.393000952686714
555 556 0.08621272039441177
556 586 -0.42491601384723915
556 557 0.42617231917638193
557 587 0.02485592041604185
557 558 1.8525697548465498
558 588 0.7944766201279757
558 559 0.4737085714895886
559 589 0.4060159768610969
559 560 0.9705030233399954
560 590 -1.566711848789699
560 561 -0.9846597694980107
561 591 -2.080263662528045
561 562 -0.13477763428530087
562 592 -1.061530773960696
562 563 -0.8810173605444193
563 593 1.4385765938975357
563 564 0.27060287506843317
564 594 0.3706062607098559
564 565 -0.5790101493334378
565 595 0.3095437625588452
565 566 0.06371613050866788
566 596 -1.3081179510777086
566 567 -0.045003323333753016
567 597 0.0027786925363450323
567 568 -0.08274685680713356
568 598 1.0346918140031467
568 569 2.1947549954535885
569 599 -0.5319894442090758
569 570 1.3067508633776703
570 600 -0.5505756592541746
571 601 -1.0749918620219403
571 572 0.7384635484902281
571 600 1.595757386975852
572 602 -0.2454133178922294
572 573 0.23808060109518703
573 603 0.6619013935401765
573 574 -0.5128388253047346
574 604 -0.22092864489299754
574 575 0.7510434844755904
575 605 0.08389869007465275
575 576 -0.29478330533219466
576 606 -1.8293251035395106
576 577 0.3022212710481291
577 607 0.23800102488942368
577 578 0.7654490768950001
578 608 0.9806448495164282
578 579 -0.7477483917052553
579 609 1.5684248661275493
579 580 1.0539691748539854
580 610 0.5096046421135431
580 581 1.2536463553970183
581 611 0.3364255300213117
581 582 0.2876120202361172
582 612 -0.2943317191775529
582 583 -0.8209517528764166
583 613 1.5127179431974087
583 584 -1.6936404293730318
584 614 -1.330882221715181
584 585 -0.06236032438083596
585 615 -1.4886019914185133
585 586 0.08151164496934012
586 616 2.654001040320967
586 587 -1.1551777399311396
587 617 0.6888342536807195
587 588 -0.5306326831917979
588 618 -1.1180251977018159
588 589 1.2553671074607355
589 619 0.41131816981299896
589 590 -0.6636970757901884
590 620 2.093879070232968
590 591 -0.5442693264106955
591 621 1.653187508619663
591 592 2.5947307723220336
592 622 -0.06356870845257674
592 593 -1.741913377175125
593 623 -1.4094682084438315
593 594 0.26557087045252126
594 624 2.4272172792035764
594 595 1.1814288786569795
595 625 -0.8121974113362302
595 596 -0.7963550202958264
596 626 -1.4316496412899966
596 597 -0.8491156585697134
597 627 -0.41155708747260933
597 598 -0.29609311823115425
598 628 1.1377654050442565
598 599 0.49154045332130897
599 629 0.702864992153805
599 600 -0.2160482110159839
600 630 -1.7548527447115827
601 631 -1.0652132842220534
601 602 -0.10566804160518577
601 630 -2.413906445243842
602 632 0.48751277119472963
602 603 1.0291757933379162
603 633 0.8980460854472652
603 604 -0.4110938697695525
604 634 -0.4732194736206143
604 605 -0.26978208679260246
605 635 -1.0751252354108967
605 606 0.2947782451655258
606 636 -0.25351601987082695
606 607 -1.1385188280831637
607 637 -0.2578045996578497
607 608 1.055894603686367
608 638 -0.8654181893857389
608 609 0.32913745728400523
609 639 0.8985781091894275
609 610 0.842084217354012
610 640 0.5385931397086948
610 611 0.0997989626141074
611 641 -0.753769953850477
611 612 0.23810969127922182
612 642 0.4646135974186331
612 613 -0.3554359727193013
613 643 -0.20122029943573289
613 614 0.9869695759588379
614 644 0.38921429675925323
614 615 0.15880743337638134
615 645 -0.21901398540534842
615 616 -0.6370985744759999
616 646 -0.27153686217653833
616 617 -0.09540705234917414
617 647 1.0314442241777368
617 618 2.176378603252112
618 648 -0.09626546950759676
618 619 0.6211406586931536
619 649 -0.3825843144258729
619 620 0.6919386414201
620 650 1.8405523542943327
620 621 -0.62886221878307
621 651 -0.5836936977047557
621 622 -0.7286006843939274
622 652 1.0577287621700688
622 623 -0.6557105444937334
623 653 1.043655763045203
623 624 0.267815128679866
624 654 0.5542024228735187
624 625 0.011195576593900034
625 655 -1.9585374923410976
625 626 -0.3368564698052987
626 656 -0.963466449396787
626 627 -1.2544720900048256
627 657 -0.8157267485552011
627 628 0.7031434039734341
628 658 0.16383802795956656
628 629 0.8184138131369982
629 659 -0.47303325607178615
629 630 -1.3122884398335928
630 660 -0.35954700670833534
631 661 -1.1206013882657404
631 632 1.1900465390759218
631 660 -1.1595863229381271
632 662 -0.02995591462860393
632 633 0.15727686804614305
633 663 0.30294748233238344
633 634 -0.03291383058999309
634 664 -0.6109619580186817
634 635 -0.05276954325714384
635 665 0.7796655040740357
635 636 -0.38103244816134463
636 666 -0.3135900047001293
636 637 -0.8602089050843984
637 667 -0.5652317675325611
637 638 1.5528940457079716
638 668 0.2204969238938354
638 639 0.6892034542367601
639 669 -0.2537420511298992
639 640 1.2091655655042526
640 670 -0.5143286053858575
640 641 -1.1219161735506626
641 671 -0.49979256440356495
641 642 0.049380469950674966
642 672 -1.2078632999627674
642 643 0.7633675247953259
643 673 1.140099204667819
643 644 0.2566127789846031
644 674 -0.15972221835343736
644 645 0.509183548720553
645 675 0.003956780393995471
645 646 -0.6011078288853394
646 676 0.030966616795550638
646 647 -0.2842587824969566
647 677 0.7650201131533555
647 648 1.7448112387745929
648 678 0.8891798515644306
648 649 -0.5855541546318518
649 679 -1.0682485838140787
649 650 -0.4147133431431838
650 680 0.35797586806358256
650 651 -0.26620237067397434
651 681 0.6962827438292805
651 652 -1.075207445200061
652 682 2.245039187286451
652 653 -0.4610242785715097
653 683 0.04500383767853766
653 654 0.9360055780421769
654 684 0.07320787457915211
654 655 -0.7159617659693381
655 685 0.6092726056727183
655 656 1.8647720954618205
656 686 0.3825690042987498
656 657 0.9940475004546229
657 687 -0.9356445427896084
657 658 -0.47602557761287007
658 688 -0.20294252805091387
658 659 -0.3411016723981859
659 689 0.5447768513616011
659 660 1.699783504338457
660 690 -1.4501954740314646
661 691 -0.07183793010989371
661 662 -0.2081029059849406
661 690 1.5909284943309294
662 692 1.1933952644121222
662 663 -0.3580142704087509
663 693 -0.6861895679349106
663 664 1.044764207278803
664 694 0.08032696029001005
664 665 0.584491026508919
665 695 2.0062643144838637
665 666 0.6672501862308517
666 696 -0.6611317135988536
666 667 0.7526359247221345
667 697 1.3704927301383114
667 668 -2.160153605730212
668 698 0.12673466490317498
668 669 -0.6923154681161051
669 699 0.5602385060474839
669 670 -0.20256224826017064
670 700 -0.6294270750620288
670 671 -1.558777435229328
671 701 1.0579903489318054
671 672 -0.25061911832812883
672 702 -2.016819650097824
672 673 0.18419131881536072
673 703 -0.37247283880014065
673 674 1.2546125006893363
674 704 1.008638195253076
674 675 -0.024532363481732124
675 705 1.0170122118630178
675 676 1.6132557888988046
676 706 -1.890956310459221
676 677 0.6198365405355696
677 707 -0.14139708962548414
677 678 -0.04620256806602798
678 708 -0.8087240218637117
678 679 0.7818956515202201
679 709 0.664554163572764
679 680 0.4882217279350402
680 710 0.0005075159519619516
680 681 -0.3148008638088608
681 711 0.6305718426714614
681 682 -0.49315812310837887
682 712 0.18555488195745032
682 683 0.4621792557220289
683 713 -0.27522230782992124
683 684 0.11003425123548595
684 714 -1.265743609220369
684 685 -0.06230379698560492
685 715 1.0845350225945198
685 686 0.8411011678903189
686 716 -0.9701636777592754
686 687 0.6378875310386034
687 717 0.08308421514210204
687 688 -1.3469114098782755
688 718 -1.2938835642051594
688 689 -0.5317216298943302
689 719 -0.3791859615533087
689 690 -0.74475606840647
690 720 1.847892636015259
691 721 -1.9734403227896096
691 692 -0.6054425648585599
691 720 1.712378674340292
692 722 -0.6055495655219648
692 693 -1.8651048996447364
693 723 -0.11191794978813971
693 694 -0.16882255352218
694 724 -1.6630034789120003
694 695 -0.7191835062455256
695 725 2.2396935512991765
695 696 0.12946261357600974
696 726 -0.2936913197002882
696 697 -0.8355304415877952
697 727 -0.3416787676744212
697 698 0.13996295676137083
698 728 -0.37660778326668515
698 699 0.6040815321304055
699 729 1.3886761985210985
699 700 1.6415248826497921
700 730 -0.11361040549710744
700 701 0.35004471500894774
701 731 -0.40012657821385006
701 702 0.5908351034104411
702 732 -0.8087688294969932
702 703 1.056300200336067
703 733 0.4560845145765903
703 704 0.49848387116466486
704 734 0.19216030221454067
704 705 1.2018308292105409
705 735 1.5435908451254716
705 706 -0.5180629239645731
706 736 -1.8722243046307485
706 707 0.661729615496503
707 737 0.487936718805712
707 708 -0.2926965157405866
708 738 0.018919875182517566
708 709 -1.2033165625296425
709 739 -0.4508222587475463
709 710 0.17947310245354028
710 740 -1.176385649884584
710 711 0.4399329395786538
711 741 -0.011320542765493583
711 712 1.5062084708146914
712 742 -0.6156307231100107
712 713 1.5482230388491363
713 743 0.1033177081169171
713 714 -0.2586583784456609
714 744 1.106262018480946
714 715 2.100423139989918
715 745 0.19541761714153225
715 716 1.0939653079748963
716 746 1.8379794518126646
716 717 -0.5181686913870533
717 747 -1.7651572068497696
717 718 0.696778933035441
718 748 -0.8539331546037083
718 719 1.1169078419657592
719 749 0.09527989200964841
719 720 1.5738215993595233
720 750 -0.651162945105321
721 751 0.39003136520580883
721 722 1.3668778609946985
721 750 0.18213278440264896
722 752 -0.543969105759579
722 723 1.3904880239776558
723 753 1.2181303643669932
723 724 1.7397381823812235
724 754 0.28133264115536527
724 725 0.8035991899666778
725 755 -0.45226970999907384
725 726 -1.5025123062574115
726 756 -0.431591600481742
726 727 -0.45817600995439506
727 757 -0.8661884985143888
727 728 -2.6786493399175026
728 758 0.22525518335950206
728 729 1.6104777821886478
729 759 -1.2518781678674253
729 730 -1.2109524811539152
730 760 1.333075307506358
730 731 0.052233653829570535
731 761 0.00046112044455597756
731 732 -0.725406920607941
732 762 1.2045724257865438
732 733 -0.29813867372516795
733 763 -0.08017133007859642
733 734 -0.3784859075860315
734 764 -0.9035272335144504
734 735 -1.865342459149213
735 765 -0.3089177071523309
735 736 0.922695438424851
736 766 -1.8757298775180518
736 737 0.18940430491216662
737 767 -0.5491723716551222
737 738 -0.46577417575486985
738 768 0.20214352118392512
738 739 1.39064230408033
739 769 -1.7533709060087659
739 740 1.2476084915183039
740 770 0.153208585593124
740 741 -0.4822431669577316
741 771 -0.379011083853914
741 742 0.08128644519860981
742 772 -1.1374160762941845
742 743 0.6046850519036917
743 773 -0.12253107363438732
743 744 -0.7336589313799501
744 774 -0.4152810755582095
744 745 0.6300759973438277
745 775 -0.279217496484727
745 746 1.4082292750973318
746 776 1.8344807005054746
746 747 -1.297720189518562
747 777 0.7076205848279553
747 748 -0.6308667227719013
748 778 -1.2193734512120282
748 749 0.5641441144566987
749 779 -0.4760063129442283
749 750 0.7907154912063477
750 780 -0.20340850027582622
751 781 -0.8641580439380601
751 752 0.061816795708338146
751 780 0.1883558727241851
752 782 -1.0259577403899933
752 753 -0.11200402900007454
753 783 0.4630849849325666
753 754 -0.030184566086285648
754 784 0.8328903448909987
754 755 0.9851784049936335
755 785 0.5052266198270676
755 756 0.1790186672492763
756 786 -0.39141054795813246
756 757 0.8783441542058621
757 787 0.38272847504855545
757 758 0.2691174886388075
758 788 -1.2180926744365446
758 759 -0.4143268900755171
759 789 -0.16325382754013226
759 760 1.0627987251034752
760 790 -2.0584678182814264
760 761 -0.16049826361542485
761 791 0.31954212008280364
761 762 0.10872746563454348
762 792 1.332789317600987
762 763 0.151959350916423
763 793 -0.08480545471484749
763 764 0.5862729586507802
764 794 -0.7390011037755453
764 765 -1.1628509034571766
765 795 1.5004367693962641
765 766 1.4240797001507373
766 796 -0.34903119501108776
766 767 1.2909135744230757
767 797 -0.014502295022780415
767 768 -0.3919944155250951
768 798 0.4152622668778103
768 769 0.09258706788687979
769 799 0.7531926710108797
769 770 -1.5134610907288375
770 800 -0.8240832887678413
770 771 0.3562957862156507
771 801 1.127705092696601
771 772 -0.904479628303268
772 802 1.4156288130574235
772 773 -0.2456756093967507
773 803 -1.5984221058259618
773 774 -1.2865755479439556
774 804 -0.4986418676130147
774 775 -0.8416291147135085
775 805 0.022752163686265096
775 776 -0.5124952513149322
776 806 -0.9201692934612861
776 777 0.06101630404874586
777 807 -0.9008493837831603
777 778 -1.1280243059705313
778 808 -1.1370805029272577
778 779 -0.6512582448559637
779 809 0.8526371487040135
779 780 -0.13797272735881283
780 810 1.3350504022295426
781 811 -0.44315676251757974
781 782 -1.3635061579452055
781 810 -0.30690871215224697
782 812 1.1242006695197249
782 783 -0.3022462719775372
783 813 -0.399247909618096
783 784 -2.029296475150074
784 814 -0.06659719999908971
784 785 -1.23408481392996
785 815 -1.1857010342371024
785 786 0.2894722859741119
786 816 2.2851206739371563
786 787 1.588588298560642
787 817 0.3631861241088231
787 788 -0.6052821452369833
788 818 -0.4179544588857491
788 789 1.1794879821600406
789 819 -0.5523896512675734
789 790 -1.5989034866058511
790 820 0.31481647529181767
790 791 0.48173891125157425
791 821 0.04087363637464032
791 792 -0.6547687714756845
792 822 -0.6624994880095278
792 793 -0.2961126703762862
793 823 -2.613552055499939
793 794 0.33660010012470953
794 824 1.3736632356711167
794 795 -1.7897280152091288
795 825 -0.7765512719759213
795 796 -0.41700138591696256
796 826 -0.3940613727050245
796 797 0.07644731246188431
797 827 -0.27870304185119255
797 798 1.0035968680710232
798 828 0.41208793083488976
798 799 -0.706445182158494
799 829 0.017009428272365637
799 800 -0.9961572084607649
800 830 0.29472521722413847
800 801 -0.919606210305657
801 831 1.40759111466188
801 802 0.33014129551129745
802 832 -0.008165494166166467
802 803 0.8257843975027715
803 833 1.2017615207134533
803 804 -0.9971937729566653
804 834 -0.8506833134351061
804 805 0.9570876577925844
805 835 0.16099603811607652
805 806 -1.9560548249332044
806 836 -1.0001416389686109
806 807 3.063171349802398
807 837 0.49008968443058326
807 808 0.24820451571823574
808 838 1.4876965111172569
808 809 1.1605312067525337
809 839 -0.29221677674955904
809 810 -1.119825775863382
810 840 0.9875237752025812
811 841 0.40642852600118323
811 812 -0.4043441664504746
811 840 0.13248930311758605
812 842 0.17047713813149962
812 813 0.23439306127363632
813 843 0.04805214906156482
813 814 -0.41007632827799484
814 844 1.6837154066230848
814 815 0.44451828622489675
815 845 -0.30229660530057556
815 816 -1.9716179952864437
816 846 -0.4791406264674961
816 817 -0.4057754679945497
817 847 0.27655615755954904
817 818 0.6103482483063647
818 848 -0.8464576968825047
818 819 -1.6274569435077837
819 849 -0.23861433868712448
819 820 -1.046973281683061
820 850 -1.092032396104059
820 821 0.5594498424919249
821 851 0.573051189453708
821 822 0.44371762983764723
822 852 -0.4165377348537724
822 823 1.175157147260941
823 853 0.4350323237437658
823 824 0.5288406226438795
824 854 0.056686156726087934
824 825 0.6084932629625348
825 855 -0.7487196277073825
825 826 0.8322678131849985
826 856 -0.060563748229576914
826 827 1.8162263095423627
827 857 -1.450151871071815
827 828 0.11129316625777885
828 858 0.8252474118462002
828 829 -1.6215471913075892
829 859 -0.5186703268358885
829 830 1.6366609492478807
830 860 0.20080641469160526
830 831 0.45437316072488915
831 861 -1.42143558547688
831 832 0.027276931405596856
832 862 1.893403794235953
832 833 -0.5239168412950627
833 863 -0.08227338132011715
833 834 0.09009415126998958
834 864 -0.5941733906065534
834 835 -1.257616807192112
835 865 0.6779687161326079
835 836 1.2137056833507376
836 866 -0.573791535251522
836 837 0.5687258815531068
837 867 0.9819919324536908
837 838 -0.6752571472944066
838 868 -1.3821864643046413
838 839 -0.6591446809932542
839 869 0.5442642437093139
839 840 -1.0425846517095965
840 870 0.8037206356425077
841 842 1.372061583974989
841 870 -0.5880937458538409
842 843 -0.6479019278883049
843 844 1.1010747153263973
844 845 -0.29774734897230565
845 846 0.9280765129266768
846 847 0.2645684725534193
847 848 0.000173202496706603
848 849 -0.3183071956692331
849 850 -0.655070984466799
850 851 -1.1753914769203024
851 852 0.47949815604838963
852 853 1.1306581009435832
853 854 0.7541203839425361
854 855 0.48826576077155187
855 856 -1.1004182921485173
856 857 0.37489144122074686
857 858 -1.3299029671142708
858 859 -0.30220855727325524
859 860 1.7771010656952104
860 861 -1.4732852468156283
861 862 0.20591639998657096
862 863 0.7532315784902427
863 864 -0.4557255919339812
864 865 -0.6034235786095323
865 866 1.8337932939464392
866 867 0.6209116736466419
867 868 -0.06632979896184706
868 869 1.2332131538200386
869 870 -0.5113984718031419
