900 1800
1 31 2.0357744407267804
1 871 -0.12165047186793501
1 2 -0.8593346997865521
1 30 -0.7944883491756427
31 61 -0.32013831452552527
31 32 -0.4324087595854024
31 60 0.5848857435155842
871 841 0.0935872164972737
871 872 -0.9990481142236293
871 900 -0.36601671939520186
2 32 -0.026107697916030514
2 872 -0.6369844547821362
2 3 1.4020243048681833
30 29 -1.1344314314596038
30 60 0.6886170112835555
30 900 -0.8212379910651947
32 62 0.4454179446658934
32 33 0.3479759403574233
872 842 -0.8024526475186166
872 873 0.8559359415516273
3 33 -0.9025963223382848
3 873 -0.7496668586628722
3 4 -0.1555171033113369
33 63 0.09728493587215277
33 34 -0.8421839924834272
873 843 -0.9502678750628827
873 874 -1.4637557848806995
4 34 -1.0384025475465184
4 874 -1.4388463748847193
4 5 -0.34559836572607994
34 64 -0.552668211897267
34 35 1.1681222788208359
874 844 0.15869733367318745
874 875 -0.2522383222661235
5 35 1.0100088513643017
5 875 -0.7874507902571748
5 6 0.5727090060325835
35 65 -1.5704852883590548
35 36 -0.23863929978910875
875 845 0.4661051994826639
875 876 -0.8079330817943849
6 36 -0.9057096861988737
6 876 1.0930230556642948
6 7 -0.5412412191705107
36 66 -1.1377486606251834
36 37 -0.7286371388620457
876 846 0.15066222171534246
876 877 -1.5925272294187713
7 37 -0.2751951323753286
7 877 -1.2257698584812253
7 8 0.783602961569572
37 67 1.1286955515893562
37 38 1.267734886890192
877 847 -1.8513284190471746
877 878 1.097449403575249
8 38 0.3149900410189051
8 878 -0.27911790342455084
8 9 1.4797317291229675
38 68 -0.2235949946082327
38 39 -0.39842714076130575
878 848 0.6601370384409035
878 879 1.519569713096127
9 39 0.10576099684275694
9 879 0.5135806807712282
9 10 -0.2174809869944265
39 69 -2.201359180328803
39 40 0.830451489644784
879 849 1.2607876751299096
879 880 -2.311014677046951
10 40 -1.3291449637576072
10 880 0.2553659328568836
10 11 0.9860793266905796
40 70 0.9165496352577965
40 41 -0.8727446136201885
880 850 -0.44423793336776735
880 881 0.9342751449577402
11 41 -1.19042825917506
11 881 -0.5604730778779279
11 12 0.7485782335145371
41 71 -1.004137055620696
41 42 1.3071082055293606
881 851 1.4054441948277445
881 882 1.0854769632852839
12 42 0.8561823316285391
12 882 1.5522547491344556
12 13 1.4624731082142712
42 72 0.2706346801980812
42 43 -1.3321664114308225
882 852 1.7289687395190159
882 883 -0.11796897949789337
13 43 -1.5779580382893925
13 883 -0.09687257287130376
13 14 1.2134221170105357
43 73 1.2873126966711548
43 44 -0.5500033862031307
883 853 -1.2764886412976932
883 884 -0.10981831832572392
14 44 1.0809053154575718
14 884 0.09759190445870176
14 15 0.9444460271323767
44 74 0.7119194380248215
44 45 -2.9606207744296014
884 854 -0.38002708247275974
884 885 -0.4953789788240528
15 45 1.0004019721570387
15 885 -0.9239153071296181
15 16 0.3092098722800993
45 75 -0.07610630797675538
45 46 -0.0039089827493538195
885 855 0.8580575824295913
885 886 -1.22053388310185
16 46 -0.8314216695572129
16 886 0.9587202169101626
16 17 -0.9285294200256552
46 76 -0.7251907323846513
46 47 -0.298494001263413
886 856 1.7379645308900715
886 887 -1.0595110177555418
17 47 -0.710440172241738
17 887 1.6143937911561206
17 18 0.7116937671676831
47 77 -0.0550931475840903
47 48 0.38417685735499085
887 857 -0.46221329666186545
887 888 -0.4370271001644281
18 48 0.05979279246919786
18 888 0.5763690157962956
18 19 -0.9238415327210017
48 78 1.1014701471004473
48 49 -0.713582307526054
888 858 0.5412319000732497
888 889 0.4094075305594273
19 49 1.102314738794172
19 889 0.37522138635867264
19 20 0.9445215637822681
49 79 0.5537551570744184
49 50 -0.2057888976891663
889 859 -0.09720583872516589
889 890 0.36799260129341865
20 50 1.6298567755878364
20 890 -0.6556890183292917
20 21 2.110680968387847
50 80 0.11825893184150409
50 51 -0.5652284081262815
890 860 0.07524657233866586
890 891 -0.6000975552589827
21 51 -0.5128663276122433
21 891 -0.8797635815065386
21 22 1.4477656696553463
51 81 -0.3865915170068335
51 52 -0.5306370060390129
891 861 -0.18637297229891692
891 892 0.5268888579073385
22 52 1.747286726098814
22 892 1.4101518837477458
22 23 1.7953216642634937
52 82 0.9824748843361175
52 53 -1.1775318215367605
892 862 2.4571513504617517
892 893 -0.49233170869055176
23 53 2.015369209295427
23 893 2.3945674716609746
23 24 0.32875772071738846
53 83 0.43211659483927534
53 54 0.7966399575064821
893 863 0.5621855835346163
893 894 -0.7922042547545063
24 54 -0.2915819136821564
24 894 0.6848126270025848
24 25 -1.1378777018566217
54 84 0.04029467055483686
54 55 0.6562105080590289
894 864 1.4450185441043173
894 895 0.7161786647471298
25 55 0.550107391927372
25 895 -0.2791858780769797
25 26 0.3434069985291437
55 85 -0.018408769542894537
55 56 -0.3043195710686355
895 865 0.35040201404987875
895 896 -1.0410802219995339
26 56 0.6487302868688926
26 896 0.711281592778222
26 27 0.48413397980355954
56 86 0.1557177402479007
56 57 1.138327224868805
896 866 -1.23582941476567
896 897 -0.3204168498639155
27 57 -0.28516219516616964
27 897 0.2946666837378579
27 28 0.2756187039848343
57 87 -0.4114216020360468
57 58 -0.81614713446823
897 867 0.22064809473665353
897 898 1.9073277668819846
28 58 -0.5720530100031176
28 898 -0.17102604368010824
28 29 -1.196297259846426
58 88 0.06110484649160791
58 59 -0.1786373041689485
898 868 -0.6077276589886995
898 899 -0.6201034585059919
29 59 -2.2040561032870922
29 899 0.9808272314501676
59 89 0.05833083023008118
59 60 -0.6321721976701421
899 869 -0.24963546108720208
899 900 -0.5306766837409304
60 90 -1.47317507694023
900 870 -1.490331573802014
61 91 0.9140536711569608
61 62 -0.1489895251390973
61 90 0.508943934130176
62 92 -0.5257199065944608
62 63 -0.591298149538812
63 93 0.3685365697801214
63 64 0.0676166720727459
64 94 0.5307402235863659
64 65 0.5009578258940077
65 95 0.4046260305413516
65 66 -0.25711285701838854
66 96 -1.21144654004374
66 67 1.5179627351333191
67 97 0.795959868145751
67 68 0.3023746102477035
68 98 -1.2542320979384731
68 69 -1.1268026639438768
69 99 -1.6308127999197919
69 70 0.37059987650007153
70 100 1.5778000342515868
70 71 1.1335714903130032
71 101 0.9884343173452348
71 72 -1.4120767018278797
72 102 -0.18922341535477696
72 73 -0.04760574109772049
73 103 1.851271879907715
73 74 -0.5131229230717189
74 104 0.8037821027729801
74 75 -0.08655586291351494
75 105 0.6137319023280492
75 76 -0.3841412799701248
76 106 -0.25917939829735676
76 77 -1.4504362974403964
77 107 1.677723978793662
77 78 1.1485569540957423
78 108 2.8244597536930667
78 79 0.48433049086547164
79 109 0.8964672660055812
79 80 -0.9231147693796111
80 110 -0.048603112376520666
80 81 -0.6846220886713268
81 111 0.8419789724395768
81 82 -0.4420089087465562
82 112 0.3918110431011509
82 83 -0.5582623508050192
83 113 1.4918760547573682
83 84 0.9376206197193602
84 114 0.18218894043886805
84 85 -0.43701500929067916
85 115 -0.3625357846524092
85 86 -1.7602620953768535
86 116 -1.469224955207841
86 87 0.003880116170615473
87 117 0.1135627620505115
87 88 -0.5584670788239927
88 118 -0.7202084416552996
88 89 -1.0184314092160096
89 119 -0.26158575380170307
89 90 -0.15986189420028282
90 120 -1.0673094870726598
91 121 0.5342998591405167
91 92 -0.9556866925435342
91 120 0.8407309692463886
92 122 -0.19002913883967812
92 93 1.0758571583314176
93 123 0.9443061860311922
93 94 -0.35984464260682736
94 124 -0.4471188798189282
94 95 -0.4028779699255535
95 125 1.1678260777723535
95 96 0.7209305434921124
96 126 -0.013485581145001141
96 97 -0.29293822010720455
97 127 -0.5653127644817507
97 98 -0.20449497970992048
98 128 -0.8205241740718757
98 99 0.5591047264509402
99 129 -1.7864617162313376
99 100 -0.448414028695447
100 130 0.4424763436609342
100 101 -0.4939304915580526
101 131 -0.7649810417468221
101 102 -0.1755273373587798
102 132 1.4270669228045707
102 103 1.7124832348234182
103 133 -0.18779897809895205
103 104 1.6574347415307693
104 134 -0.11807734629220683
104 105 -0.42100069804450774
105 135 0.7292909110753825
105 106 -1.3108476884424205
106 136 1.2480375854432744
106 107 1.9450886463654768
107 137 2.9600639530683632
107 108 1.5175593153843565
108 138 0.20889683453364297
108 109 0.10433040712841453
109 139 -0.7138834675862613
109 110 1.1171264933519596
110 140 -0.5663099640169243
110 111 -0.8347742451928702
111 141 0.1941366911186095
111 112 0.8659143915541974
112 142 1.1472888366325267
112 113 0.5685521648718813
113 143 1.0305988736924734
113 114 -0.6409314857573726
114 144 0.6807038864980258
114 115 0.4228238673625062
115 145 0.3060728180624968
115 116 -0.10871286350863048
116 146 0.3000615678011019
116 117 1.2316317118348914
117 147 -0.412620131076369
117 118 1.5057233807277344
118 148 -0.6859505157241468
118 119 -1.1570154436504236
119 149 -0.3903745552327866
119 120 1.4929725533657725
120 150 1.4874617735769837
121 151 -0.4175584137560713
121 122 -1.108291653904972
121 150 0.8046048995642368
122 152 -0.8738697231243218
122 123 -0.6886728773095178
123 153 0.4967946020233328
123 124 -1.0732018991773162
124 154 -1.5390923676117985
124 125 0.07608167794078874
125 155 0.8981744445776143
125 126 -0.11205013520738559
126 156 0.2693099199497037
126 127 0.11390521866898154
127 157 -0.011247453944551825
127 128 0.8739840405726588
128 158 -0.003736095716039147
128 129 0.9298832526202244
129 159 -0.4384240761774135
129 130 -1.585868441102363
130 160 -0.0693074670600014
130 131 -1.319182375301625
131 161 -0.33506675464821695
131 132 0.6055398737495693
132 162 -0.8323870470660678
132 133 -0.042818728808714214
133 163 0.38375604944200686
133 134 -0.9226459840843132
134 164 -0.6204907002578249
134 135 -0.27458640278024304
135 165 -1.4983414483540627
135 136 1.6269697288130425
136 166 0.6676180315797358
136 137 1.5437457568967625
137 167 -0.18134515707738816
137 138 1.5635869025714269
138 168 -0.19479821714530343
138 139 0.5050765651094533
139 169 0.5144297183049581
139 140 -0.4790753311481905
140 170 -0.6463332258924742
140 141 -0.4511908727183721
141 171 -0.8244490270187562
141 142 -0.7699368914689212
142 172 0.42195298517036084
142 143 0.2451587205519548
143 173 -0.7694745915531985
143 144 0.44185210801086877
144 174 -1.7098183583753856
144 145 0.5055044748721244
145 175 2.659087429220677
145 146 -0.8283598501058713
146 176 -0.2019439453757783
146 147 0.5395998164853287
147 177 0.8512955944330074
147 148 -1.7369888304525098
148 178 0.9598520556178141
148 149 1.5609588075208136
149 179 0.7641060627288223
149 150 1.282854766374369
150 180 0.7144866066547068
151 181 -0.14182384507209456
151 152 0.6617865488382378
151 180 -0.3725218174985236
152 182 -0.1371132636964273
152 153 -1.080543672646998
153 183 0.9000706453979195
153 154 1.0601694655759812
154 184 -0.5039594465706959
154 155 -0.8999731807494337
155 185 -0.4829993282072027
155 156 0.08554321114191106
156 186 1.9399483320533404
156 157 -0.8800156417107982
157 187 -0.5656022347371025
157 158 0.8339769642485159
158 188 0.3232953950302867
158 159 1.2418583089450432
159 189 0.8711297946834626
159 160 -0.7016211538930889
160 190 -1.2796167580917797
160 161 -0.6472779035879003
161 191 0.11841082853707786
161 162 -1.3599388509851296
162 192 0.812714812604605
162 163 1.975086983391907
163 193 -0.03133322790772851
163 164 -0.8852220493538178
164 194 -0.910565591291535
164 165 -1.0403194250836527
165 195 0.7436001271484729
165 166 1.7237693179763303
166 196 2.020858899670952
166 167 -0.9387158586551492
167 197 -1.0041466122210556
167 168 0.0361044338554255
168 198 -0.13427781731290125
168 169 0.41519565927971397
169 199 -1.4533266309800328
169 170 -0.012226721308992685
170 200 1.2200574989432038
170 171 -1.206030050565807
171 201 -0.7921956891862699
171 172 -0.2849022893686312
172 202 0.14666378542807582
172 173 0.7138241660178253
173 203 -0.18768294203747576
173 174 0.4752230969277287
174 204 -1.259369338148891
174 175 0.2088736560693209
175 205 -0.5527029597285059
175 176 -1.519600391625665
176 206 -0.6914149381632383
176 177 -0.11243922159892152
177 207 0.3109657154177846
177 178 -1.0705958378422804
178 208 -0.9651684722505304
178 179 -0.42128855341472676
179 209 -2.735873457009656
179 180 -0.24844479247117873
180 210 0.20012269828618992
181 211 -1.027731294930032
181 182 -2.1164053991505463
181 210 -2.2718529221994275
182 212 -0.15449935719530156
182 183 -1.010313646844588
183 213 1.661178042433421
183 184 0.7947825571428644
184 214 -0.1620896035059941
184 185 0.10316714710092684
185 215 0.11044989764936677
185 186 -0.1255845700922764
186 216 0.8871960842208912
186 187 1.5786307315099557
187 217 0.3717374369893268
187 188 -0.3368436911183209
188 218 -0.7745609752398693
188 189 -0.8164734642336866
189 219 0.8518832135849205
189 190 -1.9413151953575083
190 220 -1.6501408728614433
190 191 1.0568981300041889
191 221 -0.18065960658171942
191 192 -0.9807579258845681
192 222 0.2926058998838851
192 193 0.22754232595662677
193 223 -0.8055459412967512
193 194 0.6989507820465864
194 224 0.25573796705956797
194 195 0.6342733842311137
195 225 -1.0108937817681947
195 196 -0.37565837398785923
196 226 0.2686411441234961
196 197 0.5828068766904345
197 227 -0.720472812196949
197 198 -0.1820109877634313
198 228 0.7605285602554827
198 199 -0.0001563713485966457
199 229 1.0212284955522348
199 200 -1.4110711877366922
200 230 1.228503650386046
200 201 -0.44151697689808084
201 231 -0.32549576604320357
201 202 0.9260704103936944
202 232 -1.1503367656871584
202 203 1.5718135408623715
203 233 0.47352973121602043
203 204 0.6719341380882813
204 234 0.48659457014916324
204 205 1.2767832557903749
205 235 0.1743193614453558
205 206 -1.0968722160679047
206 236 -0.9211776061535741
206 207 0.4514327517621188
207 237 -1.6988366026196864
207 208 -0.45520819379128635
208 238 -1.547306286912013
208 209 0.270997030351875
209 239 0.5831224277705317
209 210 0.9356850871079296
210 240 -1.14990433397509
211 241 0.6271090881569688
211 212 -0.26236106692581296
211 240 -1.1039740505653288
212 242 -1.1026972114121485
212 213 0.6855396456816796
213 243 0.1463429422905346
213 214 -0.06103294795633796
214 244 -0.5452290259996818
214 215 -0.18409356405316707
215 245 1.7857195739424454
215 216 1.7456074835593043
216 246 -0.18651740637042052
216 217 -1.5741385139298876
217 247 -0.6591825536854753
217 218 -2.04445659607549
218 248 0.848029097750921
218 219 0.29896384076687754
219 249 0.26747762032491146
219 220 0.5476800435122051
220 250 0.24122830491842126
220 221 0.05769746461590313
221 251 -0.6444009625099184
221 222 0.37717326247165134
222 252 1.059807702891154
222 223 0.23979277706321472
223 253 1.6356060697141306
223 224 1.141536527787482
224 254 1.6089188220307062
224 225 -2.0451266637105565
225 255 -0.8923739156622814
225 226 -0.7136404085467917
226 256 -0.6188864767379455
226 227 0.09565161530486624
227 257 -1.3765255741810796
227 228 0.5918003275441935
228 258 1.5614805206398081
228 229 0.7156238213348941
229 259 -2.3009278550258836
229 230 -0.7581834490565992
230 260 -1.6146118893549397
230 231 -0.372176115163064
231 261 -1.7456035540109556
231 232 0.19420597835534575
232 262 0.9657553599343335
232 233 -0.1140163973570238
233 263 -0.02570034508885416
233 234 0.4316270868463867
234 264 0.07692412353373583
234 235 0.43420779602420556
235 265 -0.8268773143473291
235 236 0.08239572214948764
236 266 -0.5080517200213276
236 237 -0.936441007650498
237 267 -1.1194913586712112
237 238 0.274655048399667
238 268 -1.13861872267644
238 239 -0.010577078585525876
239 269 0.411187369779165
239 240 -0.44603974269446744
240 270 0.9146843074898031
241 271 1.0379378769587586
241 242 0.4173377919796454
241 270 -0.3113861137769411
242 272 -1.523406141369692
242 243 0.3018542346009022
243 273 0.35076591281998576
243 244 1.0502396496294668
244 274 -0.49821898155534294
244 245 1.605465633677195
245 275 1.3931242427004085
245 246 0.8358145607620032
246 276 -0.10351086105534146
246 247 -0.40028015678101253
247 277 -1.2819567979155089
247 248 -1.5764283559033547
248 278 0.17043080277812878
248 249 0.22870589408066447
249 279 1.8700168883673014
249 250 0.03395002351231341
250 280 0.8780112605487503
250 251 -0.857635837731679
251 281 -0.36600715535339307
251 252 -1.1997989698212823
252 282 0.029289153526848296
252 253 1.0039947759164327
253 283 0.49367854685468016
253 254 0.20565632520305477
254 284 -0.12345501352873803
254 255 -1.8028286819923183
255 285 -0.3244456533089556
255 256 -1.2291059146484244
256 286 0.4916405082014973
256 257 0.13351210488392914
257 287 -0.017993710076988384
257 258 0.45218251592919956
258 288 0.2969676850702539
258 259 -0.4708886744281868
259 289 -0.6838354906910719
259 260 -0.6389573864960485
260 290 -0.375346604930021
260 261 -1.6370491525589073
261 291 0.1785516176501581
261 262 -0.6162947115892509
262 292 -0.6155010301603159
262 263 -0.7135621982719346
263 293 -0.3507762215195525
263 264 -0.8335458778998732
264 294 -1.149871588557649
264 265 -0.5512113515026987
265 295 -1.7066845245442426
265 266 1.1868734754955381
266 296 0.4818761075665997
266 267 -2.5960091673724306
267 297 -0.06758823070509554
267 268 1.7250068153360478
268 298 0.45770089755347665
268 269 -1.4754132976399292
269 299 -0.9592264312252082
269 270 -1.8763073168657614
270 300 -0.17200743707420713
271 301 -1.7451506456959558
271 272 -2.2074007743068047
271 300 -2.38164612320291
272 302 1.6308455027895858
272 273 0.9356073963977231
273 303 0.5053007682700811
273 274 0.8823883372337344
274 304 -1.675509649631039
274 275 -2.0141757143123264
275 305 0.03988214935166739
275 276 -1.0932164263490292
276 306 -0.07677544961486459
276 277 1.2814768917425863
277 307 -0.4252191389324862
277 278 -3.4504730040253095
278 308 -0.9002421320052332
278 279 -0.6531281391557723
279 309 0.3448128241439435
279 280 -0.36594842860358284
280 310 -0.5757583431196057
280 281 -0.66842031760194
281 311 0.9094070923253067
281 282 -2.237841535200922
282 312 0.2963201023386328
282 283 -1.1391282453480769
283 313 0.07856545150164905
283 284 0.3762535715638763
284 314 1.264927076749742
284 285 -0.1185909740081021
285 315 -0.7209001247676922
285 286 0.5066012513055513
286 316 -1.4647514326818538
286 287 1.019653882607724
287 317 -0.15968002110704618
287 288 0.5056000611545384
288 318 -1.2927304177721626
288 289 0.41848283349564547
289 319 -1.3509401616050103
289 290 -0.18073869646424165
290 320 -1.715041712157995
290 291 1.7500059552245841
291 321 2.3059114602032067
291 292 -0.41627737742774185
292 322 -0.9294777484906169
292 293 -0.635722895912727
293 323 0.29332536446461144
293 294 -0.9723131266056791
294 324 -0.6058800464030341
294 295 0.7112787046005342
295 325 -0.5079263140889989
295 296 -0.1218835152100202
296 326 0.8263362055586378
296 297 1.1342478629487163
297 327 -0.6503155818124751
297 298 0.46861723134079375
298 328 1.5269162420322973
298 299 0.5439039635641797
299 329 0.04559728828787545
299 300 -0.73758741385036
300 330 1.3381905945936454
301 331 -0.4434148686883767
301 302 0.5329855955430509
301 330 -0.8897876335809036
302 332 0.3305012152396232
302 303 0.021643547522444885
303 333 0.5724327165046007
303 304 -2.066142712584756
304 334 0.19782183935288378
304 305 -1.5156161508347383
305 335 -1.9194675267797006
305 306 -0.47482742194045385
306 336 -0.5087878421107884
306 307 -1.0737083497519553
307 337 -1.2392961814326695
307 308 -0.5042945344709588
308 338 0.6508176012274862
308 309 -0.10085337184146076
309 339 0.5022361278043662
309 310 1.0784769943985217
310 340 -0.2917170669990619
310 311 0.1136835071345578
311 341 1.5249498819612752
311 312 0.11310117051778855
312 342 -0.6026258634217826
312 313 -0.046699307923568696
313 343 -0.8835805694097848
313 314 1.2284650916272897
314 344 0.8072052017524872
314 315 -1.263855561284692
315 345 1.835534216944187
315 316 0.5877222160286828
316 346 -0.39123219215744093
316 317 1.6794384915330678
317 347 -0.551040672361841
317 318 0.7321001437055423
318 348 -0.8597967858721246
318 319 0.029709040028577324
319 349 0.10283265498610433
319 320 0.9400141100979504
320 350 1.6486087026922258
320 321 0.048430523334415346
321 351 -0.5914388852566121
321 322 -1.2159566499179728
322 352 1.1421934832600726
322 323 1.42842092186867
323 353 0.7486450824773029
323 324 -1.790934852586278
324 354 0.2932753834140973
324 325 1.1281250967946996
325 355 1.7803405339024074
325 326 0.2998818587550854
326 356 -1.9898831150341187
326 327 -0.4946194303193562
327 357 -1.0728249746326608
327 328 0.8865359355385275
328 358 0.29796039373680133
328 329 0.2912150105181729
329 359 -0.7379393384895222
329 330 -1.1181042597508613
330 360 2.1593897138523728
331 361 0.2784808023751486
331 332 -1.8413114410527291
331 360 -1.4281731154563524
332 362 -0.389749813402397
332 333 -0.9148496870001293
333 363 0.744085155066039
333 334 0.20988875997224093
334 364 -0.6093838405138097
334 335 -0.6300315413352492
335 365 -1.672264125890891
335 336 -0.19561130977359223
336 366 -0.07188251285291423
336 337 0.8654065643304684
337 367 1.1104711755951528
337 338 0.05394986659311029
338 368 -1.559079692631832
338 339 -1.6710402960798463
339 369 -2.2105134642469926
339 340 -0.14560468978517185
340 370 0.09610094456035101
340 341 -0.6176577730071837
341 371 0.7260875249843265
341 342 -0.26399273015155933
342 372 -0.7289858354937665
342 343 1.0499208034648664
343 373 0.27821695089193177
343 344 2.625096036180155
344 374 -0.1494476302089482
344 345 1.5147015525096856
345 375 -0.38870750470745463
345 346 -0.29984265010645533
346 376 -0.6560854366540396
346 347 -0.6546479195004693
347 377 0.3603514108012007
347 348 -0.3802511145521627
348 378 0.06607503730806176
348 349 0.43324366332104153
349 379 0.6637877173821234
349 350 -0.24681385971198014
350 380 0.9166921747156073
350 351 0.3119587003501593
351 381 1.0453517602552356
351 352 1.0787136359298304
352 382 1.526643933019998
352 353 -0.5009257356247835
353 383 0.0621702651063925
353 354 -0.0737445280348169
354 384 6.370959251661482e-05
354 355 -0.8966012786199655
355 385 -1.0890786120359466
355 356 0.3287174837423798
356 386 0.12178330254450787
356 357 0.12715462443281758
357 387 -1.7776815226073128
357 358 1.7256192964094186
358 388 -0.7055803041954488
358 359 0.8040192610623882
359 389 0.7642177121126074
359 360 1.100393507395854
360 390 -1.1377132263259437
361 391 -0.4326019258647407
361 362 -1.0621478350253277
361 390 1.7889317675511354
362 392 0.5434177567457008
362 363 -1.05446186834193
363 393 1.3365903413103002
363 364 -0.3557801564688949
364 394 -0.587395172929101
364 365 0.9001777390950715
365 395 0.6293138207303958
365 366 2.1348303860819517
366 396 0.4730699112139064
366 367 1.9556173073503103
367 397 -0.5063644998215685
367 368 0.7397266431220748
368 398 -0.1979901921133965
368 369 -0.47802353207082904
369 399 0.12388176150947457
369 370 0.06846981013874873
370 400 -2.1252278541619196
370 371 -0.4936637354280308
371 401 -0.16969892633098277
371 372 0.10868864373770265
372 402 0.9242811716821931
372 373 1.4167026079565246
373 403 -0.37121171388349516
373 374 -0.8658455890114493
374 404 0.6291113214350413
374 375 -0.6418568631690884
375 405 -0.3996456540516165
375 376 0.17765109593095044
376 406 0.562806282326129
376 377 0.7641667041726231
377 407 -1.4919133881858915
377 378 -0.00034174896307548146
378 408 -0.8059411032651862
378 379 1.1551391075090436
379 409 0.4398440097550365
379 380 2.0814674559155453
380 410 0.12135297517235738
380 381 0.9391454347312256
381 411 -2.5646353422897734
381 382 0.8549009867406039
382 412 -0.14330847014147763
382 383 -1.1598968250569683
383 413 -1.3917858434101555
383 384 -0.058088561060558055
384 414 -0.6446731318286789
384 385 0.5510841974096855
385 415 0.17328085601690768
385 386 1.65468387677497
386 416 -0.32105130372313495
386 387 0.07125116635855633
387 417 -1.1049286559867186
387 388 -0.7120682517021475
388 418 0.974395639459837
388 389 -2.3531011556416646
389 419 0.2761585957748439
389 390 -1.1700333293036331
390 420 0.4726321697196799
391 421 -0.7376088778960695
391 392 -0.04677303991407716
391 420 1.1773828361148473
392 422 -1.488187298251317
392 393 0.186965521740008
393 423 1.0603804685353655
393 394 -0.1263235327119468
394 424 1.971148041689797
394 395 -0.4527015077908029
395 425 -0.6242090905567941
395 396 1.3997777889407161
396 426 -1.7752381900667562
396 397 -1.630137447792412
397 427 0.09301229954167362
397 398 -1.343757191651169
398 428 0.17549033394677635
398 399 0.8225621370884876
399 429 -0.36933663988117166
399 400 -0.15511114101454138
400 430 -0.18554346700244193
400 401 -1.7832637195856078
401 431 0.8377587960144199
401 402 -0.5768082846652647
402 432 0.2690247443851045
402 403 0.2823216796546065
403 433 0.28562732273203856
403 404 -0.5737194870759276
404 434 0.25324632664198315
404 405 0.010965355530394738
405 435 -0.19325485022457478
405 406 0.9272312256385896
406 436 -0.5130102499459757
406 407 0.7333499618085122
407 437 1.2123958748795685
407 408 -0.8263773825339058
408 438 -0.14722262507508543
408 409 0.6225025412049221
409 439 0.3104699679699868
409 410 -1.6349029259921506
410 440 0.9917233962106707
410 411 0.8099562061442738
411 441 0.45079913752067946
411 412 -0.8707363269336246
412 442 -0.9843792499814714
412 413 0.025372896372324125
413 443 3.1573892145512694
413 414 0.7113029978595788
414 444 -0.4744718720303243
414 415 -0.057427281444937965
415 445 -2.4686726665306495
415 416 0.5223542410471831
416 446 -2.1961263740321946
416 417 2.4561947375397915
417 447 1.3225717593074016
417 418 0.43275147873997666
418 448 -0.7126218393568655
418 419 0.36342137560540605
419 449 -0.2926568312059849
419 420 -0.6463398035210384
420 450 -0.19069141249420915
421 451 -0.15289426539599932
421 422 -0.9532545298947109
421 450 0.874814258045092
422 452 1.2510046187161115
422 423 2.4175341141024007
423 453 -0.32845092733316694
423 424 0.31982321107516914
424 454 -1.6585438278408482
424 425 1.9217952806355476
425 455 -1.0263684057648486
425 426 0.22158128082950543
426 456 0.6649908385049026
426 427 -0.716966838944232
427 457 -0.4545142997675361
427 428 0.7017032562312363
428 458 -1.3968054046634515
428 429 -0.046246828242772334
429 459 1.087249013536694
429 430 -1.8049444192705686
430 460 -0.6754381966922773
430 431 0.18116465400869317
431 461 -0.5191833264464103
431 432 1.0747992678168485
432 462 0.039127632472722856
432 433 1.0052694984997763
433 463 0.06459870492803507
433 434 -0.14958903363184045
434 464 -0.24210455208661116
434 435 1.2927479259484547
435 465 0.07614522650760287
435 436 0.5467181914509441
436 466 -0.6502796652312754
436 437 0.11139451183421885
437 467 -1.0654342424872179
437 438 0.36194013651319434
438 468 -1.9659937095274422
438 439 -0.679537636967328
439 469 -0.43219303099474715
439 440 -0.16193935292655054
440 470 0.6178281823550286
440 441 -1.166467139292936
441 471 0.6509635386775905
441 442 -0.7194811273622571
442 472 1.2104409091340143
442 443 0.6224772222062565
443 473 -0.5211713249938139
443 444 0.358561073540405
444 474 -1.17148679667903
444 445 0.37155321335384667
445 475 0.5838154390809227
445 446 -0.06237507038916539
446 476 -0.38433428408893533
446 447 0.4064938359631254
447 477 -0.08117637022435122
447 448 0.17113902348152019
448 478 0.21839578616398653
448 449 -0.33191863627452134
449 479 0.17523458288961227
449 450 0.32902026918874827
450 480 -0.6843515891898675
451 481 0.4431655519953093
451 452 -1.9829636805167223
451 480 -1.4405098681038608
452 482 0.5165619737130388
452 453 1.0427378030728203
453 483 0.8177195927443992
453 454 -0.05825222672760162
454 484 1.2343337317890055
454 455 -0.10658193396808771
455 485 1.7017514760693557
455 456 0.36037314238868823
456 486 1.6663150559666469
456 457 1.0848795360903984
457 487 -0.05841782824314293
457 458 -0.13790380996510967
458 488 -3.2544678541581913
458 459 1.3430624279887695
459 489 -0.33682408352485854
459 460 1.6086573512549036
460 490 0.6982787213401388
460 461 1.1407189302510898
461 491 -0.29289635320811
461 462 1.2925136179714702
462 492 1.9631841508266854
462 463 -1.5279430174224486
463 493 -0.9221792555861094
463 464 -1.4177553407414059
464 494 1.1760972793406623
464 465 2.8678804289674082
465 495 0.502465430278514
465 466 -1.0939090900258805
466 496 0.22058156348376262
466 467 1.4372557889473936
467 497 1.5666695221312026
467 468 -2.131345435209689
468 498 -0.1876024098546518
468 469 -0.5310228094865135
469 499 -0.7901557535894452
469 470 0.13669428536763784
470 500 -0.7419041329703749
470 471 -0.44109642617149863
471 501 1.4717370202631765
471 472 0.5814612158956545
472 502 -0.11178334187158866
472 473 -1.1949927889262846
473 503 2.023950759291132
473 474 -1.5502606291046561
474 504 -0.9070231806101248
474 475 0.6363202734843695
475 505 0.846639317295079
475 476 -0.31921197790219014
476 506 0.25771833514568765
476 477 -1.384957879574374
477 507 0.3806862060319681
477 478 0.09887728634159507
478 508 -0.08842369646972971
478 479 1.7604980562779702
479 509 -1.281320203873567
479 480 -0.025069898595936717
480 510 2.0068785399767015
481 511 0.9303655527916628
481 482 -0.5201438163558509
481 510 0.8939708320758882
482 512 1.38704843202189
482 483 1.3075795226142328
483 513 -0.47777855526496776
483 484 0.38095061201236263
484 514 -0.99336419740903
484 485 -1.8920735939957816
485 515 -0.8715445131047391
485 486 0.9016589270638236
486 516 0.458681664913236
486 487 -1.1245318622583007
487 517 -0.4355643467506269
487 488 0.9787874873611584
488 518 1.8418259448165626
488 489 0.4695141929824596
489 519 0.060091340675984733
489 490 0.17677425098965482
490 520 0.40944251902713497
490 491 0.726975199928786
491 521 0.7442693253658594
491 492 0.31716638378055345
492 522 -0.4983957445701608
492 493 2.15532477363471
493 523 0.24822590081782575
493 494 -1.0985090344730661
494 524 -0.4188155511300776
494 495 0.6588455484947945
495 525 -1.5073689375993673
495 496 -0.28961483156803236
496 526 0.364764422559164
496 497 1.0121471285200494
497 527 -0.1670898393525182
497 498 -0.8163752186050225
498 528 0.40858263705790465
498 499 -1.4135388263176913
499 529 0.7551793098529447
499 500 1.308539554288656
500 530 -1.757135688114651
500 501 -1.2030715814121682
501 531 -0.23762819146150965
501 502 -0.13712194211172818
502 532 0.8271804771286017
502 503 -0.8074493652147928
503 533 0.17721702864500893
503 504 0.7231365612702406
504 534 -1.3022384852813322
504 505 -0.30096182265362603
505 535 -0.874215278706599
505 506 -0.9292988536114755
506 536 -0.680191427644884
506 507 -0.49573142994526687
507 537 -0.5907814128671356
507 508 -1.8408184998304244
508 538 -0.15886552765122774
508 509 0.30419885968477317
509 539 -1.1581501304636377
509 510 -1.027232005247261
510 540 0.9858394843623403
511 541 0.2683367363396513
511 512 -0.2973476260616435
511 540 1.3423833030985917
512 542 -0.8300188736475714
512 513 -0.8321707503328718
513 543 1.6671670819262168
513 514 0.8360095790938572
514 544 0.5691170844726752
514 515 1.4903193899661409
515 545 0.8331912669255229
515 516 0.2998976160033824
516 546 1.6647732927834855
516 517 0.8631598591992132
517 547 1.0501863078068001
517 518 0.2781385767898737
518 548 0.6051337302469758
518 519 -1.0364782124249712
519 549 -1.6183131079454722
519 520 -0.5538205298192279
520 550 -1.7543251044056867
520 521 1.7699368184222186
521 551 0.4508254694347755
521 522 -0.2079908960811518
522 552 0.8847899014880447
522 523 -1.6889994580429353
523 553 -1.7101560369044992
523 524 1.305253260043553
524 554 0.45317065272391466
524 525 1.5472999031927526
525 555 0.9607284941290815
525 526 0.2303808650432573
526 556 -1.2833746419331151
526 527 1.0626717856422316
527 557 0.4069491698253506
527 528 0.6677290216372701
528 558 0.7598779760214696
528 529 0.10899357459514383
529 559 0.12917988511780493
529 530 1.1272330972844176
530 560 -0.20843576642525824
530 531 0.3060290916036308
531 561 1.0922923395375796
531 532 0.9494892214692503
532 562 0.7823587183331325
532 533 -0.04422384239487242
533 563 1.4469681923261541
533 534 -1.2799693772389875
534 564 1.5290780733558171
534 535 0.06924298935217074
535 565 -0.2678121600608961
535 536 -0.5626901204241159
536 566 2.3126514179874644
536 537 0.6202238535588528
537 567 -1.373297216734926
537 538 1.8078107897636084
538 568 1.198380155010311
538 539 0.6207400113333571
539 569 -3.4682621027339735
539 540 0.7116503072089431
540 570 0.7853769148025672
541 571 1.1147706226377543
541 542 0.0906320994450731
541 570 -0.49965493634777347
542 572 -0.5879379832069871
542 543 0.006328998145900405
543 573 0.5569162760274418
543 544 0.682498793896036
544 574 -0.16407012418612366
544 545 0.5000148489419869
545 575 -0.11587037931601256
545 546 -2.370981886831962
546 576 -0.34806895816949135
546 547 0.6867167537239764
547 577 0.5043826728488365
547 548 -0.9991756351537147
548 578 0.0668252299881987
548 549 -1.0298912669611546
549 579 -0.5972877366917794
549 550 -1.2569706544907628
550 580 1.2789738857895232
550 551 -0.40086905524662275
551 581 -1.5462147801096728
551 552 1.08682353520292
552 582 -0.9300611692249209
552 553 -0.7404522826310832
553 583 1.3004771188609512
553 554 1.2998440399716407
554 584 0.13211051716030844
554 555 -0.9378961552542572
555 585 0.10368560813129092
555 556 0.5236863136522223
556 586 -0.832055715268816
556 557 -0.33324444632205
557 587 0.9324183676220615
557 558 0.9530089562355749
558 588 1.104779633201777
558 559 0.8383609476549192
559 589 0.00553243952784877
559 560 2.081463683459241
560 590 1.1228512718000354
560 561 -0.03557950764269742
561 591 -1.0883935774178901
561 562 -0.7833136913606262
562 592 0.7418477427310316
562 563 -0.8664292710245323
563 593 0.6937089003237308
563 564 -0.2880673111178472
564 594 0.8141342169448027
564 565 -0.38046668194791955
565 595 -1.6674230246744712
565 566 0.07759963956978921
566 596 0.049061105189519554
566 567 -0.5828271199648279
567 597 0.6732772720973655
567 568 -0.11065467841942984
568 598 0.12743187344003692
568 569 -0.6628227689599873
569 599 -0.4785171742216583
569 570 -1.4060277054277062
570 600 0.2688641019496209
571 601 0.25555689191334724
571 572 -0.5741143162041195
571 600 2.020552457505985
572 602 0.4420558258802708
572 573 0.023303392595514734
573 603 1.1402820455153453
573 574 -0.26696680214677443
574 604 0.5657483322109885
574 575 0.10637218154570376
575 605 0.28281745208853376
575 576 -2.3506851994059508
576 606 -0.3761626394486153
576 577 -1.0541473545930733
577 607 0.6488757892184185
577 578 -0.3962699723137183
578 608 -0.37802814361694304
578 579 0.7018885444777845
579 609 0.5551258646045052
579 580 -1.2174756661343282
580 610 -1.4043638801268978
580 581 1.8643235742840114
581 611 -0.20338400569313844
581 582 0.6899265694427307
582 612 0.48179127153681855
582 583 -0.6735334170766497
583 613 -0.4701810918867756
583 584 0.09028678372212615
584 614 1.2137385990445932
584 585 0.38744777773892186
585 615 0.09530287706789278
585 586 -0.03831135717616545
586 616 -0.322244361739456
586 587 0.0002435228761948581
587 617 -0.0999925033318074
587 588 0.8101176760999818
588 618 0.4228092611420098
588 589 0.8409033880185707
589 619 -0.7904655064518139
589 590 -2.0319886499378437
590 620 0.0014261328690724623
590 591 -0.4528527293622306
591 621 -1.8154500908239433
591 592 0.3860654618936438
592 622 -0.5236206742694192
592 593 1.457920351093555
593 623 1.2411346750106176
593 594 -0.14521825877169153
594 624 0.6854403213713773
594 595 0.9305854190096486
595 625 0.16097832227977926
595 596 -0.33694292600590087
596 626 1.8505160081911056
596 597 -0.17568623138388284
597 627 -2.580245634700662
597 598 -1.5517492237366972
598 628 0.959339320595597
598 599 -1.0200132002551698
599 629 -0.6973223749855463
599 600 -1.8954598972247154
600 630 -0.553499533878493
601 631 -0.738457809064039
601 602 0.9764686183197573
601 630 -0.7741036699041717
602 632 -0.8881706488111724
602 603 -0.23315940842940125
603 633 -1.243967911887244
603 604 -1.8342116744514287
604 634 0.13552851644150857
604 605 0.41867857144744497
605 635 -1.3627422615208813
605 606 2.3386470935258847
606 636 0.030679449210509187
606 607 1.233275914250809
607 637 0.022113848003046544
607 608 0.3536326000898559
608 638 0.5019131503400794
608 609 0.8746021178324148
609 639 0.49363466819361185
609 610 1.2624432416333538
610 640 -0.6353111653074363
610 611 -0.08204516682804443
611 641 -0.2842341463697733
611 612 -0.13963705859439057
612 642 -0.2728109179273179
612 613 -1.9977889005426526
613 643 -0.6790054298705344
613 614 -0.5563098015360025
614 644 0.060645201697380746
614 615 0.7066584300338535
615 645 -0.42809157658675084
615 616 -0.7316422333356642
616 646 0.46418551463516167
616 617 1.0928518940034155
617 647 -0.37218849805777365
617 618 -0.9787668308220829
618 648 1.439901382830622
618 619 -0.4585929989771807
619 649 -0.5102464463644805
619 620 2.1015480943342553
620 650 1.0005539770267238
620 621 0.1252057476232643
621 651 -0.904625833443697
621 622 -0.3089966065588888
622 652 0.7716409360047339
622 623 0.2735122190956218
623 653 2.649240730444344
623 624 0.28504958575541783
624 654 -0.42442018832812073
624 625 0.6326376868279204
625 655 1.5287348655896547
625 626 -0.4724891053442956
626 656 1.874789708697478
626 627 1.3750031467676846
627 657 0.23021537989016244
627 628 -0.8997861459990147
628 658 -0.36281525699834916
628 629 -1.621445296856339
629 659 -0.10308695905437401
629 630 0.4689974988548172
630 660 -1.076007287141141
631 661 -1.144042463427204
631 632 -1.1910176195298143
631 660 -0.10236503787576362
632 662 -1.1509167371994546
632 633 -1.8081980770603383
633 663 -0.7370284158990122
633 634 0.45159772455241887
634 664 -0.5516760291325473
634 635 -0.38442752350164416
635 665 1.7376520937728388
635 636 -0.5784562217050797
636 666 -1.2442954543935272
636 637 1.8327048388732965
637 667 -0.08960710077493021
637 638 0.2909568174248351
638 668 -1.7093225563720944
638 639 -0.4595525511925435
639 669 0.4151931813480132
639 640 -1.8275507931025632
640 670 -0.10414209819745933
640 641 -0.22383178986803826
641 671 -2.352957630262457
641 642 0.5385775768110624
642 672 -1.3446393892118993
642 643 -0.3829667536246619
643 673 1.1276345539434447
643 644 1.0258982503912863
644 674 0.5644298562902035
644 645 -0.7737938175369755
645 675 1.2703243317915878
645 646 -0.8777015856425322
646 676 -0.4475190282950792
646 647 -0.7904017689588043
647 677 -0.5319703122937639
647 648 2.8682395573241752
648 678 -0.21369128359807724
648 649 -2.492638256249864
649 679 -0.560330415396101
649 650 -0.11640327206048424
650 680 -1.2203904201890163
650 651 1.2369499486304416
651 681 0.5018955199613473
651 652 0.21828081851538947
652 682 1.1995741070040948
652 653 -0.7683072676695163
653 683 1.3437077980715013
653 654 0.3259456947736654
654 684 -0.19755316528103264
654 655 0.024870643179688165
655 685 0.9532090454394148
655 656 -1.8283506147904727
656 686 1.1263464057406187
656 657 -0.621251911745434
657 687 -0.897136860305566
657 658 0.39003654308964114
658 688 0.15954920500863895
658 659 0.37687901977481014
659 689 2.825651993905145
659 660 -0.24570042277310863
660 690 1.7157262647655427
661 691 -1.21032616430914
661 662 2.5525086466420883
661 690 -1.826162940915361
662 692 0.013014145368695933
662 663 -0.2133489043513545
663 693 1.2301709459051517
663 664 0.5869380010022537
664 694 -0.3615955573357246
664 665 -0.3685941067667018
665 695 0.4185380850175763
665 666 -0.7599550249992724
666 696 0.6848752018829283
666 667 -0.878645080563681
667 697 2.2605034928325356
667 668 -1.067087834437084
668 698 1.2785140326949938
668 669 0.18015481474975967
669 699 -0.7149201739598654
669 670 1.7148906573312062
670 700 -0.20336606317659844
670 671 0.5918031130441453
671 701 -1.1661523843209922
671 672 1.6013649927335685
672 702 -0.7143081390547663
672 673 -1.8108999915134958
673 703 -2.269333057164613
673 674 1.5702557523480907
674 704 -0.015428155953414542
674 675 -0.6239593872833503
675 705 -0.09059824967264112
675 676 -0.568588011070395
676 706 1.2655642320101743
676 677 0.8794263915575462
677 707 -1.1426268895852505
677 678 0.13386434150182983
678 708 0.06772615383885479
678 679 -1.8284372190243041
679 709 -0.8634538881135584
679 680 0.5692083171895546
680 710 -0.2697052596189544
680 681 1.5180685444930317
681 711 -0.44110136027262953
681 682 0.07141255389249064
682 712 -0.6057570699280864
682 683 0.8747990790040715
683 713 0.47587094126604057
683 684 -0.6560632315885175
684 714 -1.3096547211294975
684 685 0.5675819732969798
685 715 -0.1438888502298743
685 686 0.4689197513115417
686 716 0.08909981890286665
686 687 0.5983849405023597
687 717 1.3084035766506281
687 688 -0.7763296103757255
688 718 1.354179387333954
688 689 0.39166570752420443
689 719 0.6550702077270992
689 690 0.27725083407422224
690 720 1.139799579162121
691 721 0.7318970195181923
691 692 1.3909022372142115
691 720 -0.20069289572591412
692 722 -0.3376993162639805
692 693 -0.4609545879930636
693 723 0.28407412479433286
693 694 0.9481142384238506
694 724 0.762474655986726
694 695 0.7504849243515077
695 725 -0.262537801839723
695 696 1.7835332408620128
696 726 1.3523059616496163
696 697 -0.2518008204571302
697 727 -1.751593782989924
697 698 0.06740476170823004
698 728 3.1366583452466767
698 699 0.9099775049650114
699 729 -0.8085909323631967
699 700 2.5038546730833997
700 730 0.4814602031796203
700 701 -1.2225869044064028
701 731 -0.8556379108193652
701 702 1.0801060078099445
702 732 -0.00583713341853773
702 703 -0.8647987072823445
703 733 0.9492363034141025
703 704 0.7810899756976784
704 734 -1.1325842762864795
704 705 1.352520491272007
705 735 0.3557947297297618
705 706 0.8330716993032649
706 736 -3.9967611797373617
706 707 -0.2232904042024914
707 737 0.9038533725691271
707 708 -0.17553626722718937
708 738 1.8090816443307578
708 709 0.7422921604206668
709 739 -0.032038784685031046
709 710 0.4708346165908956
710 740 0.23114578181926895
710 711 -1.2466633920768477
711 741 -0.15216416706729247
711 712 -1.5030654766672173
712 742 -0.06516573631235807
712 713 0.3330246989062647
713 743 -0.038988865729511504
713 714 0.20133442454968184
714 744 -0.48582937182257147
714 715 -0.43304274705208623
715 745 1.4310894405268326
715 716 0.15978449828682856
716 746 0.9438205678614549
716 717 -1.487290452127632
717 747 0.8517846094807099
717 718 0.8261636166890456
718 748 -0.7020037324291295
718 719 -0.4165433861091342
719 749 -0.07020264447046837
719 720 2.0488460756269724
720 750 -0.5612820990695315
721 751 -0.11660313725863533
721 722 0.4542673859775878
721 750 -0.7125591831175712
722 752 -0.6996158790028267
722 723 -1.2135235960020319
723 753 -1.1707992602499224
723 724 0.8733941103596639
724 754 1.0233003708567325
724 725 0.8449480420306399
725 755 0.96939033500271
725 726 0.16320672076842502
726 756 -0.35816167313454433
726 727 -0.6331322265340096
727 757 0.5068820274838997
727 728 2.2025007665179115
728 758 -1.9546626674127572
728 729 -0.9756590592560743
729 759 0.18889197529755383
729 730 -1.7737160032512034
730 760 -0.059616683436342556
730 731 -0.9360736267714991
731 761 -1.7843661908405037
731 732 2.124953455178647
732 762 -0.4935456615493004
732 733 -0.854470583408858
733 763 0.1566713684059492
733 734 -0.13668772109438887
734 764 -0.7119606049168071
734 735 -0.04546127048017847
735 765 0.26252767477839595
735 736 -2.4410771585947524
736 766 -0.4829052877610849
736 737 2.0697329332865646
737 767 -0.13638276949953143
737 738 1.038889705866938
738 768 -1.0437974785857616
738 739 -0.0239848375479864
739 769 0.4532884836637981
739 740 -2.674183141743564
740 770 -0.24161320808869002
740 741 -0.4185856492943975
741 771 -0.9709987249940838
741 742 1.1745254215884804
742 772 -0.39289735441904405
742 743 0.9029523798255679
743 773 0.5727511925389343
743 744 -1.4697052111513182
744 774 -0.5375115792220209
744 745 -0.047154684915961816
745 775 0.0016982990710619843
745 746 0.5817348951089812
746 776 -0.2161966725352562
746 747 -1.4983584689655107
747 777 2.3756135540009384
747 748 1.8994558985333942
748 778 0.4064303194802961
748 749 -0.1081915418370086
749 779 -0.9151797789299809
749 750 -1.152532716548136
750 780 0.6881012849932792
751 781 -0.4995874044219526
751 752 -0.6755874249229824
751 780 -0.8840382657833367
752 782 -0.8515308328100473
752 753 0.5014614496475339
753 783 -0.11217873514574588
753 754 2.226665799856992
754 784 1.0523640579972977
754 755 1.1057079939991201
755 785 -1.036626683603876
755 756 0.22462950341838187
756 786 -0.55365089737504
756 757 0.6715261788751566
757 787 -0.02989256792112831
757 758 -0.5002641181877692
758 788 2.060334751846878
758 759 0.20773623519306236
759 789 -0.500974323933935
759 760 1.3368638917269764
760 790 -0.8966461031248562
760 761 0.5901002136931747
761 791 0.044643990908799044
761 762 0.36515167048166175
762 792 -0.8374064158777638
762 763 2.041848830094974
763 793 -0.05037270420226794
763 764 -0.19203920335504931
764 794 -0.5052744147220212
764 765 0.2827168764048406
765 795 0.39985163980798827
765 766 -0.30498527287748606
766 796 -0.523191743431848
766 767 0.8309407628443998
767 797 0.08746145142668318
767 768 -0.5724438821320396
768 798 -0.477307739457354
768 769 -1.1015190362940528
769 799 -0.7247195357698193
769 770 -0.4397341049074958
770 800 -2.3163939315968007
770 771 -0.8243583553165347
771 801 -0.44206284069269003
771 772 0.20476538643565606
772 802 1.1508486357449925
772 773 -0.05758221599944388
773 803 -0.05989800119181826
773 774 -0.6908448585277706
774 804 0.5999981724860417
774 775 0.34964572951084555
775 805 -0.21670545863902693
775 776 0.027398413225008467
776 806 -0.36044753213963854
776 777 0.871875307425779
777 807 0.29617835684791677
777 778 -0.5920644747885639
778 808 -0.46322830262592346
778 779 -2.118639149767276
779 809 0.25529787894003564
779 780 -0.6021982474059016
780 810 -0.3094300824918824
781 811 0.4839608042474648
781 782 0.5554989671078265
781 810 -1.3534373128120978
782 812 0.9233315681501462
782 783 0.3275527645471659
783 813 0.7252994628925099
783 784 -0.5104364022247682
784 814 0.4552803011404287
784 785 -0.8286192727236272
785 815 1.0001101817610396
785 786 -0.9222426912116501
786 816 0.5643724867061598
786 787 -1.15834693582272
787 817 -1.0058215170117626
787 788 0.618754861298046
788 818 -1.4856705367968512
788 789 -0.7954461884712212
789 819 0.7445448947916108
789 790 0.0036111103677899893
790 820 0.15611487794232481
790 791 0.6657440649919665
791 821 -0.877562905116133
791 792 -0.6169970536053503
792 822 0.7140391062366424
792 793 -1.1512660942112944
793 823 0.43383416010610076
793 794 -1.0290629062389203
794 824 0.08872750599790902
794 795 -0.9607054949951521
795 825 -0.9803102937799424
795 796 0.7574112760758194
796 826 0.4236463305115449
796 797 0.9153848353939785
797 827 0.4624250868990768
797 798 0.5218733437082692
798 828 0.821925963451853
798 799 -0.7064779588981651
799 829 -1.0618235049725726
799 800 1.4428099809528838
800 830 2.2460413763270144
800 801 0.23583987534099204
801 831 1.4245437508801384
801 802 -1.5773636992254239
802 832 -1.4714675706924
802 803 0.8494178713212032
803 833 -0.6887470336930638
803 804 -0.44022067019482664
804 834 -0.08400046674985728
804 805 0.1843778085961035
805 835 0.005715679470997845
805 806 -2.723125869079131
806 836 -0.40721627119063253
806 807 -0.0974902443804423
807 837 -0.3430504694062079
807 808 -0.13721606116837223
808 838 -0.38439642339711805
808 809 -1.1157609123783923
809 839 1.601963557876142
809 810 -0.09774666244089139
810 840 -0.5646977537645058
811 841 0.5496488317281604
811 812 0.6765019853459645
811 840 1.0424212982397922
812 842 0.2992791891767637
812 813 -1.0442977271795013
813 843 -0.7750216066167852
813 814 0.04903349593395169
814 844 1.0036325004932292
814 815 0.4200808166568557
815 845 -0.48153087054913174
815 816 2.2250458186891606
816 846 -0.9634898529718089
816 817 -0.19479559688221193
817 847 -0.5334156213785569
817 818 -0.5325901253094703
818 848 -0.8078603192352833
818 819 0.6173978542970278
819 849 -1.7664421364808245
819 820 -0.04671365606090252
820 850 -0.9912006198708516
820 821 1.630889648910595
821 851 -0.5775984270807166
821 822 -0.2696550835987882
822 852 -0.18646788920449106
822 823 -1.2150989832115515
823 853 -0.3018917366220286
823 824 -1.9489028485218725
824 854 0.7790944384624733
824 825 -0.8302561358817163
825 855 -0.4091281799323991
825 826 -1.0254820353191592
826 856 1.3434133484367723
826 827 0.9951715157170626
827 857 0.18951609288026894
827 828 0.5355230197708207
828 858 0.496406291034987
828 829 -0.2667764800590521
829 859 -0.021941071528230164
829 830 -0.16509772410012782
830 860 1.2448517949185223
830 831 -0.48365803317485695
831 861 -1.9338129096626417
831 832 0.2617603973535873
832 862 1.01284372478327
832 833 1.0053439311377557
833 863 -0.14944344394209208
833 834 0.3777731876529101
834 864 -1.1617277490654987
834 835 0.6789910727853047
835 865 1.0785198290382496
835 836 0.8917003887947579
836 866 0.45395697421433545
836 837 0.5202949128798214
837 867 -0.17527695607957486
837 838 -0.21513239391092578
838 868 -0.04497607208186127
838 839 0.16896805124436728
839 869 1.8051037974032769
839 840 1.3470521758506253
840 870 1.3480982452544013
841 842 -1.08146451603842
841 870 -0.5147290719050995
842 843 0.4110485484956654
843 844 -0.07183499460842044
844 845 1.863264201416301
845 846 0.010789476201924985
846 847 1.6483009463314793
847 848 0.03829652575351915
848 849 -0.4251627381978407
849 850 1.0357441681750674
850 851 -0.5799217819380025
851 852 0.43389443679829676
852 853 1.5544160683708266
853 854 -0.9612483895232298
854 855 -1.2382705093205406
855 856 -0.8809190299763766
856 857 0.6281426316873213
857 858 0.0758192277872394
858 859 2.06059143277403
859 860 -1.488877807470771
860 861 -0.2686182115054433
861 862 -0.852360534501109
862 863 0.9636898791926122
863 864 0.13465132831471827
864 865 -0.08813845757198822
865 866 1.272443037374088
866 867 -0.5920576661453694
867 868 -0.6897269300579888
868 869 -1.9066326285604733
869 870 0.16526450195740547
