900 1800
1 31 -0.42349856908083694
1 871 1.9226972028776388
1 2 1.6950296502783884
1 30 1.3237544437043276
31 61 -1.5550117511200012
31 32 0.3279793978212592
31 60 -1.8475695814216317
871 841 1.0521322890678224
871 872 -0.31045709629281176
871 900 0.3418345570761569
2 32 -0.5471563412595599
2 872 -2.2165006781126007
2 3 0.209644363658753
30 29 0.007879415978300197
30 60 -0.15037747428023956
30 900 -1.0201244143906092
32 62 -1.2252183580416394
32 33 2.0851390923972146
872 842 1.2924099892459284
872 873 -1.1131806565723725
3 33 -1.0809347745681148
3 873 -0.5947046457131162
3 4 0.4788683275492253
33 63 1.6035440864565458
33 34 -0.3429227614394859
873 843 1.1105238661797545
873 874 -0.7284925449384002
4 34 -2.7012171792595887
4 874 -0.8251669765547144
4 5 -0.24467943955363222
34 64 0.1328816092161197
34 35 0.22703631945142483
874 844 -1.1409279923742521
874 875 0.3837462386583995
5 35 -2.5605261852804677
5 875 -0.15210727182146858
5 6 1.0010493234277968
35 65 1.366582028999108
35 36 -0.8787143728751983
875 845 1.0532709358328047
875 876 0.05873149455045407
6 36 1.117660104917292
6 876 0.49847500935376615
6 7 -0.3182291452642765
36 66 -0.060118858335662904
36 37 0.9664028571761479
876 846 -0.5289284445779485
876 877 -2.214664463830637
7 37 -0.038007704523305555
7 877 0.48273674421958723
7 8 0.7093249847607862
37 67 0.18572349283727707
37 38 -0.8936790069288929
877 847 0.7552943087724159
877 878 1.3656406155061525
8 38 -1.1411706104744843
8 878 -0.8867371931261949
8 9 0.054297989272972
38 68 -0.38281566357616825
38 39 -0.8685789231656715
878 848 0.372750692744537
878 879 -1.2787695151447145
9 39 1.2180369748872852
9 879 0.030808975416768927
9 10 0.41035333711424
39 69 -0.48519330613764206
39 40 0.964989301771596
879 849 1.5635495966064614
879 880 0.4242311979622171
10 40 -0.8475434292931117
10 880 -0.3804778539957153
10 11 -1.1965434483361335
40 70 -0.7324883365205828
40 41 1.9711571948516833
880 850 0.45497121963153647
880 881 2.296593844908674
11 41 -1.431885098227754
11 881 1.842216596212005
11 12 1.6138927073408493
41 71 -1.1351023943434513
41 42 1.7093425068152404
881 851 -2.146837221072057
881 882 -1.3221696135639938
12 42 -0.7235213574122983
12 882 -1.0088280256052393
12 13 0.1851953073700825
42 72 -0.17690736248673697
42 43 -0.3656393158891289
882 852 -1.049909129397424
882 883 -0.06517324545331328
13 43 0.5730547952614393
13 883 1.4172260415575337
13 14 0.13394257707851312
43 73 -0.044634054237098715
43 44 0.8838667011756415
883 853 -0.07007386499040792
883 884 0.6811864325501199
14 44 -1.8662434055678225
14 884 1.324533449372748
14 15 -0.9867899057927745
44 74 1.9107079947201933
44 45 0.9703860342106442
884 854 -0.9005487599439488
884 885 -0.9288698339600389
15 45 0.8165341888069989
15 885 0.8494782831942136
15 16 2.7970112094589643
45 75 -0.515488745047826
45 46 -0.13636553710305038
885 855 -0.1083368710934977
885 886 0.19867169243370794
16 46 0.7431786012738715
16 886 -0.8542248606601975
16 17 -0.7205745703058359
46 76 0.9042519530561541
46 47 0.18291923422789674
886 856 -0.9413803847684162
886 887 -1.089453728316641
17 47 0.38071495798623795
17 887 0.7976146484089405
17 18 -1.0108456409552167
47 77 -1.2274052963499742
47 48 0.17232306292743985
887 857 0.5469338844707006
887 888 -2.0508027843729355
18 48 0.9988276339543629
18 888 0.17017652636538433
18 19 -0.6832250482572259
48 78 -0.09583843803737037
48 49 1.0041386229206173
888 858 -0.013757324119394565
888 889 -0.1756451922119139
19 49 0.036312587403539105
19 889 2.2468061401906825
19 20 -0.1744405281823177
49 79 0.07553932256919768
49 50 -0.8909748911959766
889 859 -0.5301744102040965
889 890 -0.03537944164342658
20 50 -1.1367547575159545
20 890 -0.07736813562024135
20 21 -1.6576500071856508
50 80 0.19322072863832604
50 51 0.13182756019630237
890 860 0.8719253278064705
890 891 0.884353440740732
21 51 -0.8378021560312288
21 891 -1.0690371672372823
21 22 -1.1153951552081236
51 81 0.19237653312896846
51 52 -0.14084060045592373
891 861 0.3505169936993621
891 892 0.217018408282526
22 52 0.06463949232732913
22 892 -1.2630155622419117
22 23 -0.19335498630411935
52 82 1.1014573187337733
52 53 0.42199089116976296
892 862 2.3148564622382994
892 893 -1.8978907221319292
23 53 -2.1502122019356644
23 893 0.06321432105579972
23 24 1.057365766003621
53 83 -1.1395608707237683
53 54 0.339506119545295
893 863 0.575893963093461
893 894 -0.30659443957856775
24 54 0.16280259646480716
24 894 -0.03269517956412544
24 25 0.9842986310206054
54 84 -0.7148907116275101
54 55 2.4820228720861826
894 864 -1.0166184299343983
894 895 1.1919695491159144
25 55 1.3929236508805527
25 895 0.17417026912813383
25 26 1.211670828112879
55 85 -0.07216523262063856
55 56 0.045400835954320116
895 865 0.06456661377481375
895 896 0.14313052304848323
26 56 0.276247770019225
26 896 -0.15901437411055078
26 27 0.21612439017297533
56 86 0.7790386420101972
56 57 0.6952519182609194
896 866 -1.5774482135780867
896 897 0.2787794292365004
27 57 -0.8765398123743873
27 897 0.021700861383479517
27 28 -1.0120177599481721
57 87 0.36014108653775573
57 58 1.9239044422368947
897 867 0.3430689130446621
897 898 -1.104950028277102
28 58 -0.144697218081932
28 898 0.27782799895227905
28 29 -0.6000807064299722
58 88 1.3084281398325015
58 59 0.6521700155759033
898 868 -0.8380922061097877
898 899 0.9554853611589917
29 59 -0.23880317817473948
29 899 -1.0251006452190137
59 89 0.915892225229777
59 60 -1.3352626846516698
899 869 0.1457512179183038
899 900 -0.2630530849216703
60 90 0.1322997640697107
900 870 1.1271585477806436
61 91 2.479211504573139
61 62 0.8441665338359556
61 90 -0.3557486350033232
62 92 0.3495369067622191
62 63 -0.9735270179439157
63 93 -1.3598528142524504
63 64 0.7831708872470547
64 94 -1.6695320523158321
64 65 -0.7311279816036542
65 95 1.8429801622936794
65 66 0.7115366491981414
66 96 -0.09542460353341507
66 67 0.48996157191598977
67 97 -0.5495528276833074
67 68 -0.9379865726223715
68 98 0.4998041766930772
68 69 -1.5710264992981868
69 99 -0.11495452251965414
69 70 2.948552068145664
70 100 -0.02120985543102273
70 71 0.6618280118095963
71 101 -0.6918906680047948
71 72 -1.0469383665497238
72 102 -0.12605592844331912
72 73 -1.795728605079436
73 103 0.7479797499460131
73 74 0.3490980633232205
74 104 -0.07570054205659917
74 75 -0.859515153972034
75 105 -0.3055304444704652
75 76 0.3281627199100102
76 106 1.8185880959592595
76 77 -0.7459352052095094
77 107 -0.7829379614170994
77 78 0.7915266127205625
78 108 -1.099691052660294
78 79 -0.9259429644756035
79 109 -0.41004453222730564
79 80 -0.781877780867861
80 110 0.42018885170774406
80 81 0.07741167020318905
81 111 -0.4609202512729513
81 82 -0.5472720210042453
82 112 -0.12436649707969817
82 83 0.45234117637635096
83 113 0.11761030338566937
83 84 0.32222858216562117
84 114 -1.3700934344240254
84 85 -0.39257176541912503
85 115 -0.4977828765148031
85 86 0.9882378190396894
86 116 -0.3018953893147429
86 87 -0.8191241315396259
87 117 2.4568332424182833
87 88 -1.1950432175887153
88 118 0.9056170579322846
88 89 -0.9181695610943409
89 119 0.6515176891684366
89 90 0.5347379116755243
90 120 0.004615048755958267
91 121 -0.027967743981660107
91 92 0.49566749152194534
91 120 -0.7045968953007796
92 122 -0.9467266039121373
92 93 -0.0242670200984165
93 123 -0.11493463441302895
93 94 0.2793078022977939
94 124 1.0749685792954513
94 95 -0.4921036702068818
95 125 -1.8343460464926946
95 96 -0.22492704933285607
96 126 -0.030868012196052168
96 97 -2.6085481927261402
97 127 0.3569871382819347
97 98 -0.43178478523359964
98 128 -0.16676996349266518
98 99 0.7092847718392298
99 129 -0.7689586808379413
99 100 0.7959240052058637
100 130 0.1923261491150076
100 101 0.9225265543638946
101 131 0.3300284950027052
101 102 0.03708237429694279
102 132 0.21064897587443682
102 103 1.478793899572746
103 133 0.014011629148299554
103 104 -0.7406998082948832
104 134 0.5727954388561628
104 105 -1.6728556937156673
105 135 -0.7063302497070927
105 106 -0.2991028063853792
106 136 -1.0748578353823408
106 107 0.43959893477871625
107 137 2.486476111887801
107 108 0.766902487593971
108 138 -0.7549242366162671
108 109 -0.030358466299317696
109 139 0.44003793914993816
109 110 1.0394531547639572
110 140 0.820909685744622
110 111 -0.6098855172721348
111 141 -0.5752837123562508
111 112 -0.8770577666461258
112 142 -2.0593178585457297
112 113 0.6560092843941422
113 143 0.5007745161244066
113 114 -1.2075946898676548
114 144 0.15044695577757247
114 115 -1.034883719219138
115 145 -1.749312755928954
115 116 0.10910484068091593
116 146 -0.5246938335306911
116 117 -0.6836625940287903
117 147 -1.7098858633894685
117 118 2.2854237105939
118 148 0.6139990836474336
118 119 1.2010451722146347
119 149 1.959888755407651
119 120 0.09762570276616772
120 150 -0.38208533853863486
121 151 -0.48160074024020477
121 122 0.2326008958345772
121 150 0.04552146526633357
122 152 -1.4304534556196882
122 123 2.3779007618085766
123 153 -1.1087650843157804
123 124 -2.197535256475547
124 154 0.037963285997998066
124 125 -0.6548348823344659
125 155 0.4983680227497865
125 126 -0.7086064257720736
126 156 1.1601505135672185
126 127 0.8260826174253066
127 157 0.8470353755468987
127 128 -0.5129383174438519
128 158 -1.132806643794103
128 129 0.7582971709878469
129 159 0.8154815236910566
129 130 0.41328346763239626
130 160 -0.926980042001502
130 131 -1.6812500296504682
131 161 0.5506423086516143
131 132 1.4759161939094672
132 162 -1.0657335462096342
132 133 -0.023428059287787177
133 163 -0.5757463750070616
133 134 -1.502892544212477
134 164 -0.4070756145696091
134 135 2.0469336683699977
135 165 0.5801330537707643
135 136 0.6820401401522992
136 166 -1.1758200412474447
136 137 0.9589142241595698
137 167 0.1072235719879571
137 138 0.19530968555219058
138 168 1.038554657705749
138 139 -0.39974451266867034
139 169 0.61353749420574
139 140 -0.05917557202884638
140 170 0.12652044056828768
140 141 -0.37192148011127973
141 171 -1.1976797563893409
141 142 -0.07909034626941293
142 172 0.5665366154103179
142 143 1.0738064930149622
143 173 0.5375237033559764
143 144 -1.1011530318248706
144 174 -0.5146837565122917
144 145 0.14811479088140608
145 175 -1.893009788600155
145 146 1.0949884202002225
146 176 -0.6532395850549424
146 147 0.7717849892902362
147 177 0.6314907410520455
147 148 -0.3460971150529347
148 178 -0.3416958771118755
148 149 0.1362230160431798
149 179 -2.1345087010995147
149 150 -1.2943266469580776
150 180 0.1792703775749468
151 181 -0.33406444378464345
151 152 -1.2402218805836283
151 180 -0.3285451817943591
152 182 -1.140660320644025
152 153 0.6571580030938875
153 183 0.35862505029707553
153 154 1.2736112247307063
154 184 0.7643968085713425
154 155 1.1409768148544044
155 185 -0.7942614189888992
155 156 -0.18365003349431266
156 186 0.5579242541173453
156 157 -0.3282768305050406
157 187 0.6351025950948489
157 158 0.04035621801214658
158 188 0.5896801795277616
158 159 1.281167168643637
159 189 0.1001039584752635
159 160 -0.7763042242501128
160 190 0.45767264076128134
160 161 -1.9151810856369567
161 191 -0.8375001296962667
161 162 -1.5116659166253823
162 192 -1.1779111174932366
162 163 -0.19745329342328322
163 193 -0.6824422524961671
163 164 -0.6179943995326711
164 194 1.1179962643449408
164 165 -1.6736750842953907
165 195 -0.7856568474245698
165 166 0.738475280669407
166 196 -0.08415030920227272
166 167 0.30939875655490945
167 197 -0.7909160362228908
167 168 1.277825060801149
168 198 0.483527467852913
168 169 1.1301656813830765
169 199 2.0030517769513603
169 170 0.3040938294099363
170 200 1.0314192349239557
170 171 0.7836426152947998
171 201 -0.09626781946832748
171 172 0.708967213046188
172 202 0.45594932822316014
172 173 0.493320350070773
173 203 -0.669938271735562
173 174 -0.36179221131892286
174 204 0.11120877617874568
174 175 -0.7001294565800456
175 205 -1.3463484270391048
175 176 -0.4700190476356149
176 206 -3.404021576730623
176 177 -0.376754066896368
177 207 -0.02126956212692206
177 178 -0.5465996825418068
178 208 -0.6677530144724697
178 179 0.8558268355019704
179 209 -0.1540026561282989
179 180 -1.2853849316837593
180 210 2.1865156525432505
181 211 -0.1584153317738198
181 182 -2.08140563201392
181 210 -0.3553853075166759
182 212 -0.2751199146781224
182 183 0.31584892300723005
183 213 0.42208734138455206
183 184 1.5112020542264246
184 214 1.6901331942917914
184 185 -0.15195544822956208
185 215 -0.023804156773078896
185 186 -0.1324142345853099
186 216 -0.7443543681568487
186 187 -0.3283878919700727
187 217 1.3168451253144682
187 188 -0.1288612293595173
188 218 -0.19509793929966748
188 189 0.6117280585321082
189 219 1.812011035334284
189 190 -1.2273552870465505
190 220 -0.5617983797658629
190 191 -1.9672032583983583
191 221 0.9576030861573306
191 192 -0.07652311880335597
192 222 -0.008445966103436345
192 193 0.8122296020826814
193 223 0.21601516079148655
193 194 -1.3095812893998215
194 224 0.09830817419319181
194 195 1.414463058336643
195 225 1.2369013002127562
195 196 0.5626465766061325
196 226 -0.5267198404687936
196 197 -0.1085807098794768
197 227 1.0727806330839167
197 198 -0.36137524537549515
198 228 0.5455684624419049
198 199 -0.9343950687255883
199 229 -0.74546210270703
199 200 -0.13365473184241983
200 230 -0.4728225518730478
200 201 -0.3586193856840281
201 231 0.6050309216931122
201 202 1.601635154765233
202 232 0.21938374462887233
202 203 0.27738523628367573
203 233 -0.9595759576794577
203 204 -0.0645241421913271
204 234 -0.5563411812529783
204 205 1.3022240547051636
205 235 0.26102749710929546
205 206 0.507880254959755
206 236 -0.22795183028787822
206 207 0.1707173564733327
207 237 1.596065914193433
207 208 1.2347685220573756
208 238 -1.4366727410480462
208 209 -1.7655308865856476
209 239 0.557641959551021
209 210 -1.034983425796706
210 240 -2.2309861266665925
211 241 1.196847255290763
211 212 -1.3902068176846383
211 240 0.24491439559889402
212 242 -1.233607575411721
212 213 -0.944190999692263
213 243 0.3511987773190074
213 214 -0.7027270507350849
214 244 0.7387853209554724
214 215 0.4569148415191744
215 245 0.2572204099495831
215 216 0.44265110032245064
216 246 0.023463599696166248
216 217 1.6968075920287595
217 247 0.8530263686492346
217 218 0.6687828811219385
218 248 -0.1995742081031248
218 219 1.1719128581271196
219 249 0.6212702593225973
219 220 -1.8321374044830583
220 250 -0.5187514066826974
220 221 -0.8272007151565491
221 251 0.7865665333618809
221 222 0.12611846234690338
222 252 -0.5699207755559434
222 223 -1.4993628750247803
223 253 -2.472325923808349
223 224 -2.1132390886200665
224 254 2.6133530118368036
224 225 -1.1833533506647003
225 255 0.7429270419629007
225 226 0.8161266475643052
226 256 -0.31349874270695605
226 227 -0.7087595545679511
227 257 -1.2056676584975616
227 228 -0.3921742364529023
228 258 0.10374564816514271
228 229 -0.45369835050645874
229 259 -0.2886995002204539
229 230 -0.7777085667415867
230 260 -0.4898048885729627
230 231 0.10977685090074278
231 261 -0.0868373012797035
231 232 -0.7229723171334271
232 262 -1.1714275220482144
232 233 -2.0685943831945663
233 263 0.21977600433284467
233 234 1.5177328644584995
234 264 -1.7756383061829104
234 235 0.2428981767016776
235 265 0.021187209030254228
235 236 -1.5031298507319788
236 266 0.5411897707414833
236 237 -0.08873528114926739
237 267 -0.0731986552630486
237 238 0.1976095215649429
238 268 -0.12374782238113322
238 239 0.4651195149642452
239 269 0.8504172240115163
239 240 -1.114492239216905
240 270 0.6397441985732344
241 271 -0.03967779251147431
241 242 1.6148874545276442
241 270 -0.9234895813683969
242 272 -0.10672936380438137
242 243 0.36385415580616376
243 273 0.8510894335862479
243 244 -0.1346793368237345
244 274 0.07778243044862584
244 245 0.6012715840202196
245 275 1.7275879196295716
245 246 1.2587068353288031
246 276 0.05594842667272293
246 247 0.9390672724168111
247 277 0.8767363137512626
247 248 -0.022647908116433926
248 278 0.14345291182684816
248 249 2.0709907418966633
249 279 -0.6396418624650546
249 250 0.3875667142053872
250 280 0.8578262793228867
250 251 -1.172273416451627
251 281 -0.2533295864705264
251 252 -0.4567460673660883
252 282 -0.46585086556008903
252 253 -1.087329838225234
253 283 0.3398511241007171
253 254 -0.7839510835697265
254 284 0.4488298482136336
254 255 1.104996333396389
255 285 0.18409042757389046
255 256 -0.46413691765786647
256 286 -0.6439331917048343
256 257 0.6981641480815737
257 287 -0.5118945702782207
257 258 0.21829530982227605
258 288 -0.34213984040836815
258 259 0.0695320110843387
259 289 -1.3769880580675073
259 260 0.07468932763954576
260 290 0.18156200981645224
260 261 -0.7515992912578151
261 291 2.206910955420126
261 262 -0.38199243599810834
262 292 -0.3590696037639347
262 263 -0.33441963389323365
263 293 1.1453871967256761
263 264 -0.8534396787950945
264 294 1.304914648154947
264 265 1.0726682706592716
265 295 0.8859362769972278
265 266 1.4820587217129564
266 296 -0.025616378788118777
266 267 -2.3134102428340233
267 297 -1.1030647196667585
267 268 0.040977860300985
268 298 -0.4508508682058078
268 269 0.48304537275611936
269 299 -0.21468802808905485
269 270 1.331070776739657
270 300 -0.6469590962368663
271 301 -0.6497910861793027
271 272 -0.9589610846427081
271 300 0.6007375632169248
272 302 0.49799321988488493
272 273 -0.8504096810516922
273 303 -0.7555941170489389
273 274 0.5784964867291417
274 304 0.23703815073235146
274 275 -1.3027192725331556
275 305 0.4694705038597802
275 276 0.29834014866605707
276 306 -0.6047887655246518
276 277 -0.031506084589617726
277 307 0.40366398179011664
277 278 -1.4723547039157552
278 308 -0.8930264722801406
278 279 1.169322400702185
279 309 1.7479341372068897
279 280 0.27837773588779885
280 310 -0.14611153093995707
280 281 -0.5249710728914112
281 311 0.17319101064377232
281 282 1.5513477878870328
282 312 0.40498787898991
282 283 0.2451414627272411
283 313 -0.6989787654923812
283 284 -1.4672783897725408
284 314 0.17488248475909327
284 285 0.8436306460491223
285 315 -1.036311777348039
285 286 -0.7245699245736072
286 316 0.7205100502911597
286 287 -1.0165097179241673
287 317 -0.6920677641877166
287 288 -3.0003357615198794
288 318 -0.4891745718423809
288 289 -0.47972242917868263
289 319 0.7369055543193695
289 290 0.2817717342116965
290 320 -1.467118703295511
290 291 1.0041682345248262
291 321 0.41086987629608285
291 292 0.2736859797140185
292 322 -0.5597804844921674
292 293 0.052549642582668164
293 323 0.05234549755692469
293 294 -1.0253334472709785
294 324 1.0401476476960612
294 295 -0.8610751888812214
295 325 0.7828782685467268
295 296 0.7927326528306267
296 326 0.3340918027936048
296 297 0.4787696896684164
297 327 -1.1047449528647497
297 298 0.6014945283967656
298 328 -0.8410719519839228
298 299 -0.40302043098249607
299 329 -0.6957618151835367
299 300 0.4558589765505477
300 330 -0.6612530358818087
301 331 0.48330419594310337
301 302 -0.5376450672147045
301 330 -0.9086336800463511
302 332 1.3946715632009414
302 303 1.0862980307717074
303 333 -0.951567970515019
303 304 -1.2436561113657947
304 334 -1.3467185211070958
304 305 -0.5505379697617797
305 335 0.7288023085969796
305 306 0.035950897232498454
306 336 -1.1114936912712572
306 307 -1.6189242297053088
307 337 -0.4689230782204357
307 308 -0.3709133869275385
308 338 0.4968479883424852
308 309 1.4706706303273658
309 339 -1.4396174248326867
309 310 -1.1658654796657315
310 340 0.4399000142674077
310 311 0.3472110018331408
311 341 1.4337529220035048
311 312 -0.1682114026140786
312 342 -0.7741495613406079
312 313 0.5994224361520708
313 343 -1.148997493682038
313 314 0.037134198139032897
314 344 -1.386683757766266
314 315 -0.05538338000799942
315 345 0.11436866644070917
315 316 -2.351698919934883
316 346 1.047278618594707
316 317 -2.0013930480054163
317 347 0.22668693606335463
317 318 -0.21824412171192142
318 348 -0.3764970843856236
318 319 -0.5945273030585142
319 349 -1.053490930056903
319 320 1.5073438786007927
320 350 0.979986577916776
320 321 0.4706621162978259
321 351 -0.25937483602623296
321 322 1.0176583933918082
322 352 -0.004294237675037871
322 323 1.271121499196945
323 353 -2.279166197149855
323 324 1.3469437581829269
324 354 -1.114831142269646
324 325 -0.7955094455353924
325 355 0.9829113135427497
325 326 -1.2358861907490932
326 356 1.5056081288869871
326 327 1.5949376326347515
327 357 0.2687393935676667
327 328 -1.892657572020825
328 358 0.16732214741687798
328 329 -0.5711326792127683
329 359 0.6873434825408543
329 330 -0.8266158007898518
330 360 -1.220163811063256
331 361 -0.05485195250746729
331 332 0.7853058170714656
331 360 0.4293150400926046
332 362 0.707385228339959
332 333 -1.0388789961713787
333 363 -0.752012395879775
333 334 0.060251919184947565
334 364 -0.1635882928677527
334 335 -1.2132002629656422
335 365 -0.42406214541446385
335 336 -0.13252336478088703
336 366 -0.5619942445197115
336 337 -0.017755025553127995
337 367 0.4795166887580484
337 338 -1.020547829390904
338 368 2.0307861194618746
338 339 -2.858030354385569
339 369 0.17920702475298345
339 340 -1.2334255041672526
340 370 -0.49006894001909634
340 341 1.527022407745832
341 371 -1.3461474489350969
341 342 1.9700344648149788
342 372 0.9309877521811971
342 343 -2.6505466981798
343 373 -0.47082794354974294
343 344 0.7294194992170547
344 374 0.801244184893245
344 345 1.3156652411490863
345 375 0.2554033721855673
345 346 0.19599675397564723
346 376 -0.264577873646825
346 347 0.17498927136466222
347 377 -0.09684261704053268
347 348 -1.6644874682060384
348 378 0.655352363337426
348 349 0.059643663863495885
349 379 -0.26819017537497264
349 350 0.22493185141720662
350 380 -0.2918906728447117
350 351 1.0176960881657644
351 381 -1.7039165324667966
351 352 1.4994342919945884
352 382 0.5564930541187271
352 353 -0.4000566950760692
353 383 1.1421157669371518
353 354 -1.0764984122546872
354 384 -0.15405459682447978
354 355 -1.1660328748403097
355 385 -0.20844865720891853
355 356 -0.41577374427086927
356 386 0.920267887279975
356 357 -0.42807174238330903
357 387 0.8435330261369438
357 358 0.10950746610501197
358 388 -0.690434554272244
358 359 0.9155342344303309
359 389 -0.7943813994438655
359 360 2.5447055808210925
360 390 1.4416632568239665
361 391 -2.65456305685961
361 362 -0.5002300117691983
361 390 -0.6452448744764278
362 392 0.32236862084678186
362 363 -0.7250990130545295
363 393 0.191863894468638
363 364 0.1876356302456373
364 394 0.13511494271916527
364 365 -1.380587353332784
365 395 -0.4871132211870056
365 366 0.29641451579219735
366 396 -0.5152890766670851
366 367 -0.11769542279878202
367 397 1.7576330111708605
367 368 0.1432643974055493
368 398 0.015405653598702027
368 369 0.5388444486664922
369 399 0.3952200134519504
369 370 -0.37522321800682396
370 400 -0.7772111243326714
370 371 -0.7088818492648034
371 401 -0.4737853664514823
371 372 1.0367972151366196
372 402 -0.12264085154818705
372 373 0.03842877321020582
373 403 -1.097817979866624
373 374 0.5964966324174026
374 404 0.6901796511256344
374 375 -0.5432118652474855
375 405 0.26253160306796397
375 376 -0.14519881412923571
376 406 -0.0018269903436156534
376 377 -1.0802212315329351
377 407 0.4883424480650665
377 378 -1.480682472397682
378 408 -1.3247883054459548
378 379 0.3385962231318417
379 409 1.321329557702986
379 380 -0.26780829448096644
380 410 1.0824950691809516
380 381 0.17485771063759295
381 411 0.4914325651560972
381 382 -0.3641144763114626
382 412 -0.028174557322033677
382 383 0.6750683579748469
383 413 -0.2709473479833002
383 384 -0.8949729387997181
384 414 -0.8506941759575108
384 385 0.15069894523116203
385 415 -0.21578254757469192
385 386 0.6926160588256843
386 416 1.770759160669726
386 387 -0.06395479699346979
387 417 -0.06273341928046104
387 388 0.4805103354196622
388 418 0.6420109554110611
388 389 0.3449505471337739
389 419 0.5732475525991902
389 390 0.8642865287164693
390 420 -1.519641281603621
391 421 1.4766904174806406
391 392 1.4380922005390622
391 420 0.004485811811455228
392 422 0.2461891387479626
392 393 0.8486469343641285
393 423 1.8709706752899586
393 394 -1.0151458149685053
394 424 0.7889819612614076
394 395 0.79133805155881
395 425 -0.9255899204223768
395 396 -0.5935342553243068
396 426 0.3784171346989816
396 397 -0.08935676821564906
397 427 -1.1113720325617324
397 398 -1.106695968669683
398 428 -0.47627334727141996
398 399 0.5331467668731212
399 429 0.6903808759630223
399 400 1.59943981453619
400 430 -1.2191275437850662
400 401 1.3071827781222647
401 431 0.06759900025149367
401 402 -0.8847731763567802
402 432 -0.6524555466803336
402 403 0.5046340509672133
403 433 0.004821743933164279
403 404 0.9022461878809208
404 434 -1.9442846551195965
404 405 2.5217059735209033
405 435 1.434772890774421
405 406 0.7396604301534948
406 436 0.13469949986004817
406 407 -0.22525354549396823
407 437 -1.1436679706549142
407 408 0.13871330155768904
408 438 -1.0430709816391324
408 409 2.2202112467719113
409 439 -1.8570460701012639
409 410 0.39820386129811447
410 440 1.5478687650928948
410 411 0.3377770410422035
411 441 -0.7764504282652144
411 412 0.741334387708936
412 442 -0.7768082074207426
412 413 -1.8427029190995712
413 443 -0.30697277012344776
413 414 -1.2055309133562053
414 444 -0.16002103559197786
414 415 2.682485258880259
415 445 -1.1039172818370766
415 416 1.3131407814658023
416 446 -0.944873333801773
416 417 0.1509447145172382
417 447 0.15618209940262662
417 418 0.23177348588897234
418 448 1.2130283786451157
418 419 -0.8079027235684442
419 449 1.0070491234301149
419 420 -1.4093572450012657
420 450 -0.45978145323899194
421 451 -1.5981730011676307
421 422 0.535850231174015
421 450 0.2171463180870038
422 452 0.06173325362026804
422 423 -1.8177907723822853
423 453 -0.6917334324262145
423 424 0.24738104671085065
424 454 -0.9409926940807584
424 425 -1.2816007622957866
425 455 -0.13609069838297697
425 426 0.5399180744161948
426 456 1.5308976667812053
426 427 -0.9091948160587716
427 457 0.37649426968256067
427 428 -0.4468746499455089
428 458 0.5311062825323355
428 429 -1.3811963291042522
429 459 -0.1592744515377345
429 430 0.5831480914170551
430 460 -0.9985044747736034
430 431 0.7759845346952672
431 461 0.901293028829363
431 432 2.1289797528354066
432 462 1.1858648658567452
432 433 -0.886836911614619
433 463 -2.153501275372341
433 434 0.6635297328951348
434 464 -0.09942899186548634
434 435 0.7208039599558554
435 465 -0.58621128609926
435 436 0.4437990866260793
436 466 -0.39074290671925077
436 437 0.09495619565365067
437 467 -0.21386628129228738
437 438 -1.5924415998928636
438 468 1.438524220629546
438 439 -0.7215289199414592
439 469 -1.2593451555698396
439 440 0.890300081637803
440 470 -1.2690175596458748
440 441 -0.6536905292785634
441 471 -0.07734098279717053
441 442 -0.8577431239842921
442 472 -0.13032311884889342
442 443 0.23819881338137935
443 473 -0.27536183353323407
443 444 1.1767881518892365
444 474 0.31932320210210013
444 445 1.3360928788408986
445 475 1.6226646120893604
445 446 0.08360881187289075
446 476 -0.03545503808793674
446 447 -0.35644384297358883
447 477 -0.12647132662292315
447 448 -0.49781320789623335
448 478 -0.6376889548587507
448 449 1.2857680427051421
449 479 0.15207656747229428
449 450 0.4264456663490601
450 480 -0.9734263435459549
451 481 0.07637273793732258
451 452 -0.07241441110460775
451 480 -0.5185320753168222
452 482 -0.10130466450379681
452 453 2.298248438276604
453 483 -0.4512630754321289
453 454 0.5537723207690383
454 484 0.6543442295601074
454 455 -1.5170535450608988
455 485 1.2032671461032558
455 456 1.0247631551824934
456 486 0.08838170021393063
456 457 -0.8584590024913787
457 487 0.33381147732655875
457 458 -0.13260763013365767
458 488 -0.3610294241694653
458 459 0.22264181935803626
459 489 -0.8635171493938921
459 460 0.8567953858111076
460 490 -1.4686306253111199
460 461 0.25935727281641763
461 491 0.8404108687373905
461 462 0.3120047184324598
462 492 -0.7842721986197603
462 463 0.0913064453033582
463 493 -0.6290455949977448
463 464 -0.1983544280981583
464 494 -0.8291884710397428
464 465 -0.4462781324097521
465 495 -1.184726096623576
465 466 0.7665717004980677
466 496 -0.6155026717391757
466 467 0.33386930485453165
467 497 0.1344375106611777
467 468 -0.9259976955161404
468 498 -0.7693485612989732
468 469 -0.5879731647197605
469 499 -0.19718270168186894
469 470 -1.4065976625198116
470 500 1.6385036977085063
470 471 0.21385512873508283
471 501 -0.7345260775592369
471 472 -0.4623223813349238
472 502 0.7744617811917351
472 473 -1.4499950549251734
473 503 0.02339424506762317
473 474 -0.8446110031486767
474 504 1.037633010461168
474 475 -0.3962201532830114
475 505 0.4246119433624217
475 476 -0.6575071363340969
476 506 -0.3047322628740875
476 477 -0.8133083371207601
477 507 -0.48590042003665224
477 478 0.8568946207622687
478 508 -1.3013131210613036
478 479 -0.6608212235894578
479 509 -0.6979063558201279
479 480 -0.7928408162011263
480 510 -1.2453425132172287
481 511 -0.025617570082683252
481 482 -1.215009331369941
481 510 1.5572621631070582
482 512 -0.9273673336430437
482 483 -1.4901972379453543
483 513 0.9427340713554194
483 484 -0.8659335394505632
484 514 0.9499516908149617
484 485 -0.07336380961251955
485 515 -0.823163629718017
485 486 0.212606400749111
486 516 -2.1606482727088006
486 487 1.4094017016036606
487 517 0.47214525914009137
487 488 -0.09106745587662911
488 518 0.7977599684874135
488 489 -0.3199777862357102
489 519 0.16401506233929472
489 490 1.7249133322731105
490 520 0.5682797784786859
490 491 0.2184492768344272
491 521 -0.4452460154408901
491 492 0.9110701300696715
492 522 -0.6192430857979067
492 493 2.7103626798228726
493 523 1.0810942145346658
493 494 -0.3569509346901451
494 524 -0.461462415654409
494 495 -0.29708380826773073
495 525 -0.7493083157711365
495 496 1.7324292222257667
496 526 0.625606995774668
496 497 2.090848520407753
497 527 1.1305365209396432
497 498 2.097134007729882
498 528 -0.4751339238685479
498 499 0.15849140973566841
499 529 0.3986339759338884
499 500 0.9803912650280219
500 530 -0.7111806511311283
500 501 1.465022678771393
501 531 1.184277159013164
501 502 -1.82800190008683
502 532 -0.11372065106736165
502 503 0.8783345756554889
503 533 -2.0087380645701516
503 504 1.5904316432887697
504 534 -0.7184540735956567
504 505 -1.1499968871368784
505 535 -0.4386578314785412
505 506 -1.562430463181445
506 536 0.2656572954551797
506 507 1.5329279300999312
507 537 0.7474367838141033
507 508 -0.9843394024322946
508 538 -1.3610436596810338
508 509 0.5449285204438397
509 539 0.2852079916090916
509 510 0.922196230315787
510 540 -1.1272199112855854
511 541 -0.4409069944690379
511 512 -0.06313720744675073
511 540 1.4122246587262817
512 542 0.46417743029479397
512 513 0.8396643755041107
513 543 -0.09229476621356644
513 514 -0.534656986053314
514 544 -0.9478591342170583
514 515 0.6998577840419403
515 545 0.7211761773237024
515 516 -1.4069843157335225
516 546 -0.5589562418352486
516 517 -0.7101577798761127
517 547 1.1773988663027293
517 518 0.6048897531179002
518 548 -0.07592161318984256
518 519 1.4503481879480826
519 549 0.5899640909813102
519 520 0.5267370706448373
520 550 -2.628791204997614
520 521 1.0153266099471308
521 551 -0.1443896304498501
521 522 -0.3569734604313169
522 552 0.059831660750832405
522 523 0.49290170735980937
523 553 -0.16044557963628261
523 524 1.6767983875762684
524 554 -0.4338926710217072
524 525 -0.3560023692761683
525 555 -1.5998684277624298
525 526 0.17591482072886952
526 556 -0.3008860836779681
526 527 0.41873120734141245
527 557 -0.3066657963138243
527 528 -0.5293641220107114
528 558 0.9115494370563104
528 529 -0.7338625558508253
529 559 0.3604899657283043
529 530 -0.04855897863069039
530 560 -0.02487660167476948
530 531 0.994212870716048
531 561 0.7522514381912209
531 532 0.37467028273092834
532 562 -0.6726068149938994
532 533 1.9066432765743249
533 563 1.8897210881774136
533 534 -0.8998225080082507
534 564 -0.8746131802109094
534 535 0.20708743020553777
535 565 0.9534529913312623
535 536 -2.228099297026829
536 566 0.5765649077148419
536 537 0.6715067413700506
537 567 1.5381966705573242
537 538 -0.12120805329601796
538 568 0.7422245330628505
538 539 -0.0031817865785864407
539 569 1.686121894731076
539 540 -1.4479534783263595
540 570 -0.15773342597981324
541 571 -0.49370590937519926
541 542 2.042432179330611
541 570 -0.3064229611101899
542 572 -0.376001819495786
542 543 -0.10810641823685421
543 573 -1.6526702134465396
543 544 0.8027363747403563
544 574 0.9535817128385408
544 545 0.7923947898314175
545 575 0.13328840006189951
545 546 -0.011723493854448389
546 576 -0.6873277378402775
546 547 0.26466009811791336
547 577 -1.0318159753049168
547 548 -1.7728677283563756
548 578 -0.11248447327855522
548 549 0.8643185105696284
549 579 0.8211585020731437
549 550 -0.04095418233018535
550 580 1.2290167337569902
550 551 0.7937521684076217
551 581 0.09763546732033886
551 552 -0.5555264927957781
552 582 0.4545917475238874
552 553 -0.33214067564455657
553 583 -0.6715984477910024
553 554 0.24194320925523277
554 584 -0.6662251448020419
554 555 -1.5102708883014604
555 585 -0.4433814233825064
555 556 -0.38721564282176685
556 586 -0.6172572113449712
556 557 1.957170081636888
557 587 -1.0017200465576008
557 558 -1.649593756055459
558 588 1.071543291337986
558 559 0.3813329143938195
559 589 -1.5482750594631087
559 560 0.42673056714744917
560 590 -1.375397157128204
560 561 -0.8610250990568141
561 591 2.192995227066535
561 562 3.075546867424598
562 592 -0.43392008205893384
562 563 2.510343927847099
563 593 2.600014651847898
563 564 0.26715704909702176
564 594 -0.6522257127454967
564 565 -0.7032215004467504
565 595 0.5690807016326014
565 566 0.4592837484858586
566 596 -0.5180605903557421
566 567 1.0899184701047495
567 597 0.9361510351285582
567 568 0.0467145326839432
568 598 -1.4403695234461509
568 569 -0.6769364620914907
569 599 0.3349501031903225
569 570 0.6173205320251314
570 600 1.1052147425724343
571 601 0.9825119693723761
571 572 0.11948599570469456
571 600 0.6188004635932726
572 602 -2.2814528025899987
572 573 -2.207269429594353
573 603 0.08568037076548767
573 574 0.09948122542100322
574 604 0.7242073319829478
574 575 -0.23957743899476952
575 605 -1.0458290433158506
575 576 -1.5347514222435947
576 606 -2.031861198549067
576 577 -0.6465949480205563
577 607 0.34645115225772566
577 578 -0.18560946427919925
578 608 1.1084757161124812
578 579 0.3429388634392484
579 609 -0.2474045370247115
579 580 0.33549092624689697
580 610 0.6338164943304906
580 581 0.03863396448413537
581 611 1.1069820324273874
581 582 0.6854028591758669
582 612 0.036115097861910535
582 583 0.41823965794792733
583 613 -1.238990726940364
583 584 0.36843603376725287
584 614 0.31606952181156583
584 585 -0.6957268672345814
585 615 0.39104205579327533
585 586 0.9963294383374361
586 616 0.36696437294425316
586 587 -1.023076577352915
587 617 3.146263619470661
587 588 0.6471438092874262
588 618 -0.4143736069007808
588 589 -1.6008788921960337
589 619 0.09722587415079126
589 590 1.190012826898782
590 620 0.248170861641
590 591 -1.0225110475838541
591 621 -1.7039946763616476
591 592 -1.946669993632922
592 622 -1.5140273294994475
592 593 0.28512554070410245
593 623 -0.33135985342713553
593 594 1.5920101002234328
594 624 1.5344569958965233
594 595 -2.2383866454262282
595 625 2.561927704697756
595 596 -0.12833408829798806
596 626 0.16441250269093732
596 597 0.36377751607976083
597 627 -0.25721483166495934
597 598 0.06024250421413413
598 628 -0.9619673904542403
598 599 -1.9712757593475
599 629 0.6077277838092989
599 600 -1.7404227368437903
600 630 1.6688937719981627
601 631 0.012459062959652703
601 602 -1.8590496891736308
601 630 0.541496332827709
602 632 -0.054438909546263806
602 603 -1.0185385941873906
603 633 0.06425256862737366
603 604 -0.34589644388859925
604 634 0.7425776087581553
604 605 0.012328665061869427
605 635 1.4926639392685725
605 606 0.891023412459265
606 636 0.5915985569789419
606 607 -0.6864839429112644
607 637 0.02757775436456503
607 608 0.4896257874987783
608 638 -0.9354712311659106
608 609 -0.06698369055780157
609 639 -0.15079985055699466
609 610 0.18797674856480176
610 640 0.49358124026073935
610 611 -0.045440013208492704
611 641 1.4529471015633824
611 612 -0.6578926968186556
612 642 -0.07504172643918598
612 613 -1.9749822527765364
613 643 -0.8276501846410249
613 614 -1.6556847439203524
614 644 1.307802014882959
614 615 -0.35088662251649005
615 645 0.9126320505917541
615 616 0.6961632660667489
616 646 -1.836188300367217
616 617 -0.04915574445780039
617 647 -0.41017203440953875
617 618 1.2504192658273878
618 648 0.907495939199891
618 619 -1.325766070556969
619 649 0.6545179874913792
619 620 -1.2013759624490192
620 650 1.288767467407027
620 621 -0.6724395554004121
621 651 -0.006836338258261565
621 622 1.8756995031594519
622 652 1.9636038562013804
622 623 -0.5794402978345798
623 653 -0.24203468158010652
623 624 -1.1641733254866
624 654 0.21154700451862452
624 625 0.17164793947925255
625 655 0.4833937978364926
625 626 0.16370695627051363
626 656 0.48564263930893775
626 627 -1.280130364561077
627 657 -0.3541208707626327
627 628 -0.10835302489946763
628 658 1.433323993952393
628 629 -0.574634680479519
629 659 -2.700631769800499
629 630 -1.735816516470892
630 660 2.91627466010026
631 661 -0.031073423948504427
631 632 0.44230001523379003
631 660 0.14625374326897678
632 662 0.8512967681255275
632 633 1.0299402522159122
633 663 -0.8129121080515387
633 634 -0.02190676616945378
634 664 2.0939334799604006
634 635 -0.271510236789188
635 665 0.6237320164541371
635 636 -0.3781395580962228
636 666 -0.29270593175226034
636 637 0.12089795988820679
637 667 1.113432065107409
637 638 1.0183005157426084
638 668 -0.1837033236867367
638 639 -0.07853268643818682
639 669 -1.2485294082362255
639 640 -0.5103692333594486
640 670 -0.49221699319163603
640 641 -0.8768587397671368
641 671 -0.10900162786808092
641 642 -0.10282901506334566
642 672 -0.5178771280244439
642 643 0.05628715626306045
643 673 -1.040049287388248
643 644 -0.20631346131002584
644 674 0.14349287726934423
644 645 0.3675981732680722
645 675 -0.35251727947951295
645 646 0.046928500523985645
646 676 0.4005869422282267
646 647 1.1851559120151072
647 677 -0.3511939394270527
647 648 0.5969038890639387
648 678 1.0931729424290368
648 649 1.0927586657049757
649 679 2.4340044315829337
649 650 0.9131920856364714
650 680 0.20297245879959447
650 651 -1.6681432494731703
651 681 -0.3456241026731796
651 652 -1.4691754525018237
652 682 0.04830859271758127
652 653 -0.20324988516375075
653 683 -1.258910033435297
653 654 0.8515998022710439
654 684 -1.2296677981807977
654 655 -1.6918453584843796
655 685 -0.0014806144710676574
655 656 -0.5675941934971621
656 686 -0.1670543580362718
656 657 0.3490775102573586
657 687 1.1937958285202321
657 658 0.3354189694640065
658 688 0.6249927056125825
658 659 -0.5121771578217363
659 689 1.7389070133783553
659 660 1.4193528203195565
660 690 0.4413022105755343
661 691 -1.6642444858693144
661 662 1.3076545617675037
661 690 0.9969768712069574
662 692 -0.05726627727275777
662 663 1.1275849704869312
663 693 2.9788739975948575
663 664 -0.5215231214449645
664 694 -1.4351708298222376
664 665 1.7071666129925598
665 695 0.8963181243353759
665 666 -1.5063408681713948
666 696 -0.08459745908566876
666 667 1.7121763616991141
667 697 -0.00948054576063659
667 668 -0.39190197077806
668 698 -0.8090537603498972
668 669 -1.4911350216275516
669 699 -0.412189173308217
669 670 -0.23603844854478273
670 700 -0.008545896583294592
670 671 -0.7610345558781749
671 701 0.41317539748720156
671 672 1.4852023926920055
672 702 -1.5159831246787145
672 673 0.41310185638705615
673 703 0.13084489477006372
673 674 -0.09229846931549264
674 704 0.6358915109079648
674 675 0.10667066459046923
675 705 -0.09114084542894342
675 676 1.5873681250467828
676 706 0.9104623080789541
676 677 -0.20512283826355598
677 707 -0.08325219631876707
677 678 0.7398471348615047
678 708 -0.400066233616793
678 679 0.3379152866301347
679 709 1.5500669618826477
679 680 -1.126725524688583
680 710 -1.4460762888467176
680 681 -0.9026965539175807
681 711 0.11327546435622263
681 682 0.020775058369405335
682 712 0.467062962315651
682 683 -0.31975722720278427
683 713 0.8365311775286777
683 684 2.1321870959182916
684 714 0.7133201726997203
684 685 1.8407682647111245
685 715 -0.09219990033099142
685 686 -0.35102190737615396
686 716 -1.4830904871791646
686 687 -1.6113618023324072
687 717 0.860684045586286
687 688 0.0640086196375418
688 718 1.955816371902312
688 689 0.7574559913476246
689 719 1.0833775573358393
689 690 -0.4293443632318445
690 720 -0.08621547489631919
691 721 0.5256137087563281
691 692 -1.2175001447051812
691 720 0.8277145147376348
692 722 -0.9397993281922931
692 693 1.1259160116494822
693 723 -0.8861051513926288
693 694 -0.7122564677863361
694 724 1.2538672858286568
694 695 0.08914847570462858
695 725 -0.6608579930575363
695 696 -0.08023804868623934
696 726 -1.1130910068758182
696 697 -0.7567480882794226
697 727 1.7439337268812112
697 698 -1.4076558763017006
698 728 1.5029175939626434
698 699 1.3307830384253176
699 729 -1.239759174067489
699 700 -1.195737076880416
700 730 -1.5617244152481475
700 701 1.1095630593853425
701 731 2.431589638354131
701 702 -1.0836384104918093
702 732 0.362006859367758
702 703 0.3674179180932154
703 733 -1.4676656289974566
703 704 0.1805687769202637
704 734 0.7369296328407922
704 705 -1.161240365862475
705 735 -0.46938135043879076
705 706 0.15349012339134788
706 736 2.5738584594382172
706 707 0.3388966372748431
707 737 1.0424241742116271
707 708 0.5199068306124098
708 738 -1.271662982891076
708 709 0.5527102827557036
709 739 0.23437964934974762
709 710 0.14178055397453498
710 740 -0.33872725893913125
710 711 0.5092580029524562
711 741 0.5386863797982496
711 712 -0.3358984510844352
712 742 -1.4652431498081733
712 713 -1.0249281248435986
713 743 1.0024235345059345
713 714 -0.7469967461921057
714 744 0.4757794125365636
714 715 -0.23449587078548983
715 745 0.9345459114256784
715 716 -1.2835591473340084
716 746 -1.783759770378753
716 717 1.0308143151290659
717 747 -0.03750445025601008
717 718 0.02967377020131171
718 748 1.0657002657174761
718 719 -1.1680692495541438
719 749 -0.4676958544522425
719 720 0.020410512452429575
720 750 -1.1146666956534297
721 751 -0.3118619313890852
721 722 0.08740944640342874
721 750 0.10745173057111544
722 752 -0.62519699705535
722 723 1.7725772599041427
723 753 0.31795507467932155
723 724 0.8907660951360313
724 754 1.452180115462425
724 725 1.1914851201227539
725 755 -0.6638719879062356
725 726 -0.18444820489274247
726 756 0.7040957132234524
726 727 -0.13991963934343118
727 757 -0.027334898183712434
727 728 -2.339891349068635
728 758 -1.4047612324649246
728 729 0.9124445025645241
729 759 0.2114914631289716
729 730 0.05634007285353146
730 760 1.1378206917761702
730 731 0.5884974722078767
731 761 -0.9546760116449471
731 732 0.6877028794649428
732 762 -1.8379185923237484
732 733 0.6537939792497146
733 763 0.7005591995221763
733 734 -0.10175628478156509
734 764 -0.043196781407396405
734 735 1.2057661015277554
735 765 -0.0981704991876192
735 736 1.1460842985714759
736 766 -0.7452735348405902
736 737 0.01735924721002543
737 767 1.1298125509980685
737 738 -0.2933734391555304
738 768 1.280660966182139
738 739 -0.5738558132636452
739 769 0.010302733014143474
739 740 -0.5384347789476281
740 770 -1.1270424802289343
740 741 0.19298369609534705
741 771 1.6819537175436021
741 742 0.6502194134131576
742 772 0.6815728661789008
742 743 1.223858615855476
743 773 -1.8589139542183037
743 744 -0.4079734982454906
744 774 -0.12768523507664473
744 745 -0.5044048422904154
745 775 1.5175400960563763
745 746 1.3469260117011044
746 776 0.43450834702435503
746 747 1.7190860669427088
747 777 -0.8088199590927306
747 748 -1.111555823810876
748 778 -0.8782929822981035
748 749 -0.29719012067740125
749 779 0.2913895213453277
749 750 -0.26915173920619556
750 780 -0.21263306504325802
751 781 0.9746918128576413
751 752 1.1361950100724847
751 780 0.3733510551955012
752 782 -0.7078237762568586
752 753 -0.5599851007382415
753 783 0.624434998781967
753 754 -0.31910589683444945
754 784 -1.1413589461978364
754 755 -1.1492413411709637
755 785 0.23903070439379492
755 756 0.126867602157164
756 786 0.06551985824001073
756 757 0.01865426094226885
757 787 1.214971754740668
757 758 -0.7976887675640164
758 788 -0.5321768041872078
758 759 -1.0739093461722544
759 789 -0.576223395446074
759 760 -1.8192608056066282
760 790 -1.583553655604133
760 761 -0.393683716099041
761 791 0.49208157464925006
761 762 -0.3852935016908472
762 792 2.2810416160250164
762 763 0.4861550381066199
763 793 -0.5744700782099511
763 764 -0.4117542063763987
764 794 -1.7043316468027778
764 765 1.6723520374885084
765 795 -0.5565813580142841
765 766 0.008840288212682615
766 796 -0.6299054773990015
766 767 0.18654142486999586
767 797 0.07702000571903993
767 768 -0.07342740640591813
768 798 0.6386189877454261
768 769 1.1213144686922836
769 799 0.17672291633990145
769 770 1.2829209759412477
770 800 1.1855976498360048
770 771 2.09634840023098
771 801 0.11682301024782563
771 772 -0.6984022137083544
772 802 -0.5441504210570556
772 773 -0.060493867564127744
773 803 -1.0950764623125608
773 774 -0.6226149683484552
774 804 -0.10979727234706337
774 775 0.15646418673499876
775 805 0.3916542585488153
775 776 -1.2437000342342217
776 806 -1.1834864008943216
776 777 -0.06879441088930623
777 807 0.6290281149615033
777 778 -0.6434066198326577
778 808 -1.3115241316381174
778 779 1.1593045765217744
779 809 0.9130918893914207
779 780 -0.029597144571432237
780 810 -0.34246375333226753
781 811 0.3219205247499925
781 782 1.1187657759615377
781 810 -0.3366408626347396
782 812 0.2756383807323259
782 783 2.0605082921744833
783 813 -0.04864283194628395
783 784 -0.870249077291846
784 814 -0.2935273789552606
784 785 -0.20869361962733152
785 815 -2.103754636674136
785 786 -0.7160263475233132
786 816 1.0085216768197796
786 787 -1.078010624249862
787 817 -1.0764750755778607
787 788 0.051387161103230654
788 818 -0.5973639013400991
788 789 -1.0991524076250154
789 819 -0.7003037350857579
789 790 1.5581307297336808
790 820 1.663833625889119
790 791 1.019086866511128
791 821 -1.8857936800551545
791 792 -0.1130924713231642
792 822 -1.9939967424775236
792 793 0.81811314552117
793 823 -1.016772964220575
793 794 0.9772260490135556
794 824 1.361859351957779
794 795 1.4566291996262242
795 825 -1.2059059706422466
795 796 0.2060408039786635
796 826 -0.7401296650075547
796 797 -1.1327146903861631
797 827 0.8274980387210477
797 798 0.8287617234355852
798 828 1.1784321547422634
798 799 0.056757199425425627
799 829 -0.18587359482072396
799 800 0.4861435675718992
800 830 1.4866995591273606
800 801 -1.2737018684648904
801 831 2.011337622241075
801 802 0.8880189501032181
802 832 2.0468138265616926
802 803 -0.5310944588177978
803 833 0.0669097258824181
803 804 -2.3418891909841784
804 834 -1.0299363271575044
804 805 -0.7355742094507363
805 835 0.6765026978241803
805 806 -0.1356103225698912
806 836 -0.5990313849221419
806 807 -0.04753184674286523
807 837 -0.8336014219938185
807 808 -1.4267453765642086
808 838 1.0234404522750777
808 809 -0.3185382516739731
809 839 -1.3037089892725178
809 810 -0.33267021368829264
810 840 0.301570451370169
811 841 -1.1005977581097481
811 812 1.7719990558319676
811 840 1.356755819516301
812 842 0.8394781413378009
812 813 0.9238094201483033
813 843 0.28840704781836973
813 814 -0.4833757646783928
814 844 -0.11816727811795642
814 815 1.2530023394726415
815 845 1.2469248978318996
815 816 -2.624692124068611
816 846 0.030214950922621914
816 817 1.575950527576014
817 847 -1.4686415687820857
817 818 1.7738876882003967
818 848 -1.1032516890226423
818 819 1.397325912002625
819 849 0.07371961425745582
819 820 -0.657971921307742
820 850 -1.3524935683782222
820 821 -0.20697890360262297
821 851 1.5835427187942035
821 822 -0.30563089747659716
822 852 0.1402641037716527
822 823 0.4529867776329445
823 853 -1.0696418579444074
823 824 -0.921319045565383
824 854 1.193423818299836
824 825 -0.6104340736727696
825 855 1.541065994762104
825 826 -1.0682009610120933
826 856 -1.0382350627887715
826 827 1.0347275466268495
827 857 0.7190749998714653
827 828 0.3147263999807123
828 858 0.7764524888412032
828 829 1.0447600858401558
829 859 1.9442658876097358
829 830 0.7059946087801098
830 860 1.5338460183726401
830 831 -1.522563194441753
831 861 0.804805936708415
831 832 0.02649861931023617
832 862 1.9855773326054946
832 833 0.39382509945608946
833 863 0.1741284076632185
833 834 -0.5702750042439281
834 864 1.3474840148063092
834 835 -0.39193313028026905
835 865 0.04243441274891613
835 836 1.2193563716437639
836 866 -1.0760309469238691
836 837 1.0284826773674984
837 867 -0.4782611958846653
837 838 1.5113979483362476
838 868 -1.043135369646534
838 839 -1.5430907462416528
839 869 0.3954073994561425
839 840 -0.9187880516480225
840 870 -0.1764705552957872
841 842 -0.26234481946202065
841 870 -1.1849777602568665
842 843 0.4962680457341948
843 844 0.5628222886824951
844 845 0.6034420620819517
845 846 -0.43494227441982225
846 847 0.6244244170056862
847 848 0.30373200927467064
848 849 0.0072906319165511645
849 850 -0.9110564445449875
850 851 -0.286583272023068
851 852 1.4444896282040907
852 853 -0.4361350886235833
853 854 -1.3044571459770438
854 855 -1.7221710578512128
855 856 0.825490238817488
856 857 -1.004256753783039
857 858 -0.9998099535861809
858 859 -0.033487704494448566
859 860 -0.27507777749733553
860 861 0.12519373555055874
861 862 0.5898316996927037
862 863 -0.6251875515120319
863 864 0.5846775310821051
864 865 1.3609794310552266
865 866 -1.9890338101530187
866 867 0.7421675493965477
867 868 0.3641097328576139
868 869 0.01519687205894917
869 870 0.19929931632386444
