900 1800
1 31 -1.406166190366521
1 871 -0.45679401269989245
1 2 1.8145642051180049
1 30 1.211256605885787
31 61 0.5013656115536139
31 32 -0.19215495365066376
31 60 1.1320108524564796
871 841 0.7418025196056232
871 872 2.021575799421345
871 900 0.20609285761724902
2 32 -2.0702658125503
2 872 -1.1710076762257124
2 3 0.8542888407071032
30 29 -0.39671598243556216
30 60 2.600255182432021
30 900 0.13171402265110646
32 62 -0.8803223722143363
32 33 -0.03973574665982405
872 842 0.16868578590180583
872 873 -2.1096771881214007
3 33 0.43267364560940935
3 873 -1.4541151992353976
3 4 -0.9442246750178466
33 63 0.2999158106290205
33 34 2.396004308347926
873 843 1.1073517160358994
873 874 -0.0851789894938462
4 34 -0.16854703675789035
4 874 -0.9544124530118163
4 5 -1.5296674366088823
34 64 0.972678788653064
34 35 -0.29989894996728744
874 844 -0.19830788178257897
874 875 -0.22770490023056078
5 35 -1.790438329641374
5 875 -0.03133094278199226
5 6 1.0238181240333135
35 65 0.7921966260891675
35 36 2.3738787748121664
875 845 -1.1905113727453072
875 876 -0.6877426858638847
6 36 0.1105029845723374
6 876 -0.5750344809971006
6 7 -0.19079159056328118
36 66 -0.0650164378973816
36 37 1.1765195210722372
876 846 -1.3905988691269215
876 877 -0.35817524290052005
7 37 1.224427263851132
7 877 0.693674044802802
7 8 1.1371397074361045
37 67 1.2829606372371127
37 38 -0.26347957332066435
877 847 0.2764688061558595
877 878 -1.567943223342472
8 38 -0.5968248232849125
8 878 0.907283919089752
8 9 -0.7660231630381462
38 68 -1.9284763492587744
38 39 -1.7386002107834837
878 848 0.6020398943039985
878 879 0.21298422813448878
9 39 0.26360825965912915
9 879 1.1326995863352411
9 10 0.9730943547427418
39 69 2.0150125804121872
39 40 0.3892906981420164
879 849 0.5903339429489276
879 880 0.7945110537928656
10 40 0.19343819563193926
10 880 0.43938552851043094
10 11 -0.04831252030599843
40 70 -2.71761811447444
40 41 0.5294749512238445
880 850 0.5967705261360161
880 881 0.49769566757550265
11 41 -0.5256175337404955
11 881 -0.13289303130384883
11 12 -1.1877361851916075
41 71 -2.880310560535256
41 42 -0.9773472250769424
881 851 0.09180451600086272
881 882 0.6675841534579428
12 42 1.617337067584911
12 882 0.5179005810827209
12 13 0.6484065627442958
42 72 0.4582894974657547
42 43 -0.913044257187493
882 852 -0.744081228131279
882 883 -0.7873770659810836
13 43 1.1008665623117055
13 883 -0.352349140425018
13 14 -1.1884655204771135
43 73 -0.39873445801302126
43 44 0.7517521192006901
883 853 0.39153336819028256
883 884 0.4292181225891228
14 44 -1.141754746480613
14 884 1.0339458618686888
14 15 -0.9549533512861595
44 74 0.8330660060677144
44 45 0.9721003855899549
884 854 0.6168668675228278
884 885 -2.225812095304187
15 45 -1.7034489909104489
15 885 -1.229803472507187
15 16 0.4407963017431376
45 75 -0.5861574449939648
45 46 -0.14831026718539472
885 855 0.8113618622331982
885 886 -0.9882152816324802
16 46 1.6808678965485424
16 886 -1.0132493176921316
16 17 0.10180955481259234
46 76 0.27690069935977957
46 47 -0.0944672053708762
886 856 1.2937960644488735
886 887 -0.38911034219696317
17 47 -0.06728000546946505
17 887 0.18010121408085206
17 18 1.6380439857952955
47 77 0.5895611297631302
47 48 -0.01921857838081425
887 857 -0.39878703911978797
887 888 -0.4927603237033359
18 48 -1.6280140184715859
18 888 -0.2906523460133251
18 19 -0.4714521920453544
48 78 -0.9199697790052518
48 49 -1.4141489458448062
888 858 -0.535026126399
888 889 -0.11528910247241886
19 49 -0.567776196145886
19 889 1.875631454891733
19 20 -0.2213165673514829
49 79 0.0076422160375989685
49 50 -1.2974826340790093
889 859 -1.3515895315662068
889 890 -0.2804956769669086
20 50 -0.22381819994081936
20 890 -0.3648271392276175
20 21 -0.8094425985482075
50 80 0.4967776059978802
50 51 0.9083657291879348
890 860 0.20012070972653845
890 891 1.2401426686761892
21 51 -0.42029961805402427
21 891 -0.16431597228220055
21 22 -0.7160403957534319
51 81 -1.9153230255223146
51 52 -1.7730059035224346
891 861 0.9601835168202144
891 892 0.5578749495570653
22 52 -1.560564210408747
22 892 -0.8967651802338944
22 23 0.3988080131231165
52 82 -2.0307720959859528
52 53 -0.04827522712754684
892 862 0.387146954469446
892 893 -0.948531291001247
23 53 -0.48104956339636684
23 893 -0.7721978949400821
23 24 0.7606044114405021
53 83 -0.31392952669129337
53 54 -0.4733643021384295
893 863 -1.0511184335478734
893 894 0.5647876618028717
24 54 -0.4526008477859229
24 894 0.38914770569279405
24 25 -1.1665889151676443
54 84 0.4503509345802084
54 55 -0.7284333019827905
894 864 1.0322478674883226
894 895 1.3797757978298455
25 55 0.36231603254453587
25 895 1.0385860762705645
25 26 -0.5363173235128607
55 85 -1.5088928896667302
55 56 1.3424226228048257
895 865 -0.8422167809480989
895 896 -1.1989859735442805
26 56 1.0629819618672636
26 896 0.420428396765833
26 27 -0.7420606263119776
56 86 0.3506106132536105
56 57 0.6997733128728476
896 866 0.3667311529001208
896 897 -0.21615338452747448
27 57 0.953693351178107
27 897 0.7617539238790818
27 28 0.530463557742128
57 87 -0.3047520112129278
57 58 -0.5979641739174544
897 867 0.6567508108246007
897 898 -0.8809483806073032
28 58 1.0625153464258204
28 898 -0.3344819313822954
28 29 1.7830454173848929
58 88 0.5182459947406268
58 59 1.409924699944962
898 868 0.6733091253409371
898 899 -2.43060202577847
29 59 1.0108083533656862
29 899 0.17214166565797295
59 89 -0.4143290244389651
59 60 0.8511936066469323
899 869 -2.1581447044232442
899 900 0.11895297227025636
60 90 -0.3329635425502753
900 870 -0.22890863513812457
61 91 -0.6282119902784495
61 62 0.9721922778462346
61 90 -0.15754970173198724
62 92 1.192116955750184
62 63 0.2150585577367048
63 93 -0.2598869802049683
63 64 0.40357818182873434
64 94 -0.3424746444180691
64 65 0.260990643413624
65 95 0.588483188250645
65 66 0.9619150222274799
66 96 -0.4140985821320826
66 67 -0.3578234702776902
67 97 0.9602311668089335
67 68 -0.041378435892564465
68 98 1.263784187110496
68 69 -1.631435257267378
69 99 1.392468477126603
69 70 -1.0891413278558633
70 100 0.4497826031214631
70 71 -1.5705867606287056
71 101 1.2353783785676822
71 72 0.7426884587718806
72 102 -0.9898627671133364
72 73 0.7302363956932298
73 103 1.657562558806746
73 74 -0.4998011314311702
74 104 -1.1425931964745137
74 75 -0.07433930211649092
75 105 0.53550054568094
75 76 0.9192859180278069
76 106 1.117941002750077
76 77 -1.6578122353153018
77 107 0.4529475933083765
77 78 2.096672138239007
78 108 0.040806775064940105
78 79 -1.0020801726694142
79 109 -0.3891429183238433
79 80 0.5038914488627025
80 110 1.7412470936651303
80 81 0.719947220312829
81 111 1.2027551364432334
81 82 -0.32866673082598796
82 112 1.405363258110866
82 83 -2.2693460128368117
83 113 0.09806301436374565
83 84 -1.4744683551074107
84 114 0.3411326353155155
84 85 0.4738528024366877
85 115 -1.5117069112307884
85 86 0.13692305391518653
86 116 -0.22907557155752525
86 87 2.3967775858981963
87 117 1.341521652163719
87 88 0.07995736733889021
88 118 -0.04345571511973572
88 89 1.8988895019017564
89 119 -0.3085858745312746
89 90 -0.3567241989205343
90 120 -1.6339368205452658
91 121 -0.6301915058529632
91 92 -0.9648179302995842
91 120 -1.2199955178168367
92 122 -0.42850915969701947
92 93 -1.572646061256259
93 123 -1.2273598127912582
93 94 0.8841512564761653
94 124 -0.13560880015866394
94 95 1.1084201422346034
95 125 2.4464045697452783
95 96 0.5864829445529873
96 126 0.2272033457965825
96 97 -1.122891324784555
97 127 0.9662442964853708
97 98 -1.2527603680286095
98 128 -1.4977601460746242
98 99 -0.6806126847947952
99 129 -1.938683021348336
99 100 -0.35693295108919204
100 130 -0.992155125616883
100 101 -0.3391188469662961
101 131 -0.050271389875044946
101 102 -0.3604781716024793
102 132 -1.1583234927176624
102 103 -1.6535890419312498
103 133 -0.5890101389663044
103 104 -0.4510576700680553
104 134 0.3125012441330357
104 105 -0.7617763912468263
105 135 -0.1103490509958144
105 106 -0.7387908579697375
106 136 1.6547730656539845
106 107 -0.5012865951736821
107 137 0.14377922212122518
107 108 -0.8592621464621123
108 138 2.2264826998340905
108 109 0.8239151037144206
109 139 0.5163129835025274
109 110 2.4382137134794717
110 140 0.08727673477009545
110 111 -0.4096673692932394
111 141 -0.10527284936518912
111 112 -0.06344280534912956
112 142 1.4047053121770456
112 113 -0.18049170285499713
113 143 0.26219432576042057
113 114 1.1694763641475774
114 144 0.25718921001837947
114 115 -1.0263271635759577
115 145 0.21688708316141447
115 116 -0.17358436902593066
116 146 1.284295049323131
116 117 0.5685760966228418
117 147 -0.3410349971858602
117 118 1.4576109146343879
118 148 -1.541874170295596
118 119 -1.4307466765759211
119 149 -0.29212306235395047
119 120 0.044685695827003095
120 150 -1.6509066587023864
121 151 -0.11709884892561338
121 122 2.8690899350857686
121 150 -0.6832005300125374
122 152 -0.019475530995384786
122 123 -0.6071855434491756
123 153 0.033385472266615146
123 124 -0.5941551442468377
124 154 -0.5243549084505076
124 125 0.42871139594266344
125 155 -1.1746824352696923
125 126 -0.4121540912027099
126 156 0.485004044594967
126 127 0.37488545088568054
127 157 0.7415282676699098
127 128 0.3563117836584795
128 158 -0.7067856452875682
128 129 -1.598849873378285
129 159 0.5605440214725942
129 130 -0.8381694717044644
130 160 -0.06183476279630067
130 131 2.6122106077852276
131 161 2.2773823966630014
131 132 -0.3867427746589976
132 162 1.0896538536266902
132 133 -0.720851573120284
133 163 -2.059797086695911
133 134 -2.263506133248697
134 164 1.5537960030253746
134 135 -0.1639360928107538
135 165 -0.2092433182084863
135 136 1.2423792939842206
136 166 0.545242342480012
136 137 1.1076876666752409
137 167 1.0658675564761853
137 138 1.1293636950150443
138 168 -0.8057971363518396
138 139 1.5507250110179234
139 169 0.670906975151779
139 140 0.8655226852729514
140 170 1.5687834266252858
140 141 -0.12007604081305001
141 171 -0.3415085070895095
141 142 -1.1196386930126396
142 172 0.12848643428288187
142 143 -1.45637193039415
143 173 -0.17447070275041263
143 144 -0.6683253666289666
144 174 0.5019769387026165
144 145 1.6028435011567292
145 175 0.3880342928108683
145 146 -0.5175449575565139
146 176 -0.9254230770880192
146 147 1.8038447613680435
147 177 0.8711090432622832
147 148 0.7991838642400242
148 178 0.3464858432064229
148 149 -0.34373948599445614
149 179 0.3357435646122715
149 150 1.716707931650811
150 180 -0.06540713309149553
151 181 -0.9348589159284653
151 152 -0.6444114174636716
151 180 0.5981105042072933
152 182 1.0929832862267497
152 153 0.18190657917348335
153 183 -0.4823113039239459
153 154 -1.9869500694386033
154 184 -1.9469472739729914
154 155 -1.3146820538965207
155 185 0.494240030756074
155 156 -0.021636354686564295
156 186 -0.40810653387369855
156 157 0.024154623859752887
157 187 -0.1681800115923442
157 158 -0.031004959295772953
158 188 1.4829920136616992
158 159 -0.3247992514177985
159 189 -1.5087736717809461
159 160 -0.9777738695142566
160 190 -1.4368145084244484
160 161 -0.420752036633496
161 191 0.9407309023611267
161 162 -0.3030149094894232
162 192 1.1985099245901454
162 163 -0.387573813715346
163 193 0.3729233194852391
163 164 -1.8722235071811517
164 194 1.8943960213254254
164 165 -0.2527922002944624
165 195 0.1242128156325554
165 166 0.46504263078177654
166 196 -0.1553936048587732
166 167 -0.019399997345468024
167 197 -0.05849504959904427
167 168 -0.9905451526901706
168 198 -1.3177648048730015
168 169 -0.395719690732474
169 199 1.2802487811487266
169 170 -1.6585105163533709
170 200 -0.2225023944256075
170 171 -0.9103924105735908
171 201 0.5297846162657153
171 172 -0.6890315210404269
172 202 2.1264046484695895
172 173 0.4120138030531675
173 203 0.15242378266594866
173 174 -0.38910041969582587
174 204 0.6648936769260959
174 175 1.1657473228460618
175 205 0.4436948396583373
175 176 -0.19114024290902015
176 206 -0.8377464729736916
176 177 -0.7616982801075535
177 207 0.57679020476571
177 178 -0.8879053935267663
178 208 -3.1055171690317906
178 179 0.9359706651810145
179 209 1.5342135314929737
179 180 0.5233724644646387
180 210 1.832589998427666
181 211 -0.7334125838538542
181 182 1.106523014152819
181 210 0.97674218860415
182 212 -0.2722311723690973
182 183 -0.959707539377531
183 213 0.7464146699580821
183 184 0.8769220061787895
184 214 -1.1433533606448847
184 185 0.7274035540373766
185 215 -0.09040853184778123
185 186 0.32379750353844877
186 216 -2.15415271167684
186 187 -1.2710027247631877
187 217 -2.189184595914297
187 188 0.4922058343384731
188 218 0.07942561201670306
188 189 0.8493937470497249
189 219 0.653493157775494
189 190 0.5688921563476232
190 220 0.827165464354552
190 191 0.29817347600801347
191 221 -1.4757294625920712
191 192 0.11365390624883182
192 222 0.07767186850585871
192 193 -0.8405642671526449
193 223 0.3036554500581777
193 194 0.511309265849556
194 224 -0.7444252598007454
194 195 0.09671614270970506
195 225 -0.04600272770109317
195 196 0.605199572036376
196 226 -0.8194903003194246
196 197 -0.018411367337394586
197 227 0.08228052133720135
197 198 -2.181832638534072
198 228 1.74842887204422
198 199 0.5096626756474215
199 229 0.41314464716965915
199 200 1.314574809967842
200 230 0.5904749683757965
200 201 0.08704016485930242
201 231 -0.11631981356679262
201 202 -0.26257489829521924
202 232 2.085926186296921
202 203 -0.3692522521184658
203 233 0.32291790747750787
203 204 0.4499651981528427
204 234 -0.6640918005043703
204 205 0.4799802720177659
205 235 0.4174188768923311
205 206 -0.6858173434189501
206 236 -0.5241795834099517
206 207 -0.19557513616399344
207 237 0.07049354826424122
207 208 -0.490832402985048
208 238 -0.3013858118709375
208 209 -0.6068301284260159
209 239 1.2486717233271423
209 210 -0.1643417671315432
210 240 -0.957899432477799
211 241 1.749100722078317
211 212 0.9252137255669802
211 240 0.08516367333504256
212 242 -0.043736838078361456
212 213 0.5583553211476064
213 243 0.43025126948009945
213 214 1.5065344361074557
214 244 -2.074720919860697
214 215 0.7152412829386687
215 245 -0.1905836164469237
215 216 -0.3536630204225168
216 246 0.5621519347159849
216 217 -0.9156045260014095
217 247 1.7283607054675234
217 218 -1.0489918151567095
218 248 1.9991615399483305
218 219 -0.5386844957570859
219 249 1.3764786178417732
219 220 0.3908325304517284
220 250 1.3427437844344765
220 221 -0.09972596747146696
221 251 0.5163680996358696
221 222 -0.38364965016365177
222 252 0.9417674542205549
222 223 0.919131921836483
223 253 2.823329020357418
223 224 -2.603947367597387
224 254 0.4409870684450793
224 225 0.6945048645218782
225 255 -0.1212962331665479
225 226 -0.20259217912450034
226 256 1.4934745200455624
226 227 -0.14246794835119458
227 257 -0.6129110124443694
227 228 -1.8173362690086836
228 258 2.1813486142110614
228 229 0.43209015578492954
229 259 -0.23541390832649584
229 230 0.5667031421501532
230 260 -0.2224832711411174
230 231 0.2922160194150738
231 261 -1.0189121600905733
231 232 0.7978455805201011
232 262 0.11330545615348447
232 233 0.31664668275084223
233 263 0.030796420613000017
233 234 0.8796025797249779
234 264 -0.6536820834791771
234 235 -1.7294369445344582
235 265 -2.3355488696690165
235 236 1.1473791206175934
236 266 0.32973364862345544
236 237 0.32716006329712966
237 267 2.2146021115995556
237 238 0.10124488464466862
238 268 -0.05666923924801965
238 239 0.5562376514044762
239 269 0.25534965910048646
239 240 -0.1731198829161839
240 270 0.8873970972005254
241 271 1.0799475491405768
241 242 -1.0341492181307625
241 270 -1.7921313873501716
242 272 -0.022367999455452106
242 243 -0.47093436453543336
243 273 -0.8106337329116367
243 244 -1.535141327636797
244 274 -0.005463301153994109
244 245 -0.33804241237119326
245 275 0.7075162966772552
245 246 0.16983740663421407
246 276 -0.6821210217628326
246 247 -0.22523977371556061
247 277 1.5362754786339432
247 248 0.40416003967436887
248 278 1.1152153483456635
248 249 0.026690450764912197
249 279 -0.08092448866476737
249 250 -1.1538336678518943
250 280 0.1813386889798276
250 251 0.22550326825505013
251 281 0.007404975990319833
251 252 -0.5278836371230237
252 282 -0.9961707011537588
252 253 0.11824069792215432
253 283 0.697281545093674
253 254 0.49251540945013933
254 284 1.110370298458599
254 255 1.0988266710991883
255 285 0.22399973713547636
255 256 0.06182129445309532
256 286 -0.9326150512303663
256 257 0.4092814329695714
257 287 0.9262340048049096
257 258 2.1756055506899004
258 288 -0.6567911031714773
258 259 -1.6214918706884591
259 289 0.6261576878226917
259 260 1.2913156700572626
260 290 0.5014097768461402
260 261 2.111206807147218
261 291 -0.3818576155588154
261 262 -1.7786020122466195
262 292 -1.8273825248501863
262 263 -0.730877545588311
263 293 -1.2171112990405464
263 264 0.5465298479922973
264 294 0.8735668958548677
264 265 0.8307629799170506
265 295 0.8663416450505375
265 266 0.005127154520964227
266 296 -0.4004870262367827
266 267 0.761262277550293
267 297 0.5960872286011561
267 268 -0.3966891759990242
268 298 1.240956318571678
268 269 1.5878638859831264
269 299 0.7506477610073051
269 270 -0.2399117820365746
270 300 -0.43136434101372234
271 301 -0.26518890047555516
271 272 0.2393541802385849
271 300 0.9437185002166786
272 302 1.4004234316151993
272 273 -0.7554733280498317
273 303 -1.1351029915253612
273 274 0.7542215696342324
274 304 -1.3451282877718946
274 275 -0.8863566353229296
275 305 -0.25558584173699805
275 276 0.22406623700354128
276 306 -0.14553001363881443
276 277 0.11921845991254791
277 307 -0.004436619645972341
277 278 -0.202092621894024
278 308 -2.424017674911388
278 279 -0.597386499165577
279 309 -0.37642739556365135
279 280 1.807865761375476
280 310 1.710717337434373
280 281 1.292665073692741
281 311 0.8948033307544041
281 282 -0.5090760829727177
282 312 0.7839198044089205
282 283 -0.10978491692455994
283 313 -0.4906357362186222
283 284 1.1978758663513773
284 314 -0.45205188479236197
284 285 0.20036982722149424
285 315 0.4963352230847385
285 286 -2.040850909970881
286 316 -2.3313742122023546
286 287 1.6278859492415167
287 317 -1.272053956985311
287 288 0.6801514435213579
288 318 -0.896441687212515
288 289 0.9570260800520036
289 319 -0.22578951315559473
289 290 0.7944242252703251
290 320 -0.7688089177730596
290 291 0.21597484467831934
291 321 0.5521162629438119
291 292 -1.1940673509898365
292 322 0.4753029095642472
292 293 -2.2813093856078033
293 323 0.3750064389260467
293 294 1.1879826111893825
294 324 -0.317188071465574
294 295 -0.03259444009664392
295 325 -1.1904828589894776
295 296 0.8546339419705282
296 326 -1.0795485867824621
296 297 -0.979826301388009
297 327 -0.5918977975769656
297 298 1.8679001159331972
298 328 1.2740320114635655
298 299 -2.012163771816324
299 329 0.9330484700712101
299 300 0.5340541817834666
300 330 -0.6305775432938551
301 331 0.09100881696125114
301 302 -0.5226463958190083
301 330 1.5028421696349783
302 332 -0.8101388200206954
302 303 -2.2670727099748844
303 333 1.2105137786520308
303 304 1.357556368002934
304 334 1.0782094018387502
304 305 0.8098286096735801
305 335 -0.30032821943751054
305 306 2.546407321354964
306 336 2.4199123887489544
306 307 2.812548351805876
307 337 -0.5815307587782786
307 308 1.4204482183989162
308 338 -1.3957376548798848
308 309 1.7463508223655848
309 339 0.201233493403018
309 310 0.07907893283212625
310 340 -0.8580080965945436
310 311 0.2993103243152594
311 341 0.10058702620613459
311 312 1.4598627770304002
312 342 -1.522849986885968
312 313 1.532554254220104
313 343 0.34390447432196536
313 314 -1.1101066752290136
314 344 0.4661379547872113
314 315 0.4216734747872565
315 345 -1.6190517270951774
315 316 -0.16702228874069272
316 346 0.146743875615054
316 317 1.3871115184513987
317 347 -0.14292596575970185
317 318 0.9997719629286841
318 348 -0.29979454199744093
318 319 -0.7382358436278605
319 349 1.6488977615231246
319 320 1.662748373797208
320 350 1.073282957738516
320 321 1.871332033691572
321 351 1.810785931078863
321 322 0.18125284122303664
322 352 -0.701376673050014
322 323 -0.42228984943599
323 353 -0.3418055229073204
323 324 -0.2441544954789765
324 354 0.7546094703650625
324 325 0.9997720697739675
325 355 -0.38394370785871756
325 326 -0.2471535520388995
326 356 -0.29725540339825096
326 327 2.216924938387603
327 357 1.7838632845608249
327 328 -0.8326201942222402
328 358 0.5017148330831155
328 329 -0.35217002402467695
329 359 -0.7341183134143469
329 330 -0.26831600867438854
330 360 -0.5698958093887817
331 361 0.42355168141303406
331 332 0.5696590143972423
331 360 -1.0760855138192482
332 362 0.00472521604603867
332 333 -0.25639142725039493
333 363 0.45412348651233386
333 334 0.7769261349497043
334 364 0.7495243133447662
334 335 -0.0037702615539651598
335 365 -1.164783625987698
335 336 -0.2760991636925939
336 366 0.16949730541123606
336 337 -1.0576300783026298
337 367 1.3670125488738498
337 338 0.17721387302632846
338 368 -0.7619988647167938
338 339 -0.5680019224960756
339 369 2.037518294256971
339 340 2.304320179360723
340 370 -1.1638776717373838
340 341 -0.661276925221304
341 371 1.8254446550306491
341 342 0.5115849308161344
342 372 0.06239768211071746
342 343 -0.853521309482836
343 373 -2.4876238419322845
343 344 1.8766567289907994
344 374 1.705663119653264
344 345 0.029547027443056373
345 375 0.6212502992309636
345 346 0.30562572968390755
346 376 1.374578161686591
346 347 0.6040519339784355
347 377 -0.48980567149868304
347 348 -1.7038974015925765
348 378 -0.6780390442425179
348 349 -0.5218391854071738
349 379 -0.5794622395761421
349 350 -1.0055787785872323
350 380 -2.419869019678122
350 351 0.28874606107776435
351 381 -0.9252767822371337
351 352 -0.2463876912482106
352 382 1.1990441950493484
352 353 -0.3302805855560467
353 383 0.4758707496442961
353 354 0.8810172177883627
354 384 -0.5246234009799688
354 355 1.6219368619193852
355 385 -0.5537474735881777
355 356 1.2674814501475327
356 386 0.48311373529470547
356 357 0.27210215401566795
357 387 -1.2730798702865744
357 358 1.000674637271551
358 388 0.16798687475072432
358 359 -1.0374057322910766
359 389 0.8441248707875401
359 360 -0.024302189471190686
360 390 -0.7811905220330814
361 391 1.1519827014563
361 362 -0.5751821417724065
361 390 -0.8474074802613255
362 392 -0.09259899915705297
362 363 0.5971778375502825
363 393 1.3193712477970263
363 364 -0.9775211524574023
364 394 0.05727845020283082
364 365 0.30291737853446543
365 395 0.5017834345441734
365 366 -0.655145891071571
366 396 1.1894022208872674
366 367 -0.42367585393482965
367 397 -0.24501935974305059
367 368 0.4884683498459612
368 398 2.0858054573365306
368 369 0.2522711160540421
369 399 1.0607668416355387
369 370 1.4818253332773172
370 400 0.16649849314864607
370 371 2.1487217953510704
371 401 0.19034729982352377
371 372 0.0775457870828878
372 402 -0.037283166575467395
372 373 0.34647505804860784
373 403 0.49610336117168324
373 374 -0.10457696629411736
374 404 -0.01998681333512154
374 375 0.6263314175990345
375 405 -1.5291543189016994
375 376 -0.2300006524918533
376 406 1.4196959868346064
376 377 -0.43518087819813894
377 407 -0.010587678778412617
377 378 -0.524194626400905
378 408 -0.5509942433337645
378 379 0.3970947267152741
379 409 -0.4413273694143644
379 380 -0.5875666560537374
380 410 -0.5336074805817765
380 381 1.4475648045688587
381 411 0.33238540409917305
381 382 -0.4809388959678364
382 412 -0.6455641765226974
382 383 -0.3468639779468187
383 413 -0.9479920357371122
383 384 -1.7144316397514026
384 414 -1.5021071012680651
384 385 -0.5262969141775491
385 415 0.3746978933690231
385 386 -0.0031535909195642793
386 416 -1.385730652519904
386 387 -0.6075018821341408
387 417 0.432288767122081
387 388 0.8648380229709147
388 418 0.2562892684198163
388 389 0.1451961979584993
389 419 -0.662122493013144
389 390 -0.8162992141910396
390 420 -1.43427125966719
391 421 -2.262129851033784
391 392 -0.9135070443411105
391 420 -2.3532575083277822
392 422 0.2312538789088597
392 393 -3.450065983109877
393 423 -0.9244024165354863
393 394 1.081557647187099
394 424 0.7358940566116389
394 395 -0.5253091677333911
395 425 0.3523599172213215
395 396 1.4640005787160812
396 426 1.7330105228388712
396 397 0.8595894945980304
397 427 -1.479005996891742
397 398 -0.5048258909738642
398 428 0.6738371931681165
398 399 -0.022515048339624578
399 429 -0.4077905266279136
399 400 -0.004621649685705453
400 430 0.7647016171719423
400 401 2.3224004742638145
401 431 -0.03905822709179192
401 402 -0.27215171794565646
402 432 -1.786798186095029
402 403 -0.672023134689959
403 433 -0.6346915505924379
403 404 -1.6292219289056433
404 434 -0.5764661894633839
404 405 -0.5811235329561792
405 435 0.12517931491122145
405 406 0.1176459219950682
406 436 -0.43257267289673745
406 407 -0.7075722306829341
407 437 0.9098206234009217
407 408 -0.04721599016807152
408 438 0.984866279118156
408 409 0.7905587540781616
409 439 -0.29399304626033207
409 410 1.0306030535186226
410 440 -0.9467764162461998
410 411 1.6470210836615466
411 441 1.1061603652981076
411 412 1.895944462158693
412 442 0.4541016695203363
412 413 -0.3463123406288024
413 443 1.2973241850579285
413 414 0.8150303050637516
414 444 0.46333610175562767
414 415 -1.2599739898124527
415 445 -0.45657303029675217
415 416 -0.2676063411480477
416 446 1.331849372231564
416 417 -0.10537224706971393
417 447 2.2185951461296987
417 418 0.07488535580900665
418 448 -1.195243681918572
418 419 -1.691938995801013
419 449 -0.36237103068063936
419 420 -0.48697278003779265
420 450 -1.7166437635102925
421 451 -1.0374290821831478
421 422 -0.19106807614757895
421 450 -1.2092333296633426
422 452 -0.03705992111876386
422 423 -0.44497745854800236
423 453 1.0092982588315786
423 424 -0.34591620603358353
424 454 -1.0204854448239749
424 425 0.5809946101409614
425 455 -1.2161924902352939
425 426 -2.4457026718297383
426 456 1.8182822664127296
426 427 -1.108208661550094
427 457 -0.9637210262369095
427 428 0.8763796362627135
428 458 2.435197249561013
428 429 -0.18958564697926178
429 459 -0.21527447008197187
429 430 -1.340101029263552
430 460 -1.3393109388233406
430 431 -2.386923006107047
431 461 0.1534141590889723
431 432 0.8142793970941097
432 462 0.1289506549032728
432 433 -0.11940704648250888
433 463 -1.3683070317243387
433 434 -0.7769930208221845
434 464 -0.5710343788559842
434 435 -0.08279922462104722
435 465 -2.8261987569642186
435 436 -1.1326276562712472
436 466 0.36956765535192854
436 437 -0.5855849538459388
437 467 0.4919358351691587
437 438 -1.7937729347075828
438 468 -0.496552273931495
438 439 0.41374330559913053
439 469 -0.3626041992051399
439 440 0.5732860737225989
440 470 2.373997100492431
440 441 -1.418068886237633
441 471 0.9782690804972344
441 442 0.25152895748170734
442 472 -0.10718964712867013
442 443 2.04018760637769
443 473 1.372036017302249
443 444 -0.7231237622154756
444 474 0.7704926564942001
444 445 0.19992160451784943
445 475 -1.1504227540172285
445 446 -1.4094803482651708
446 476 -0.3066550533265044
446 447 1.1973811498171887
447 477 -0.48086625775783637
447 448 1.541380905835155
448 478 -0.7711313535310228
448 449 -0.150936080224292
449 479 -0.49344448227055615
449 450 -2.093229276761557
450 480 0.04892281586697408
451 481 -1.9687031505602859
451 452 1.466284046590266
451 480 -0.7097627094354159
452 482 -0.4784118658300409
452 453 0.08480958158403912
453 483 0.30427663346192674
453 454 -1.0656069033396895
454 484 0.6085437314645149
454 455 -0.08239984049636001
455 485 0.3473629226038887
455 456 0.1724782220044254
456 486 -0.33386061667714817
456 457 1.6687611256308859
457 487 0.858484922575783
457 458 1.3271716851433455
458 488 0.3404578402592626
458 459 0.3081152987788039
459 489 -0.9061299336712445
459 460 -0.7849268892670004
460 490 -1.280351275560331
460 461 -1.3208316219234142
461 491 1.143791754970222
461 462 -0.004152897359281328
462 492 -0.2595252447261869
462 463 1.2517568030408897
463 493 0.5627784055719056
463 464 0.19514551093855034
464 494 -0.3532702345944896
464 465 1.483699714474291
465 495 1.326924082906479
465 466 0.6121302718763774
466 496 -1.3389365641587265
466 467 0.19628074237909995
467 497 -0.6803775979907734
467 468 -0.5215507160552677
468 498 0.5848795881391955
468 469 0.5443983299680165
469 499 0.10005522479390239
469 470 -1.0679372284678736
470 500 0.39039814984764787
470 471 -0.5457078874245601
471 501 -1.2142470982788192
471 472 -2.930143282748591
472 502 0.14218825366459337
472 473 1.5480878271650578
473 503 0.6896923923769979
473 474 0.6206320675406565
474 504 0.5778810234065024
474 475 -0.19245560233478148
475 505 -0.07972080278230784
475 476 -1.8589469763421673
476 506 -0.5614731547551847
476 477 -0.16322959933644052
477 507 0.2738377366186002
477 478 0.9576449798245656
478 508 -0.9618779948737094
478 479 -0.4073750566478791
479 509 -0.9300893426902357
479 480 -1.2306450643630402
480 510 0.7176206469199832
481 511 0.06984069551770568
481 482 -0.13238752933167577
481 510 -0.09441677030381987
482 512 -0.39342359119161674
482 483 0.272341451744633
483 513 1.4589226989183013
483 484 -0.6938202902497529
484 514 -1.3534987432485925
484 485 -0.23113185084677737
485 515 1.3578679228225794
485 486 0.2081596727847628
486 516 0.2709380706697337
486 487 0.8642568830214034
487 517 0.1270124740514462
487 488 1.0700460969728596
488 518 -0.49149370455153196
488 489 -1.3997575019204898
489 519 0.958097198674118
489 490 0.14081903084152977
490 520 -0.7249625518638708
490 491 0.23393080240411512
491 521 -1.4650301525237466
491 492 0.615443883354631
492 522 0.6259325573166755
492 493 -0.38328051738570534
493 523 1.8876397052510459
493 494 1.0529730208326087
494 524 -1.6732342377797875
494 495 -1.2651032475257795
495 525 -1.0867637505507666
495 496 0.5733093931996611
496 526 -0.24985639430774437
496 497 0.9365967527177717
497 527 -0.9637908865488076
497 498 -0.991526970533702
498 528 1.1992537056592527
498 499 -0.24386372827018976
499 529 -0.26558638352495256
499 500 -0.07450017669780122
500 530 -1.1117354646322628
500 501 0.49150865581831005
501 531 -0.14583154208002283
501 502 0.16260467057758018
502 532 1.4423608249059316
502 503 0.4126862271759287
503 533 -1.406022749495071
503 504 0.23282227519261414
504 534 -0.43041385844404806
504 505 0.5799369152320254
505 535 -0.43427661112335003
505 506 0.3018481640680097
506 536 -1.6792656507531267
506 507 0.7689038027308059
507 537 0.46888860872745763
507 508 0.6734775292673136
508 538 1.946348410823671
508 509 0.9500205038159738
509 539 -0.2129532650389601
509 510 -0.027425805465577106
510 540 1.0410555779202604
511 541 1.3884762000484345
511 512 -1.065817345289166
511 540 0.9384426876495461
512 542 -0.056299344278434735
512 513 -0.7121689194313132
513 543 0.7087962141519554
513 514 1.8135218694915411
514 544 0.5013033877036304
514 515 0.40271614434932274
515 545 1.2935648518594778
515 516 -2.3706136635465387
516 546 0.482012110064193
516 517 -0.8360592429582696
517 547 1.005395004239221
517 518 -1.27439808101687
518 548 0.738069819271519
518 519 0.3422196687245668
519 549 -1.102807868943983
519 520 -0.7684585321313004
520 550 -0.1056568219333119
520 521 0.42795336570126175
521 551 1.2649199341900506
521 522 -0.2855140610689148
522 552 -0.6735497301154648
522 523 -2.5269912914159334
523 553 -0.22690983320469113
523 524 -1.4114147105993908
524 554 0.9855609916736258
524 525 -1.5043692167087908
525 555 -0.7787401364605429
525 526 -1.25495627773097
526 556 -0.44335442170025413
526 527 0.9198549294830546
527 557 1.5552946427278256
527 528 0.8678650377483732
528 558 -0.874373804599151
528 529 -1.1648824467387922
529 559 -0.40441193771221534
529 530 0.24095325396163866
530 560 -1.4215138490465704
530 531 1.360392892430788
531 561 0.28537906628691023
531 532 -1.9137731616955256
532 562 -2.6686383730500998
532 533 -0.3584885341282199
533 563 -0.7263371764306099
533 534 0.6275748581833694
534 564 -0.07883285421792145
534 535 2.7161757242396183
535 565 1.309088563042399
535 536 -1.9124632727044855
536 566 -1.1193835550996205
536 537 0.6947123611837169
537 567 -1.5463239062977032
537 538 0.0723225981321996
538 568 -0.6298454584963378
538 539 -0.6699573891383485
539 569 -0.9397539929055719
539 540 0.44948898711008994
540 570 -0.21455094615003092
541 571 0.3865942006687106
541 542 -0.043349358391334324
541 570 -1.6761595482040177
542 572 0.05365303923764088
542 543 -0.5802904006622511
543 573 0.9958516779222614
543 544 0.5496578052135686
544 574 0.07630016808838688
544 545 0.8605224302644128
545 575 -0.6772253024234333
545 546 -1.3922024660405663
546 576 1.0200847953668777
546 547 0.24328793004993693
547 577 -0.42696730898091295
547 548 0.5682298294932434
548 578 -0.17688224773981653
548 549 0.08307887056747071
549 579 0.3436954053859015
549 550 0.26039494229159615
550 580 0.7746228416331395
550 551 2.036553149216445
551 581 1.7111165550646643
551 552 -0.3434847916122302
552 582 -0.3752759213255648
552 553 -0.8671505345661623
553 583 0.7842478044638037
553 554 -0.02214861473925153
554 584 0.6963994599480311
554 555 0.5186040357759141
555 585 1.0846468330071355
555 556 0.2541654096537292
556 586 -0.6016251534735857
556 557 0.4467967627486397
557 587 2.062912527722494
557 558 -0.04286630108125165
558 588 -0.2568210492888939
558 559 0.49331629521759796
559 589 -1.297712672611644
559 560 -0.21759294086871092
560 590 -2.455367038447941
560 561 -0.21155721447625203
561 591 3.0887509790814756
561 562 0.2739186234720661
562 592 -0.06113715281737356
562 563 -0.09816491884396596
563 593 -1.6656435903625408
563 564 -0.21935900965671395
564 594 -0.9348486152587989
564 565 1.2105160258314076
565 595 -2.0394764609549654
565 566 -0.15413447335540503
566 596 0.2088046772931411
566 567 0.7174279770053719
567 597 -0.0995062977383713
567 568 -0.3157329466756683
568 598 -0.2965896113378754
568 569 0.8433668771876648
569 599 0.8526507591735721
569 570 1.8098505537511738
570 600 0.06348792832894011
571 601 -0.8489916152210297
571 572 -1.158405276123506
571 600 -1.1362771260393765
572 602 1.3812139739762048
572 573 0.43059333276726147
573 603 -0.24140441276121538
573 574 -0.20953481227794346
574 604 -1.135834006009206
574 575 -0.9466361875046994
575 605 1.4068686779787596
575 576 -0.41995346532991085
576 606 -0.8579917475705939
576 577 -1.2759824344861943
577 607 0.3473820181332103
577 578 -0.3009477590944689
578 608 0.9924309197010149
578 579 0.6234622753310535
579 609 1.6847307550057906
579 580 -1.154606706204466
580 610 0.5731066103773688
580 581 0.5974345286788716
581 611 -0.9168193904313795
581 582 -0.14610191498778027
582 612 1.7228321703572862
582 583 -0.7621514516568095
583 613 0.8785426848913197
583 584 -1.681553776626973
584 614 -0.6444270729459517
584 585 -0.0802169070403718
585 615 1.537106540389256
585 586 -1.2185373137007467
586 616 -1.0495365506969778
586 587 2.2303967872619346
587 617 -0.6553705818081814
587 588 -1.6298543245607735
588 618 -2.5393864228172123
588 589 0.40996701209275693
589 619 -0.38350016340597765
589 590 -0.8763292513905249
590 620 -0.9699245874552147
590 591 1.745256960330396
591 621 -1.046682536824886
591 592 0.2641416119906893
592 622 -0.3526617467688751
592 593 0.767824265067662
593 623 0.8210358218085168
593 594 -1.1280581328451638
594 624 0.5633569634629686
594 595 0.35651563256814817
595 625 2.6522592083245446
595 596 -0.48712764899723904
596 626 0.5578495292739261
596 597 0.2911618674917194
597 627 2.8287608210426027
597 598 -0.6794726861726899
598 628 0.43126240518915876
598 599 -0.325812909820455
599 629 0.9857231150653478
599 600 0.6720726177672919
600 630 0.22075039988973102
601 631 -2.559420836150662
601 602 0.7177278320828675
601 630 -0.5752235213268662
602 632 0.4708621788539521
602 603 1.1701949928531223
603 633 0.8179350914492591
603 604 -0.2559444016389379
604 634 -0.6283348711706949
604 605 0.8594238729372763
605 635 1.6593324188327165
605 606 0.11243509887722422
606 636 0.15490280700666237
606 607 -0.07833880083764197
607 637 -0.38425345619101614
607 608 0.5578400563601911
608 638 0.26304597699952437
608 609 0.4315459589893167
609 639 0.4367410809948649
609 610 -0.30125162163836294
610 640 1.174525481956397
610 611 -2.352478573676916
611 641 -1.509669628786637
611 612 -0.6027368719251205
612 642 0.31526980018060813
612 613 -0.4068682371890769
613 643 -0.4607274385239046
613 614 0.3708297492388063
614 644 0.15140575046910748
614 615 0.2439478111351011
615 645 0.7752649566430981
615 616 2.4911381528412937
616 646 -1.4744096229090564
616 617 -0.9441664085011606
617 647 0.2949278820916363
617 618 0.07069499908461993
618 648 -0.28073015081223757
618 619 0.22364156539304078
619 649 1.1051482945089963
619 620 -0.16176627874370028
620 650 -0.23861060143178772
620 621 1.4415221428376717
621 651 1.7840085903636664
621 622 -1.8988563910890632
622 652 0.666586311796575
622 623 -0.3559563996064145
623 653 1.0217273690540016
623 624 -1.9441711427068382
624 654 -0.8228685628540254
624 625 2.038302820263714
625 655 -0.1542715095287498
625 626 0.16448169259423343
626 656 0.6339563190655472
626 627 -1.0536625671314943
627 657 1.0777339984319054
627 628 -0.5565941582516519
628 658 0.1661052167595971
628 629 -0.848124927521211
629 659 -0.41899604298019494
629 630 1.1418143424044636
630 660 0.3943651758076587
631 661 -0.2662111916966308
631 632 0.7978127260095013
631 660 0.20042011821749367
632 662 -0.5469705799496468
632 633 -1.096955024350779
633 663 0.5770873915156045
633 634 0.4376230609015665
634 664 0.71744989245241
634 635 -1.3978865666728313
635 665 -0.9222895789019737
635 636 1.416045710654459
636 666 -0.25525313189113175
636 637 0.23473747091031158
637 667 2.35434510247444
637 638 1.0480520397433617
638 668 0.38789040437800926
638 639 1.5765931485751281
639 669 -0.1649979045808661
639 640 -0.568715836960774
640 670 1.4895504066623295
640 641 2.1153016118294112
641 671 -0.027949200080722172
641 642 -0.181559469793334
642 672 1.291476453712417
642 643 -0.4256510363780795
643 673 0.554811155220743
643 644 0.3075800543595748
644 674 -0.5077550736368052
644 645 -0.24718533366882267
645 675 0.06373143607439946
645 646 0.05145692680868361
646 676 0.4545710610442592
646 647 1.4538357322816329
647 677 -1.839885241193823
647 648 -1.416282855192436
648 678 -0.9369877499702367
648 649 -1.2103344102672065
649 679 1.417330688433403
649 650 -0.7818954507277963
650 680 -0.5742862761485996
650 651 -1.6474495118866817
651 681 -1.8629742559280873
651 652 0.4567338789833684
652 682 0.649251254272246
652 653 -0.3660210882035279
653 683 0.6079409504887662
653 654 0.6683109732604482
654 684 0.8306534877833385
654 655 -1.2956097706716794
655 685 0.27295241061145253
655 656 -1.6847335723802774
656 686 -2.6128194135427734
656 657 0.9669075323196312
657 687 -0.4734728999658379
657 658 -1.2100121030272795
658 688 -1.3122043095867268
658 659 0.8156757459607825
659 689 -0.08786151439296178
659 660 0.2671631573322479
660 690 -0.2559798539170517
661 691 -0.742737631101098
661 662 -0.05446705188354023
661 690 -1.2046839014683224
662 692 -0.27717112564544477
662 663 0.4231975350536854
663 693 -0.140410045601432
663 664 0.515631082519049
664 694 0.93966052512112
664 665 0.6061883886927855
665 695 0.596777402720976
665 666 0.6083247196712972
666 696 -0.11277140404591803
666 667 1.4511946052621763
667 697 -0.45556204341533324
667 668 -1.3288016591651217
668 698 0.6293817052903431
668 669 0.8860011194863678
669 699 0.2762491853779462
669 670 1.2059508588326275
670 700 -0.8095250442373283
670 671 1.1240953995414942
671 701 -1.0840940642852386
671 672 -0.998162126705325
672 702 1.7278805759997797
672 673 -1.3523527676634095
673 703 -0.29072803470276265
673 674 1.3600310000109384
674 704 -0.669718101604892
674 675 -0.14190409271216425
675 705 0.3420212338285845
675 676 -0.21198727250715274
676 706 -0.4608263720343898
676 677 -0.659573955663799
677 707 0.9916324014057777
677 678 0.4019415248119107
678 708 -1.4592236304319788
678 679 -0.21518546243153713
679 709 0.6911857934799985
679 680 -1.1350149265365106
680 710 0.7405201503499932
680 681 0.02940602851746012
681 711 -1.333373598968984
681 682 0.6430297631459776
682 712 0.15034373001547113
682 683 0.5082289040273603
683 713 -1.5108686029685128
683 684 0.6156297519248134
684 714 0.33213669885864555
684 685 1.3573506125696784
685 715 1.2261957489605815
685 686 -0.5050710499071263
686 716 0.20124148350115537
686 687 0.8183483585791997
687 717 -0.4514621776876335
687 688 0.6360915728689889
688 718 1.135480732493348
688 689 -0.1383757042982331
689 719 -0.5949203450411511
689 690 2.0915374360121772
690 720 -1.7139680392927044
691 721 0.33468154991454685
691 692 -0.021052395507532958
691 720 -0.6216610158351116
692 722 1.0071714514083707
692 693 0.38967365134356796
693 723 1.8835271159451064
693 694 0.44663758369527545
694 724 -1.324877322613342
694 695 -1.587943988723409
695 725 -0.3471608714110326
695 696 -0.3127328039751899
696 726 0.42841845690618535
696 697 0.3237662518228321
697 727 -0.06457403748315518
697 698 1.559824852320348
698 728 0.7539138827270526
698 699 1.165731802596975
699 729 -1.0377532852376283
699 700 0.6067914527418513
700 730 -0.9155309033063634
700 701 -1.2563251589136206
701 731 -0.29809006363078
701 702 -1.4116311948134632
702 732 0.14970561020241843
702 703 -2.496148575531382
703 733 1.035742490205926
703 704 -1.6640445000135036
704 734 -0.8005809578277956
704 705 -0.40012105727914127
705 735 0.8677869730356164
705 706 0.2984165615737483
706 736 -0.7492239783291563
706 707 1.1813463924655683
707 737 0.16048974714914555
707 708 -0.19176108541924974
708 738 0.8057367630349656
708 709 -0.3248117183176789
709 739 -1.3182225411386321
709 710 0.6455934773729457
710 740 0.8489599848480374
710 711 0.33901038920642
711 741 0.6782410824877192
711 712 0.33805759562411114
712 742 -0.2511611623861037
712 713 0.40364731165536993
713 743 0.9202751995016976
713 714 -0.311547467047118
714 744 -2.1088791072695536
714 715 -0.6784572937327391
715 745 -1.3976343874787407
715 716 -1.6070380738270285
716 746 0.4903278505104798
716 717 -0.2950368160143561
717 747 1.0479801834538685
717 718 1.2421393277797972
718 748 -1.1609875844956115
718 719 -0.5259370496232109
719 749 -0.0296505501845728
719 720 0.28858193622182615
720 750 -0.8697982078756074
721 751 -0.3222639995340003
721 722 -1.00245941751241
721 750 1.2991388640096302
722 752 0.04017473964470599
722 723 -0.8670122826862512
723 753 0.1506521532228294
723 724 0.5951180817899456
724 754 -0.4783191964148645
724 725 0.5024493233386165
725 755 -0.03400183437351197
725 726 0.1881419842009888
726 756 0.75558327225687
726 727 -0.9397130086139261
727 757 0.5252407828359028
727 728 -0.8882505055171452
728 758 1.4170991994376887
728 729 0.11945291106500769
729 759 1.3109382315383027
729 730 1.326325559050387
730 760 0.5064265230837385
730 731 1.2342381051306552
731 761 -0.6828232001627549
731 732 1.55731179909281
732 762 -1.6842582494873553
732 733 -0.8344863192356521
733 763 0.0055979605780082636
733 734 -1.316124988982474
734 764 1.534944636365355
734 735 -1.50691427897299
735 765 2.5603939916012535
735 736 0.5528422016550109
736 766 1.7045782500636533
736 737 -0.2622561469768988
737 767 -0.2377715158380908
737 738 -0.47009378647513667
738 768 0.07997761900157627
738 739 -1.22264624592243
739 769 -0.17686449153720563
739 740 0.01954510726855531
740 770 0.5641847938688002
740 741 -1.4895758050378183
741 771 1.2943355260257854
741 742 -1.768775075158113
742 772 0.5589095098012153
742 743 -1.0156449300106358
743 773 -0.14356169704572624
743 744 -0.4944684576254128
744 774 0.8369985205786972
744 745 0.5356098983450399
745 775 -1.143278906384533
745 746 -1.7217655628522028
746 776 -1.808908389889052
746 747 0.41169832298105274
747 777 -2.343264664072171
747 748 -0.5333400314197665
748 778 -1.4453411159271126
748 749 -1.2555865635986092
749 779 0.011373335270102203
749 750 1.7633422654517006
750 780 -0.24107825333958388
751 781 -0.27892749609221434
751 752 -1.6436449467250809
751 780 0.2607828147755646
752 782 0.7598386334280267
752 753 0.7243922501990416
753 783 -0.6852326703136823
753 754 -2.2498775141964216
754 784 0.9012311231200296
754 755 0.9620687175448536
755 785 -0.6381313547040567
755 756 -0.7437895256208786
756 786 -0.15754123278379137
756 757 0.17491831302014305
757 787 -0.8368910714574368
757 758 0.624770048310253
758 788 0.1994003355408016
758 759 0.7587451414045158
759 789 1.4381251100973047
759 760 -1.9122859918275765
760 790 -1.0405700350696683
760 761 1.952178461964082
761 791 1.1066189007510308
761 762 0.5577088332031045
762 792 -1.1214212525912561
762 763 -1.6764456426038603
763 793 1.194336560072787
763 764 1.4406793170360341
764 794 0.645409229381825
764 765 0.4364805624131964
765 795 0.16978978935576808
765 766 -0.8752449250621739
766 796 -1.929673602512976
766 767 0.45831288058379066
767 797 -0.32362006510451874
767 768 0.4961708964133202
768 798 0.9312584261147397
768 769 -0.5231493647891516
769 799 0.36644391219230493
769 770 1.2574008164132897
770 800 0.05937598994416938
770 771 -1.761936781067877
771 801 -0.18763811267083197
771 772 2.617417401857776
772 802 -0.8779656267834592
772 773 -0.6658438936502207
773 803 -1.2550489975929444
773 774 -0.15568732795115156
774 804 0.18340693610840722
774 775 0.42076420576398105
775 805 1.1992678569362483
775 776 -0.5823589328012061
776 806 -1.0937256680096945
776 777 -1.116085700563694
777 807 -1.0290122141133466
777 778 0.4229829140135368
778 808 -0.22293063468537663
778 779 1.640338872799943
779 809 -0.6716463743896125
779 780 0.5061930585285275
780 810 -0.9648483982281408
781 811 0.304053252575471
781 782 -0.29160554414714196
781 810 -0.35084569629292967
782 812 0.7468063276461013
782 783 0.0016742300978636736
783 813 0.3814187734056163
783 784 -0.5703382697481225
784 814 -0.6893009728705624
784 785 0.6046215359311564
785 815 -0.2957080082004289
785 786 0.2338207629626727
786 816 -1.1306298231733933
786 787 0.8186945144072697
787 817 -0.014446293625422164
787 788 0.8776157491119124
788 818 0.6653311929337619
788 789 -0.22573604734696542
789 819 0.4382201678219168
789 790 -0.16942125060981714
790 820 -1.7667377657986176
790 791 -0.6516498127370997
791 821 1.160344147140498
791 792 -0.7763818205576025
792 822 -1.3737667282412909
792 793 -0.5755779597233053
793 823 -1.3515517379330833
793 794 1.2191704015195213
794 824 0.8350173122905052
794 795 0.6106229884265798
795 825 0.08894487923806155
795 796 0.5467774954377607
796 826 -0.6737300156685914
796 797 0.3774491158883092
797 827 0.43926899661240143
797 798 -1.2679755348330557
798 828 -0.23878726786536772
798 799 0.49710898816657595
799 829 0.986116799788545
799 800 0.5021214252689319
800 830 0.18432220721527234
800 801 -2.057480883171765
801 831 0.09702911127826876
801 802 -1.4509191368721068
802 832 1.8892210620617267
802 803 0.9997347269805478
803 833 -0.8183369191374747
803 804 -1.0375852331469124
804 834 0.38003081834875696
804 805 -0.8907080889503972
805 835 0.487602520795809
805 806 0.6735002011721297
806 836 -0.5762081131052221
806 807 -1.3159401614153274
807 837 -0.735282782427227
807 808 0.16338199811147058
808 838 1.1807397041446008
808 809 0.5880600028272341
809 839 -0.4369843066438361
809 810 0.971584335400529
810 840 -0.6829401063829998
811 841 0.5411797947504918
811 812 0.045574826296203456
811 840 0.8596762008814605
812 842 0.019849336893955568
812 813 -0.07925840345634638
813 843 -1.320702306386893
813 814 0.20619309351151924
814 844 -0.8739704501495708
814 815 -0.39256220288267984
815 845 -0.8795611131141243
815 816 -2.0084496918032495
816 846 -1.5886234819719673
816 817 -1.0728729431401882
817 847 0.09261402355047928
817 818 1.8043523851030825
818 848 -0.02473307275533793
818 819 -1.8847767501973784
819 849 1.890881192678642
819 820 -2.5171992907168126
820 850 0.9400156643167985
820 821 0.7187505222525236
821 851 0.020774694105347394
821 822 0.22068786981107055
822 852 0.1710250958309851
822 823 0.4084819289826345
823 853 -0.9085572225785
823 824 -1.7071992626696775
824 854 -0.6606631584054719
824 825 2.0617847777536302
825 855 0.6216978490191066
825 826 -1.0547793530875618
826 856 0.767560600479384
826 827 -0.5478584557855674
827 857 0.5873694191270011
827 828 0.43533539811499894
828 858 -1.3434972137775063
828 829 0.8364592423026201
829 859 1.1094080676382174
829 830 -1.7616158139259233
830 860 0.9498066196693966
830 831 -0.004470903007947095
831 861 1.8817850607689566
831 832 -1.1252783112656626
832 862 0.3846637673459237
832 833 2.9188798159700857
833 863 0.8908063767290961
833 834 -0.5515325626269051
834 864 0.8448053476062738
834 835 0.8133415008641336
835 865 0.125777075920247
835 836 -0.6400243996338856
836 866 -1.226573786444742
836 837 -0.054801352228960126
837 867 -0.00347421153712533
837 838 -1.1317678287395871
838 868 -0.7174680709167407
838 839 0.9247469438825316
839 869 -1.1977643507524598
839 840 -0.8230873904097231
840 870 0.8226966895466865
841 842 -0.15201715643904498
841 870 1.5148937138640923
842 843 -0.9676202641299685
843 844 -1.4952212485092207
844 845 -0.6971555045324864
845 846 -0.34935748825807617
846 847 -0.9036695260495502
847 848 -1.0416627703411714
848 849 -0.29955747822706374
849 850 0.08190977333720638
850 851 0.7936948083376283
851 852 -0.1424353893238426
852 853 -0.5940667027117388
853 854 0.6592497187762058
854 855 0.27540164815953855
855 856 0.024336432040771402
856 857 1.6482130889126017
857 858 -0.37601624113582255
858 859 -1.5043533099570332
859 860 0.5670349638423614
860 861 0.8900837164999156
861 862 0.3965540607066526
862 863 -1.5126617572008718
863 864 -2.343832549947756
864 865 0.14702979724965082
865 866 -0.8004555810047078
866 867 0.7341989919999352
867 868 0.4131697184145205
868 869 -0.985821708816004
869 870 0.0863700609609782
