900 1800
1 31 -0.2447692960690747
1 871 1.0825309968440646
1 2 -1.0619022594201881
1 30 -0.2956365911998156
31 61 0.37121521701688004
31 32 -0.4763312827778244
31 60 -2.415286123321696
871 841 -0.3991686591998726
871 872 -0.227930483183487
871 900 -0.7167950700235973
2 32 1.365818592941528
2 872 -0.8029208188359401
2 3 0.5789543429677128
30 29 0.8303356728684831
30 60 1.8577760159170829
30 900 0.5369718087816369
32 62 0.4244100569540934
32 33 -0.6278077355119708
872 842 -1.4314315533897515
872 873 0.2787767576630616
3 33 0.2259252687415321
3 873 0.33546223851260054
3 4 1.4498230883120702
33 63 -0.2534429291627007
33 34 -2.3566737043715835
873 843 0.9197988164061116
873 874 0.6500622232474961
4 34 -1.5185187290427047
4 874 0.22387781954314118
4 5 1.4809853834176312
34 64 -1.985459754072986
34 35 -1.0284690133551153
874 844 -1.4633864657748987
874 875 -1.4407946596175694
5 35 0.09209672178375033
5 875 0.2085627777666585
5 6 -0.18552842202762962
35 65 0.5684771291901182
35 36 0.1685728539863757
875 845 0.7819906606904756
875 876 -0.909649275878988
6 36 -0.18980572769552817
6 876 0.4612274611028236
6 7 0.7239270524198494
36 66 -0.41481612117264616
36 37 -0.2550648551960802
876 846 -0.5180079231449984
876 877 -0.40646370969206014
7 37 0.5884284756185422
7 877 -0.0656000531498332
7 8 -2.051537281985494
37 67 0.7821645964271566
37 38 0.36891667828206454
877 847 -0.22013024696629785
877 878 -0.7474114383741097
8 38 0.5789470481039327
8 878 0.8665388580338322
8 9 0.440658402421414
38 68 -0.20584266679670024
38 39 -1.6341366073532455
878 848 0.9684670740641785
878 879 -0.40703193572181384
9 39 -0.8384227916069167
9 879 0.45304880650359125
9 10 0.14182172104852298
39 69 -0.8763059435737234
39 40 -0.7786655020098613
879 849 1.2422156242356306
879 880 1.8917453428165167
10 40 1.5358741616823912
10 880 -0.20658952740051553
10 11 1.1127339620679684
40 70 -0.4972821739355736
40 41 0.5418137177008079
880 850 -0.5829284434584907
880 881 0.6906544539013983
11 41 -1.067329436321294
11 881 0.8199644999238539
11 12 -0.9121861462437706
41 71 -1.1920470399718848
41 42 1.2257373265082048
881 851 -1.252090954909406
881 882 -0.045134968589273385
12 42 0.7679719245857135
12 882 -1.4282482271942256
12 13 0.9799995915180154
42 72 -0.001793079486515982
42 43 -0.6046470028077778
882 852 -0.12042177590516354
882 883 -0.6673117534432689
13 43 0.38032857630737327
13 883 -0.0876994985156441
13 14 0.11221080029124235
43 73 1.8730037097529046
43 44 -0.41037144105148776
883 853 0.8794483407752338
883 884 -0.6173648088526303
14 44 -0.27400197332523213
14 884 -1.2273293022452967
14 15 0.08717654014811196
44 74 0.23534467477825907
44 45 -0.7012912159335322
884 854 0.14048390924718424
884 885 0.8243160214980264
15 45 0.07543982956520255
15 885 0.7269389951484123
15 16 1.0203575153960671
45 75 -0.1839658701657337
45 46 -1.1133666765132928
885 855 1.478415451907088
885 886 -0.2917801629410101
16 46 0.4902814243686902
16 886 0.3431802161212203
16 17 -0.10183207762615087
46 76 0.5601748583197876
46 47 -1.4717600026756388
886 856 -0.7822267910127719
886 887 0.279568144609794
17 47 0.13759263585455817
17 887 -1.1096238837546144
17 18 0.9920690608685149
47 77 1.4424658675648754
47 48 0.6109253420196618
887 857 0.40745735644235487
887 888 -0.6459820877979776
18 48 2.763400373675182
18 888 -0.9655132363984257
18 19 -0.9036871370353726
48 78 0.6514049870141706
48 49 -0.8328356089054926
888 858 -1.1651646923244796
888 889 -0.11163710085244098
19 49 -1.884881736542845
19 889 -0.7863188737671287
19 20 -0.5479279859795237
49 79 -1.1332755524429015
49 50 2.1378963517190273
889 859 0.6693434889761021
889 890 0.527452692188378
20 50 1.1092412466459793
20 890 -0.7781232307738908
20 21 0.46737012287892754
50 80 1.1434236036657544
50 51 -1.6004593763143948
890 860 1.7143352764532687
890 891 1.1887721689822042
21 51 -0.7895149070281807
21 891 1.0949439480760996
21 22 -0.5736304736133265
51 81 0.16238661418368722
51 52 0.48720107461273343
891 861 0.1308057936218381
891 892 -1.0391796465666197
22 52 -0.20428753406810712
22 892 -0.10055340829042393
22 23 1.2332863626018784
52 82 1.7438917736003818
52 53 -0.4559685307631847
892 862 -1.9280130146595797
892 893 -0.948190301240644
23 53 1.2662596787859377
23 893 0.5515766038735649
23 24 -0.7944232744882562
53 83 -1.274019558926978
53 54 -1.75587252160383
893 863 0.996782933699014
893 894 -0.4127630278954724
24 54 -0.1501434120703967
24 894 0.516253466743218
24 25 0.8897836526079875
54 84 -1.712309075116577
54 55 -0.10323998194937248
894 864 -0.33909678970728374
894 895 -0.48084384486972537
25 55 0.37270704808798133
25 895 0.7956751741326212
25 26 -0.6355429968790134
55 85 1.1161511306761875
55 56 -0.7560040070720461
895 865 0.46053257157769867
895 896 -0.7231659023479939
26 56 0.9167153612257052
26 896 1.0132272686811064
26 27 -1.14295646610886
56 86 -0.2577840282002378
56 57 1.1351287330749684
896 866 -2.9416988778834297
896 897 -0.25999221870851313
27 57 0.459000164397428
27 897 -0.20729690552008806
27 28 -0.7432174994681958
57 87 -0.48691375616504884
57 58 -0.0856254455427581
897 867 -0.22572958580108615
897 898 0.3559948060395083
28 58 1.7888270879052812
28 898 -0.41917744442655164
28 29 -0.11850039882461959
58 88 -1.4547067491826617
58 59 -0.20959509291796527
898 868 -0.42966410160751456
898 899 -1.3383874082564142
29 59 -0.12771348350383635
29 899 -0.8648004277949954
59 89 -0.6902372348181365
59 60 -0.9850286825924806
899 869 -0.33079772828312637
899 900 -0.8384099150147782
60 90 -0.2669001029877641
900 870 0.06997369983396215
61 91 0.5703366256911723
61 62 1.7381509811235016
61 90 0.1793639192645615
62 92 0.14966349460409512
62 63 2.0256347200960043
63 93 1.0187551539751145
63 64 1.0433477807423523
64 94 0.44126956588170535
64 65 1.390813606772154
65 95 -0.266142107335074
65 66 -0.4359372950659851
66 96 1.083997462343524
66 67 1.2914843350616547
67 97 -0.6448035746744376
67 68 0.15586629006222236
68 98 -1.3607202180575004
68 69 1.408815784822844
69 99 -0.5108690352040107
69 70 0.5287763867036015
70 100 -0.5139297982712231
70 71 -0.9729043135629725
71 101 1.1469888977422817
71 72 -0.6098701908777715
72 102 -1.0694659705378584
72 73 -1.1450492684143156
73 103 1.6345642363460413
73 74 -0.09020523003432952
74 104 -1.0260306583929408
74 75 -2.027768306129865
75 105 0.7320476823479197
75 76 -0.15032291121234134
76 106 0.22131771906433967
76 77 -0.3888352763675732
77 107 -0.021905733895885692
77 78 0.3260956653948252
78 108 -0.3418890059853028
78 79 -1.5059245142615991
79 109 -2.1332101531695233
79 80 0.18529709695717117
80 110 -0.19615541928677618
80 81 -0.8961888469182406
81 111 -0.39273900080843677
81 82 -1.1510955326101682
82 112 -1.2246658673253636
82 83 0.3358433819301585
83 113 -0.07422016941033631
83 84 0.018355016708923307
84 114 -0.984331955862908
84 85 -0.5815694397027066
85 115 -1.2580163778877496
85 86 -1.6264576698347128
86 116 0.35943809160048373
86 87 -0.09645408427441704
87 117 -0.8089671412567664
87 88 -0.20853395694355198
88 118 0.33900036725674604
88 89 -1.8650106396250254
89 119 1.55871086637482
89 90 -0.05401578051416315
90 120 -1.68084318353668
91 121 -0.2836519450679355
91 92 -0.4420822669031212
91 120 -0.37969114799920267
92 122 0.5378569117266498
92 93 1.3759039735328042
93 123 2.2913127901452177
93 94 -0.9087507545173741
94 124 1.0475772663190566
94 95 0.34485261490295405
95 125 -0.2910545020413207
95 96 1.1255744218315533
96 126 -1.2513939356806405
96 97 -0.0922305127063494
97 127 2.449725193677076
97 98 -0.5041070566921781
98 128 -0.9286805020860482
98 99 1.0430935879080605
99 129 0.4075990863966261
99 100 -0.6819572326527175
100 130 0.12581000427035877
100 101 1.2047228688951273
101 131 1.742162126223578
101 102 1.4551697903596466
102 132 -0.9201435362683417
102 103 1.713638795690156
103 133 -1.2370732779840663
103 104 0.07171900491072808
104 134 -1.480739062854118
104 105 -0.4169508262276735
105 135 0.32394908726097155
105 106 -0.9897235821613394
106 136 0.35741403157259666
106 107 0.39915441331159274
107 137 -0.6394515151939564
107 108 0.14198158304029643
108 138 -0.9385308967120056
108 109 0.869662645914185
109 139 -0.6855647718621636
109 110 0.5366668619069179
110 140 -0.139514427170001
110 111 0.8106907770853479
111 141 2.6126205727428067
111 112 0.7370400454989235
112 142 0.7075982220623921
112 113 -0.265112667008425
113 143 0.2358867434790223
113 114 -0.4960027085244326
114 144 -0.8939769046328084
114 115 0.903676162438532
115 145 1.3742277977067683
115 116 -1.7207912102085516
116 146 1.3251918726818528
116 117 0.8897126847833522
117 147 1.026265028089696
117 118 0.46874644731249776
118 148 0.6320056318127888
118 119 -1.791616176529478
119 149 0.43556331759915
119 120 1.1799285809055267
120 150 0.6094071308609177
121 151 1.3540608922755182
121 122 -0.44447550467112434
121 150 0.7194610048916003
122 152 -0.43570049770565444
122 123 -0.2676308849902822
123 153 -0.19533125511720512
123 124 0.04705010822199464
124 154 0.8872776902647226
124 125 -0.5132465487662201
125 155 1.9110049349533968
125 126 1.2410214829689628
126 156 -0.38354313254516376
126 127 1.278897438324387
127 157 0.22106120964365433
127 128 -0.32436818241219967
128 158 0.626986436996414
128 129 -0.992570634636507
129 159 0.6726864045844874
129 130 -0.11766497807885981
130 160 0.7928280136944827
130 131 -1.4390483021144538
131 161 -0.16346385149562884
131 132 1.5873926515199979
132 162 -0.035326522958860886
132 133 -0.010096842284664318
133 163 0.5143939979101881
133 134 -1.4409200399887507
134 164 1.6717278072209445
134 135 -0.8373553740504109
135 165 0.6317377113342406
135 136 -0.17992856521367592
136 166 -0.7589927357607537
136 137 -0.8251551209706715
137 167 -1.2928050138740503
137 138 -0.539986392140038
138 168 -0.4084055006300669
138 139 0.450876311386663
139 169 -0.8690330034953723
139 140 1.0853794821851466
140 170 -0.8736794015643098
140 141 1.6440732206126185
141 171 -1.2273565336255132
141 142 -0.22737585307164696
142 172 0.04168491098280117
142 143 -0.4807540478610615
143 173 0.9809753332958577
143 144 -0.2573493390847595
144 174 0.639969472267198
144 145 1.0584218507796785
145 175 -0.6180984785964129
145 146 0.305108408818589
146 176 -0.11239305454586215
146 147 1.663132601857488
147 177 -0.6946873270617159
147 148 -1.9666082990523994
148 178 0.48406578297323666
148 149 0.8201435970143077
149 179 -1.2175537217304169
149 150 -1.1309170916343676
150 180 0.6877652693479266
151 181 1.2470081438973093
151 152 0.4818308982680823
151 180 -0.8069637788913239
152 182 0.6384526112580804
152 153 -0.3333972687080932
153 183 1.0792805417114193
153 154 -0.027864754393167067
154 184 -1.7532492822958012
154 155 1.2681933378911319
155 185 -0.6145043189074001
155 156 -0.8089698401157849
156 186 -2.68913514737307
156 157 -0.33244348948428715
157 187 -0.7269326821962998
157 158 -1.304851322479672
158 188 1.5459655442090405
158 159 -0.2519294905157899
159 189 0.5219368507678697
159 160 0.29680293916360984
160 190 1.3086219741131586
160 161 0.10562952798443175
161 191 -1.1971055323262556
161 162 0.47620484894793574
162 192 0.8671200260684215
162 163 0.45049576222115073
163 193 -0.7361302166429038
163 164 0.23370825716930568
164 194 0.48585050642259964
164 165 -1.653074602345524
165 195 -0.47273560751127863
165 166 0.3493512890298792
166 196 -9.134276015547759e-05
166 167 0.1606550796108394
167 197 1.4377288307527432
167 168 -2.8507481834263895
168 198 -0.40487880520780994
168 169 1.4539600179916514
169 199 1.414884609648822
169 170 0.012276024873187366
170 200 -1.2666389109088363
170 171 0.498704287237729
171 201 -0.22716854009181867
171 172 -1.4829134223144478
172 202 0.8723835953845053
172 173 -0.5999130471427235
173 203 1.3089915338579907
173 174 -2.263880115964287
174 204 -0.7685795393266501
174 175 0.1508448747325359
175 205 -1.589800370403265
175 176 0.2608847120593257
176 206 0.5460574048470445
176 177 0.34194843219804194
177 207 -0.5655059072124967
177 178 0.09456997386620937
178 208 0.5321347779571436
178 179 1.763862065096102
179 209 0.6906833012979087
179 180 -0.368619446348553
180 210 0.22146521715174128
181 211 -0.3404722628445177
181 182 0.8842414061998012
181 210 0.2974855840608731
182 212 -0.28592740078548284
182 183 -1.5275523971507006
183 213 -0.048015349966574396
183 184 0.1508225500901309
184 214 0.8286281881427294
184 185 -0.15202454317185782
185 215 0.32295078420541157
185 186 0.6187946526235589
186 216 -1.3703788972257926
186 187 -0.1624653482324112
187 217 -1.0437049701931091
187 188 -1.3327661296788846
188 218 -0.1261362277693727
188 189 1.4234203133334613
189 219 0.35160791364664484
189 190 -0.5562817945608004
190 220 0.3745811376686021
190 191 -1.6755993593715466
191 221 2.1491895620872494
191 192 -0.7937592672029687
192 222 -0.14596474300596446
192 193 0.8957018508397437
193 223 0.2134222013078535
193 194 0.7541956937152487
194 224 -0.729213978866558
194 195 0.9359734842913683
195 225 -0.42857454048684224
195 196 0.32768274104377343
196 226 0.4243328148706965
196 197 0.040139213569145564
197 227 -1.019323467583428
197 198 -0.046253452603410905
198 228 -0.2808113194819518
198 199 0.01412993522573951
199 229 0.5000611642244879
199 200 -1.5262544418640063
200 230 -1.5554396766229375
200 201 -0.8826136489211197
201 231 1.0216397830718884
201 202 -0.7101596404469941
202 232 2.80057652629114
202 203 0.8890120820279599
203 233 0.6530230512338326
203 204 -0.0472708554005465
204 234 0.7040307118084788
204 205 -0.45910772956165996
205 235 -0.8204969525095921
205 206 -1.6627181090117482
206 236 -2.3301774407011635
206 207 -1.6278097071378064
207 237 0.641592672955196
207 208 -0.6969080985112627
208 238 0.7268211239018103
208 209 1.106892682601855
209 239 0.5484356680916991
209 210 1.416342509164055
210 240 1.320902698571155
211 241 -0.14519552038131642
211 212 0.59416262111398
211 240 0.19047474629601896
212 242 1.0837475137049508
212 213 0.6783810763399682
213 243 -1.4801395719198258
213 214 -0.6420903633240308
214 244 -0.797147397444302
214 215 -0.7050917077830583
215 245 -0.9891083691013239
215 216 -0.8699162918814376
216 246 0.9775040262582568
216 217 0.8789229510667573
217 247 -0.2711193203204156
217 218 -1.4695229129471183
218 248 0.24387679768823312
218 219 1.0819425965047298
219 249 2.305178332336993
219 220 0.6563841381844268
220 250 -0.12502578035315276
220 221 0.558453688192894
221 251 0.061025710115210845
221 222 0.9401147857536467
222 252 -0.9614909186375183
222 223 0.856630013090302
223 253 2.182557815639944
223 224 -0.2639236404490474
224 254 1.8655282212652418
224 225 -0.20928448030943128
225 255 0.027359716629769767
225 226 -0.060492369787626725
226 256 -1.0409980441088797
226 227 1.3421320249629303
227 257 -0.11747817267124992
227 228 0.18535400305304725
228 258 -2.377728590448038
228 229 -0.7723712838802081
229 259 -0.7218086956165325
229 230 -1.0570286898796435
230 260 0.5249170061435252
230 231 -1.404250915793668
231 261 0.6598311665974049
231 232 1.399044776621321
232 262 -0.0406525881683267
232 233 0.8100676473272413
233 263 1.293807936213276
233 234 -0.5272288201554864
234 264 -0.47511553779210347
234 235 0.11387956847758908
235 265 1.815494190686097
235 236 1.1702535869984887
236 266 -1.9055011450184798
236 237 -0.8588441859814759
237 267 0.5667883435395628
237 238 1.790521736976074
238 268 -0.9253267081814109
238 239 -0.5053924721546204
239 269 1.2755350259206402
239 240 2.02195552316869
240 270 -0.38720249121115513
241 271 0.9676840695930728
241 242 0.8512287539271445
241 270 0.12409997718425587
242 272 -1.2309714621459233
242 243 0.6049457496489843
243 273 -0.23225992433021408
243 244 0.454949760423688
244 274 -0.2625825992249778
244 245 0.09511338532660832
245 275 -2.1532731508942873
245 246 1.9032176816037663
246 276 -1.0844408056270605
246 247 0.525399632739013
247 277 0.35377453109850004
247 248 -0.6703548498148183
248 278 0.18675354206781483
248 249 0.3065153292824013
249 279 0.15926506790450173
249 250 -0.3227087348969311
250 280 0.9582216569167554
250 251 0.3765216685280376
251 281 0.01598189855708013
251 252 -1.5175450263108896
252 282 0.27558272551397706
252 253 -1.0085956705640633
253 283 -1.1962860748878186
253 254 -0.7425962762026728
254 284 0.3527571672720366
254 255 1.1153698405271797
255 285 0.9631691033578821
255 256 -0.5968246170957195
256 286 -0.947610974652367
256 257 -1.5674349845561213
257 287 0.9825662220488413
257 258 -0.6140761478281058
258 288 -0.12291945951292324
258 259 -1.1533728833495829
259 289 -0.2548251609655955
259 260 -0.2404221610295101
260 290 0.6908025817930552
260 261 0.42023555412981894
261 291 0.2947156244299482
261 262 0.24314867733209022
262 292 -0.7513798511985975
262 263 -1.793643127065026
263 293 0.5172308238597549
263 264 0.2704252915696833
264 294 -2.304352474371811
264 265 -1.2783430359213135
265 295 -0.8438807751705446
265 266 0.15344551358866917
266 296 0.000222315866040844
266 267 -0.6868760631808587
267 297 -1.2672171049955583
267 268 1.2210010881296984
268 298 1.4488091462738202
268 269 -0.11682651934941206
269 299 1.021717078268871
269 270 1.1414227228979887
270 300 -0.2963831972137271
271 301 1.3565345286308241
271 272 -1.2039336165988888
271 300 -1.1851334996828247
272 302 -0.23096016132736208
272 273 -0.8699702081874621
273 303 0.9358129532924447
273 274 0.5555502832168526
274 304 0.7102016843178162
274 275 1.590903523611814
275 305 0.95803630266785
275 276 0.8405710369668684
276 306 -0.0274971677498575
276 277 0.49027976272318613
277 307 -0.3203062075662267
277 278 -0.12470573404112754
278 308 -0.17813688461042898
278 279 -0.8477518626182889
279 309 -0.3352837542631656
279 280 0.5650485231904514
280 310 -0.2589012063177259
280 281 -0.3380229118778068
281 311 -1.421967516879924
281 282 0.36112617703388317
282 312 0.492142959482984
282 283 0.167986836135385
283 313 -0.08620664326572736
283 284 -0.7080792687359675
284 314 -0.5037615072416626
284 285 0.4091183981262674
285 315 0.16843485561874136
285 286 0.8683873023217394
286 316 -0.35167328735969094
286 287 -0.9797542279170439
287 317 2.3369866224729985
287 288 -1.372238407657217
288 318 0.558589367599871
288 289 -1.2968053579266854
289 319 0.8569822443886909
289 290 0.055131821413245914
290 320 0.46728278425838765
290 291 -0.6896106550931116
291 321 1.053265182682618
291 292 0.5292367006060752
292 322 1.539632670715015
292 293 1.9494539530550323
293 323 -0.7018228075077395
293 294 -0.7750546731609756
294 324 -0.9678160750273256
294 295 -2.5382041358338427
295 325 0.6021943285427189
295 296 0.8589150059164253
296 326 2.556919554947967
296 297 0.7983835314002541
297 327 -1.3889521986723234
297 298 -0.4379897143768138
298 328 0.3111839071478428
298 299 0.3869330720132858
299 329 -2.149610858425565
299 300 -0.2892410236935424
300 330 0.8632512478211347
301 331 0.3423618564881304
301 302 0.3902169333289025
301 330 -0.5670804859383091
302 332 -0.7451807217098938
302 303 -0.9802420660273955
303 333 -1.0213755134693852
303 304 -0.9422310287743055
304 334 1.456079689951097
304 305 -0.6420021719446756
305 335 0.4539916195533328
305 306 -1.9243082383072103
306 336 1.3822560118713785
306 307 -0.5431131433031513
307 337 1.942466336012095
307 308 -0.47138644022260257
308 338 1.466357895165813
308 309 -0.2686685788496292
309 339 -0.16118243085162035
309 310 -0.11183053523972496
310 340 -0.6142295335410815
310 311 0.07509556549240222
311 341 0.9526211123368388
311 312 0.36082417822040247
312 342 2.401931968555539
312 313 0.30563165284103566
313 343 -0.11251154649783644
313 314 0.35087207997216635
314 344 1.076941143136106
314 315 0.6137640180450378
315 345 -0.9390158952658887
315 316 -0.0054265946720048145
316 346 0.7707754100870653
316 317 1.0833714378653736
317 347 0.6184711960321784
317 318 0.8242110678328651
318 348 -1.3462554288998034
318 319 1.025211434257597
319 349 -0.26033405527013953
319 320 -0.21660855997388295
320 350 -0.1675531554795002
320 321 -0.7998294695811414
321 351 -0.44783312907180994
321 322 0.3917602671655144
322 352 -0.9173195760639058
322 323 -0.5946204727751253
323 353 -0.18338402423322409
323 324 2.1176265755045014
324 354 -1.3922559706884223
324 325 1.2505979889592758
325 355 1.5024406709591285
325 326 -1.73391797154274
326 356 -1.501231823086664
326 327 -0.898707255114861
327 357 -0.4206016491398856
327 328 -0.511657401728506
328 358 -0.036183044901157486
328 329 1.6396730061437659
329 359 -1.171570417583647
329 330 -1.6754390851813405
330 360 1.2122700050415025
331 361 -0.8452313054105921
331 332 -0.6303226335500651
331 360 -1.2244080235708243
332 362 -0.023802340377990033
332 333 0.7870642764130809
333 363 0.11129471686585164
333 334 -2.188477514276897
334 364 0.5998196471078505
334 335 -1.2009729306791421
335 365 -0.41398282700717626
335 336 -1.579773887123546
336 366 -0.3503018224449458
336 337 1.123791854009256
337 367 -0.39913776744183976
337 338 -0.21032887226155336
338 368 0.6376127107644108
338 339 0.9103378555173485
339 369 1.1632259467129364
339 340 1.2491580304965069
340 370 -1.6982554014380955
340 341 -0.4142481456297292
341 371 -1.168265421903066
341 342 -1.128344824861354
342 372 -0.13816506764348432
342 343 0.23860640037062086
343 373 1.98566519802922
343 344 -0.45894620273547143
344 374 0.0853258043997416
344 345 -0.46612868167588467
345 375 0.07720105964944941
345 346 0.21416567769859035
346 376 0.7760602205324098
346 347 -0.24786790834329614
347 377 -0.4322313864216072
347 348 1.1280163569761827
348 378 -0.43203906461248154
348 349 -1.4342904111400345
349 379 -0.17300480912085278
349 350 -0.5253118711150299
350 380 0.3203959562038394
350 351 0.026037317208622922
351 381 0.016429285818925853
351 352 1.1108762088675366
352 382 -0.3341226723904955
352 353 -0.35754811708030015
353 383 1.035185845099462
353 354 0.10576305543111439
354 384 1.2765650013148662
354 355 -1.3046703474803703
355 385 0.24442126844154896
355 356 1.0356750899305358
356 386 -1.0899049056441745
356 357 2.6938086841681095
357 387 -0.7175703106381269
357 358 0.03458452838154887
358 388 1.1876740773429604
358 359 1.0387079503572676
359 389 0.40619116161854596
359 360 0.7472418554885817
360 390 -1.600218031597796
361 391 0.6110239001507782
361 362 -1.3415559349267612
361 390 -1.0593657788498807
362 392 1.0233894207040874
362 363 0.24365637765486503
363 393 0.6789940557358852
363 364 -1.4045792509052673
364 394 1.4654426244202743
364 365 0.31565315034861624
365 395 -0.8165034866692945
365 366 -0.8807488537538726
366 396 -0.028171046692931898
366 367 0.5345867423498418
367 397 -0.8154786078927876
367 368 -0.7337689805408492
368 398 -0.6308541602529163
368 369 0.6746452169746221
369 399 0.12838434565508924
369 370 -0.3067699717794364
370 400 0.5605044597139311
370 371 1.8508194772625426
371 401 -0.03738184888658427
371 372 -0.112971715830833
372 402 2.120995202551683
372 373 0.056989214978802834
373 403 -1.4110922863962672
373 374 -0.8897086570800123
374 404 0.9849690612795382
374 375 1.4242295200772845
375 405 -0.8247739050577977
375 376 -0.03906363229287456
376 406 -0.8311018287591428
376 377 1.1810851336505022
377 407 -0.29855911020582604
377 378 0.928125866236184
378 408 0.4134983245053059
378 379 0.5828899272836087
379 409 -0.6893945673558105
379 380 1.847464184962909
380 410 0.43410896163134327
380 381 -1.2215373933532048
381 411 -0.5515064486327784
381 382 0.7136016469409207
382 412 1.7168023296824668
382 383 0.6150854595856938
383 413 -0.9539079736216884
383 384 -2.185344910778255
384 414 -0.9670503890748808
384 385 -0.06268721237101287
385 415 0.3721617878036585
385 386 -0.6866993677570111
386 416 -0.49834610712147825
386 387 0.2911345353359142
387 417 2.143086466943179
387 388 -0.23368829332912164
388 418 0.856769532331431
388 389 1.8682487657695315
389 419 1.2426854590948597
389 390 -0.6401279157321719
390 420 -0.07102161257633217
391 421 0.13127438333466043
391 392 0.583775049559169
391 420 1.6568381879617327
392 422 -0.23163928103565745
392 393 -0.19628123282735432
393 423 -1.7912679205619362
393 394 -2.186138839219564
394 424 2.2289404295184303
394 395 0.44407777722101344
395 425 -0.3410099675592603
395 396 -0.7390879054993624
396 426 0.8477370418396702
396 397 -1.3215007484295729
397 427 -0.5141135924800165
397 398 -0.35651580741368016
398 428 1.1866761966158277
398 399 -0.2477671551513244
399 429 -0.27066248708850965
399 400 -1.27009918842844
400 430 0.42030118517807136
400 401 1.0840568731806537
401 431 2.4165458184807407
401 402 0.6221039132272415
402 432 -0.9867297926553147
402 403 0.5002719876146465
403 433 0.17561246571789826
403 404 -0.47408677406690664
404 434 1.1902528757299793
404 405 -0.18313148531194792
405 435 -1.1146077871794284
405 406 -0.8135987399312761
406 436 0.9444272188399151
406 407 1.0907607073375158
407 437 -0.6747105740767011
407 408 -1.204492180308738
408 438 -2.6714673392200874
408 409 -0.780456072350577
409 439 -0.6875009754870329
409 410 1.5270604755303574
410 440 0.257643727793386
410 411 0.9201226082417959
411 441 0.5454472072757293
411 412 -1.2246031110168458
412 442 -0.09635993473167088
412 413 1.9894830080631973
413 443 1.1641000368973162
413 414 1.599150886131285
414 444 -0.9624100013077732
414 415 0.871358244307739
415 445 0.22467519251092014
415 416 -1.6705179796767329
416 446 -0.2943979942899641
416 417 0.10782951176305772
417 447 0.06844427491818075
417 418 -1.4390982749581205
418 448 0.45748628056317864
418 419 0.24599809826794158
419 449 -2.2307173839442465
419 420 1.362248649779427
420 450 -0.3681739413345532
421 451 0.3302253500454973
421 422 0.317411758767532
421 450 0.2748629782941598
422 452 -0.998257075916542
422 423 1.1260406501690408
423 453 0.3869395617402576
423 424 -2.144532307289361
424 454 -0.14141448399531348
424 425 0.32899268610365445
425 455 1.3345643218422758
425 426 -0.1587174680241164
426 456 -1.3020584685733367
426 427 0.6631714073059038
427 457 1.0900776621626649
427 428 -0.36621311386903943
428 458 -0.9103882547364336
428 429 -1.1986743842986303
429 459 0.1846500983354935
429 430 -0.5077225193351377
430 460 1.3057563120162747
430 431 0.46437142708180906
431 461 -0.6254595168299798
431 432 -0.6901740363974411
432 462 1.3053480792146843
432 433 -0.2522792529945863
433 463 -0.3914628371752795
433 434 -0.3864001073623449
434 464 0.5657512541462937
434 435 0.7821711288156965
435 465 -0.6722390438127017
435 436 -0.6427798467787185
436 466 0.13584082646921633
436 437 0.1216547661962908
437 467 0.047992042571321204
437 438 -1.8828617548013122
438 468 2.151354936028479
438 439 -2.6395181337966647
439 469 -1.2843728120563604
439 440 0.3362173328747864
440 470 0.5954996584756381
440 441 -1.3546562218057234
441 471 0.6232490864064629
441 442 1.9092074554483056
442 472 0.5926158391253362
442 443 -0.21064352972428724
443 473 -0.4906053807127665
443 444 -2.891116024718469
444 474 0.31339196474548203
444 445 1.1901820714209026
445 475 -0.8456013021921331
445 446 1.4227895415623442
446 476 -0.024570029589370625
446 447 -0.9093196763609773
447 477 0.39741116820958083
447 448 1.806640093666067
448 478 0.8536568655624077
448 449 -0.7492703646811607
449 479 0.38588379690374663
449 450 0.13619160516439305
450 480 1.3344680785157832
451 481 0.0726940272039124
451 452 -1.583871742865948
451 480 -0.8197222252805135
452 482 0.27133804148010504
452 453 0.20493928631792183
453 483 -0.05216350183200065
453 454 1.2811194470823397
454 484 0.1535051772742056
454 455 1.216550661718421
455 485 0.0674885689873639
455 456 -0.6671124154712966
456 486 0.17206026090992171
456 457 -0.04658069316940957
457 487 -0.2840522526265948
457 458 -0.4951760278914207
458 488 -0.8754307029035986
458 459 -0.6284766160458979
459 489 -0.7851821232697325
459 460 0.8976435862077423
460 490 -1.6702370521415295
460 461 -0.2730983610866895
461 491 1.3497552810972067
461 462 -0.5958632341943311
462 492 0.9467930261122441
462 463 -1.66113216292612
463 493 -0.9897056437393738
463 464 1.6783639120026068
464 494 0.48947706867812324
464 465 -0.7631576161483407
465 495 -0.6453787763153924
465 466 -0.9628850989200151
466 496 -0.9641664274315749
466 467 -0.4100523803279024
467 497 -1.2021479658003464
467 468 -0.47518124780502263
468 498 1.5904324098869618
468 469 -0.8931021572486244
469 499 0.4448036621877518
469 470 0.9113684869104327
470 500 0.6826939508883851
470 471 -0.15544798228704854
471 501 1.6205322261232424
471 472 0.07541206469916475
472 502 -1.2358831261923258
472 473 -1.5865394248722162
473 503 -0.43872642183248806
473 474 -1.2439510038722306
474 504 1.147337609091271
474 475 -0.37511807816270387
475 505 0.5147627165518188
475 476 0.6630599490722523
476 506 1.963005540025847
476 477 0.908391585987923
477 507 0.3002958997663278
477 478 0.6043236770158849
478 508 -0.10229633521239664
478 479 -0.14799494832062857
479 509 0.21713494661532926
479 480 0.35650153716179395
480 510 -1.4597459348876893
481 511 0.5432472887364224
481 482 -0.17585404512204134
481 510 0.817159550389578
482 512 -0.7094604133917115
482 483 -0.6956146978734483
483 513 -0.4055652473792615
483 484 0.6621747287411743
484 514 0.43406562492466816
484 485 -0.6492788013165497
485 515 1.0501259099025384
485 486 0.9685915031191143
486 516 -2.2619115398047294
486 487 -0.5343681662171252
487 517 0.6000142722200483
487 488 0.06893930161908667
488 518 0.9415150131213504
488 489 -0.5480087418214509
489 519 0.45716918515789345
489 490 0.3585732370271971
490 520 -0.10185671191460281
490 491 1.066042269117218
491 521 -1.3250407081771545
491 492 0.5190971852970423
492 522 0.32339934662800685
492 493 -1.4286048230757553
493 523 1.3827604025566285
493 494 0.3908655106042666
494 524 -0.3990507179931639
494 495 -0.05517303286836275
495 525 -0.737803619305834
495 496 1.0744373686772857
496 526 -0.418660080555098
496 497 -0.5688705647435139
497 527 0.5330569613609122
497 498 1.5341593009808918
498 528 -0.6943824503122326
498 499 0.38348477824840277
499 529 -0.06314252469279216
499 500 -1.4816096328305726
500 530 0.20073628050715245
500 501 0.3112796232040445
501 531 0.20994875653468406
501 502 -1.0158152315448077
502 532 1.0804498953541148
502 503 1.6598193018430951
503 533 1.1548146979749325
503 504 0.055570709013964395
504 534 -0.4134625903685709
504 505 2.074592242545413
505 535 -0.7691446832783836
505 506 0.3739983508202994
506 536 0.6593650947330457
506 507 -0.27546824117018875
507 537 1.115972803152645
507 508 -0.21867871851078005
508 538 0.16571324079782662
508 509 -0.4187615998795372
509 539 -0.08126792998406912
509 510 0.13515418180420058
510 540 0.5566340933112304
511 541 -0.219356556910305
511 512 -0.9586235162734256
511 540 0.24325407405839522
512 542 0.42732430650042064
512 513 0.3896203686515312
513 543 0.5450302273083859
513 514 0.34582356245835294
514 544 1.8788414274852312
514 515 0.7617699716483339
515 545 0.8978771308455717
515 516 -0.28176299462281307
516 546 1.7823478202632295
516 517 0.02339298689908116
517 547 -0.3143813831190774
517 518 0.7187906508217455
518 548 0.5199941879141634
518 519 0.4187806355415039
519 549 2.023148755495913
519 520 -0.3417003267542126
520 550 -0.009420141506375093
520 521 -1.2114820953799752
521 551 0.12334980438231369
521 522 -1.055583229947671
522 552 -0.1559445048960602
522 523 -0.5304825471449383
523 553 -0.9704478879258933
523 524 0.6267904083666177
524 554 -2.757337918279806
524 525 -0.8375287331523446
525 555 -1.6013754103119828
525 526 -0.987450050738427
526 556 -0.27318278189700207
526 527 1.1076347460031384
527 557 0.015430906179398783
527 528 -0.32693177844067517
528 558 -0.5917498790324089
528 529 0.14895404643896407
529 559 -0.03688694634516186
529 530 -1.353067547138707
530 560 0.35484948951503564
530 531 0.046360328688673104
531 561 0.594435459222952
531 532 -1.4664490653782325
532 562 -0.6176419720457356
532 533 0.11729275224914125
533 563 -0.11017619370630741
533 534 2.965165971999369
534 564 -0.4232692991316672
534 535 -0.18260697855193472
535 565 -0.36385413743583833
535 536 -0.05221734731616328
536 566 0.09873614389170471
536 537 1.388752754505688
537 567 0.4093330797051855
537 538 0.2689813127538475
538 568 1.31923048864938
538 539 -0.0303302390312068
539 569 -0.027657354597678912
539 540 0.4775710260091905
540 570 -0.33907670160326836
541 571 -0.7996188181212255
541 542 0.7988986998329551
541 570 -0.41171105618626197
542 572 0.8300588865381298
542 543 -0.2836451082702094
543 573 0.46281221171560366
543 544 0.9854674435427042
544 574 0.2947375868695017
544 545 -0.8585660180236221
545 575 -2.311225608994479
545 546 0.18759940641430212
546 576 -2.1822807378486355
546 547 0.019564167995952383
547 577 0.22376087253704868
547 548 0.9068841629904073
548 578 -0.6159745299628625
548 549 -1.0303734157729123
549 579 0.0357936494158744
549 550 -0.24457998305619502
550 580 -0.5399914343368071
550 551 -0.6771029088317397
551 581 -0.2790461779806979
551 552 1.2645744108247732
552 582 0.3741164997717202
552 553 0.5929609699516782
553 583 -1.944612862626665
553 554 0.8638281538322271
554 584 0.4249959537967545
554 555 -0.03724023886342854
555 585 -0.9572173058837742
555 556 0.4907685704598271
556 586 -0.6018684048529981
556 557 -0.8220429076127285
557 587 -0.669432991243684
557 558 1.4333211649173894
558 588 -1.413760988368817
558 559 -0.5281073459549137
559 589 0.2405980045477439
559 560 -0.7422605418886111
560 590 1.629162933881836
560 561 -0.6659812621112033
561 591 -1.9737240100440174
561 562 0.06614790325736113
562 592 -0.8686324605317036
562 563 -0.7840036102575783
563 593 1.7707666029022509
563 564 -0.2675976741129429
564 594 -1.684879593336763
564 565 0.7125213756700753
565 595 0.327436582805302
565 566 0.4596358203441235
566 596 1.556118486768265
566 567 -0.4225692857580216
567 597 1.1553319333742056
567 568 0.03128228609313816
568 598 0.3364868189055753
568 569 -1.594388521422516
569 599 0.4626633338858105
569 570 0.00796569551494621
570 600 0.016963700664606292
571 601 -1.9969902945893598
571 572 0.32565300129308317
571 600 -0.9577639826478523
572 602 0.9078900884871923
572 573 0.7054468349416642
573 603 -0.38068502928885556
573 574 -0.5446336839257594
574 604 -1.3518624958981618
574 575 -1.3940196683521897
575 605 1.1168508068803784
575 576 1.2349981591635895
576 606 0.6178728005762203
576 577 -0.32215452066934525
577 607 -1.1577989538187796
577 578 0.11867885210256073
578 608 -0.5537822271176196
578 579 0.34210896845050887
579 609 1.2180177369272378
579 580 0.12857820536798037
580 610 -0.028052494822653172
580 581 1.6269445984189206
581 611 0.4555097607379515
581 582 0.9117575098411862
582 612 -1.8261156568156904
582 583 -1.737313442816955
583 613 -1.0140359918427604
583 584 0.5572627885233417
584 614 0.361028098631792
584 585 0.285665569828986
585 615 -0.5763223275217644
585 586 2.0717787516546244
586 616 0.9066470888681809
586 587 1.3064800337547227
587 617 -0.16603072199931723
587 588 0.6347662589000294
588 618 0.23548689459192798
588 589 0.6835252614046696
589 619 1.1350564408357708
589 590 0.36064608587628477
590 620 1.6682692700427424
590 591 -2.3214592489381416
591 621 1.4756842053670944
591 592 -1.1295239804553223
592 622 -0.6983474952923088
592 593 1.5303728175248863
593 623 -0.6728826639581421
593 594 0.6357075719262033
594 624 -1.0957786281923234
594 595 0.9644235189147808
595 625 2.316706597178096
595 596 -0.31584495159700676
596 626 -0.22867680140419505
596 597 -1.1243850797277772
597 627 -0.6965531410543798
597 598 -0.6657900848981542
598 628 -0.6557175643031192
598 599 -0.678726609647725
599 629 0.9095974161401443
599 600 0.950700113272041
600 630 -0.4757832460283241
601 631 1.8409600128912187
601 602 -0.24597247762632396
601 630 0.7705717631286528
602 632 -0.29557304431264275
602 603 -0.5925052936237881
603 633 -2.207959961503445
603 604 -0.9614913014187801
604 634 -0.30083582894439864
604 605 0.254881662266773
605 635 -1.3340061698822114
605 606 0.37033868706743417
606 636 -0.23933920798027644
606 607 0.22277627477450718
607 637 -1.6058180583319135
607 608 -1.4834743110147868
608 638 0.7137877634261853
608 609 0.07232667146700009
609 639 -0.6052234276134936
609 610 0.4480923299250009
610 640 0.07906083732814762
610 611 -0.29276688507845605
611 641 -1.08145589366694
611 612 0.8047415835105898
612 642 -0.5403137556868425
612 613 -1.110026023659562
613 643 -1.1091984310502863
613 614 -1.2001716555222242
614 644 -0.6447030523004824
614 615 -0.1621759012709729
615 645 1.2743593773893689
615 616 -0.1904511095629508
616 646 -0.43718520424694357
616 617 0.10308564205777115
617 647 0.27674766487560376
617 618 1.4183562702926198
618 648 -0.030069100664644726
618 619 0.7335669799455111
619 649 0.2495517506372814
619 620 0.9769454783979121
620 650 -0.5323220738808702
620 621 1.0256363236388586
621 651 -0.11889416455494502
621 622 -0.7699453954409292
622 652 -1.5544597867184475
622 623 -0.3058981377949563
623 653 0.4441184321629314
623 624 -0.5343150879498744
624 654 0.7152645677366982
624 625 0.5883868856713322
625 655 1.6058061606801375
625 626 0.8675529550541338
626 656 1.019925493293074
626 627 -0.5665728101119991
627 657 -0.7197967270837237
627 628 2.2993787655315074
628 658 0.25605441256911504
628 629 -0.3022345918793618
629 659 0.531632768719354
629 630 0.3956019652528479
630 660 -0.7168684617566209
631 661 -0.7308269332192046
631 632 1.8569943830197666
631 660 -0.29533067262475243
632 662 -1.0528935754293174
632 633 0.6654656954487024
633 663 -1.0732665182690164
633 634 1.5197901433488281
634 664 0.8120881284540528
634 635 -1.8737009787629706
635 665 0.9939022741884501
635 636 -1.6007982906942086
636 666 -1.3813242598474935
636 637 -1.7002632543267282
637 667 -1.5619169265822455
637 638 1.0122188802967418
638 668 -0.38763061752615946
638 639 0.019983727474189392
639 669 -0.35945715078354173
639 640 0.573390245092845
640 670 -1.267329308925844
640 641 -0.3656804141187963
641 671 -0.11748503221883069
641 642 0.35510568212190813
642 672 0.6309447583064643
642 643 0.0012488934242283396
643 673 0.43963641803938724
643 644 -0.4511636180296522
644 674 0.818477104460388
644 645 0.9241143210957318
645 675 1.320162907623803
645 646 -1.7127924605765115
646 676 -0.7816998450851612
646 647 2.012026159042977
647 677 0.5944123486845461
647 648 1.1397230734068733
648 678 0.2686349178964178
648 649 1.809864359956834
649 679 -0.22000418365115862
649 650 -0.3353843597480161
650 680 0.2601262781016042
650 651 -0.0821809999130485
651 681 0.47358127785334253
651 652 -0.9023246703027802
652 682 1.1103378589709678
652 653 0.535548979884716
653 683 0.4642677267442861
653 654 0.08151775544344754
654 684 -0.8005212403416258
654 655 -0.2960419311753377
655 685 0.07887944898493075
655 656 -0.279800251969898
656 686 0.04036016861597104
656 657 0.33456353879999884
657 687 0.11576355100712725
657 658 0.1653419333292622
658 688 0.6192868171858167
658 659 -0.1682713943654312
659 689 -0.8316508221693724
659 660 -0.9173135033295174
660 690 -0.3297347610348271
661 691 -0.3966361997905066
661 662 1.6039218661734835
661 690 0.24713143273044386
662 692 0.34923571262243064
662 663 -1.9019605624873477
663 693 -0.24331230855670402
663 664 -1.4906499442086967
664 694 0.387961642555171
664 665 -0.20029693171416382
665 695 0.9017047309898775
665 666 0.022154788570432734
666 696 0.9273441288459281
666 667 -0.4176073213575957
667 697 1.2575247077413196
667 668 -0.3946732445738984
668 698 0.07686254240679716
668 669 -0.5026524028923067
669 699 -0.6993235952477851
669 670 0.3567403347769133
670 700 1.4724882062194318
670 671 0.19453781565756467
671 701 0.4245866977031942
671 672 -2.011963636366964
672 702 0.3072382801729085
672 673 2.103903159349367
673 703 1.3105993475480704
673 674 -0.673878975727553
674 704 -0.8530962666805382
674 675 0.6057165780536004
675 705 -0.24504172249564266
675 676 -1.317879301754766
676 706 0.08632965047868169
676 677 -1.0655559228609988
677 707 2.260162379329904
677 678 -0.18701934071589388
678 708 -0.6499599986503707
678 679 1.959302126472003
679 709 -0.4852412542441241
679 680 -0.22621171573737803
680 710 -1.660082772672552
680 681 -0.43683368684274204
681 711 0.29139487660107133
681 682 1.3104794136764335
682 712 -1.6424582419151967
682 683 -0.7234249392665009
683 713 0.6286359086686144
683 684 -0.04235492131723023
684 714 -0.027649064166765738
684 685 0.310540585945568
685 715 -0.008744977597487788
685 686 0.8021964795180588
686 716 0.5121215115792197
686 687 -0.6507883694377176
687 717 -0.1808894775801767
687 688 0.1164149376825668
688 718 0.22491028727006004
688 689 -0.540692804763778
689 719 2.5974261838138704
689 690 0.08863989957339302
690 720 2.3195375152247157
691 721 -0.9813236677216852
691 692 -1.148402036032591
691 720 -0.0659530480974074
692 722 1.2215617936756178
692 693 1.1661169526277486
693 723 1.0356381424871248
693 694 -1.1816247653750203
694 724 -0.12441729068726515
694 695 -2.7415497693778477
695 725 0.21568326173996433
695 696 -0.7165209289863046
696 726 -2.187507063791662
696 697 -0.4075380255566051
697 727 1.611373600002612
697 698 -0.6343786173827441
698 728 0.5065517448703212
698 699 0.3575907848545505
699 729 0.2025729831044966
699 700 -0.7554920231987335
700 730 1.4484165348174556
700 701 -0.5690740527253835
701 731 -0.7495194736169206
701 702 -0.30233740140655396
702 732 1.4353541710064528
702 703 -1.0256345926856791
703 733 -0.7637782665742991
703 704 -0.41381515743291447
704 734 0.3935168161426068
704 705 -0.7838048752222988
705 735 -0.3272511595372293
705 706 -0.19030608019816028
706 736 0.9579484224786908
706 707 -0.3752627233273128
707 737 2.049348270724603
707 708 0.6032479414266447
708 738 0.0717242931611818
708 709 -0.05964132067285602
709 739 0.6481238198865662
709 710 -1.2230646909095326
710 740 0.9518645989509485
710 711 -0.6691333173561712
711 741 0.5628294597095012
711 712 -0.1523937382251733
712 742 0.3671472009086981
712 713 -0.384145955362131
713 743 -1.4218580774229814
713 714 0.41455302799895055
714 744 0.3504902829631458
714 715 -2.0389508010744044
715 745 0.5516515393556768
715 716 0.6251506236056498
716 746 -0.13967951014806476
716 717 -0.4333477378291333
717 747 0.33554542102929574
717 718 0.8396596797704629
718 748 0.3727405524437616
718 719 1.7505865342521982
719 749 1.0938288780357475
719 720 0.44073502169106316
720 750 -0.045749439313608226
721 751 0.7816193326163875
721 722 0.8910993587356456
721 750 0.08722600766161985
722 752 -0.43599340301137185
722 723 0.7196496656384994
723 753 -2.4716942781493088
723 724 1.2622813903668515
724 754 1.8894705073215632
724 725 1.363362240684411
725 755 -0.5527417942577226
725 726 -0.5479422880098245
726 756 0.5652718965190032
726 727 -0.702944212150816
727 757 0.4486410807232222
727 728 -0.825647151928613
728 758 0.9552783024907566
728 729 -0.2588568917427089
729 759 -0.10919002468518735
729 730 1.717668190852901
730 760 0.6272632888460415
730 731 0.20540906902195832
731 761 -0.10354350524493976
731 732 -1.2439474529366696
732 762 0.41500882539005834
732 733 -0.3587704082820284
733 763 0.47733481685757034
733 734 0.8053381308099847
734 764 0.08201171020401214
734 735 0.7764228210968509
735 765 0.8103639217977406
735 736 -0.05391541162315373
736 766 -0.5602584007293187
736 737 -0.2691964724012343
737 767 -1.0191654283332294
737 738 -0.7624419708766217
738 768 0.4474082259214453
738 739 0.361312245381759
739 769 0.715268579229718
739 740 -0.12828825898580107
740 770 -1.0744044555823642
740 741 -0.5558652633977165
741 771 0.5921389650926854
741 742 -0.22412188003271022
742 772 -0.5100952065786993
742 743 0.4433922269362441
743 773 0.9446919940992129
743 744 -0.0837480533382124
744 774 -0.1393929113779945
744 745 -0.3255567598611481
745 775 -1.7113548578870972
745 746 1.1047751510740007
746 776 -0.6563783061956253
746 747 0.36530656049251187
747 777 -1.7724288667452661
747 748 2.945267421415645
748 778 0.9690845485213201
748 749 -0.29995202649386526
749 779 -0.04086265752001826
749 750 0.9924481773487218
750 780 0.2778864411225698
751 781 -0.17222938422247197
751 752 -1.1563228590566634
751 780 -0.995850286976572
752 782 1.6060300486609882
752 753 0.3669593793649344
753 783 0.2600879621063081
753 754 0.37783698949208605
754 784 0.18260608961766586
754 755 2.0801052647588714
755 785 -0.6939091931737698
755 756 0.056106665392631115
756 786 0.14973969044356464
756 757 -1.0892039858704516
757 787 -1.8315307423700447
757 758 1.6660210328533358
758 788 1.2339959237935227
758 759 -0.21123147634529915
759 789 -0.05729699199751001
759 760 -1.2573643320466206
760 790 -0.06499492308741804
760 761 -1.609645399543037
761 791 -0.9228174826601556
761 762 -0.08872282746013116
762 792 -1.204148769251984
762 763 0.7484434873681538
763 793 -0.44454756403965495
763 764 0.41617578001418953
764 794 -0.19677717699271596
764 765 -0.5873763888170291
765 795 0.9170158404441813
765 766 0.07960358190432223
766 796 0.14965101890654894
766 767 -0.3146110802104554
767 797 1.1277944550737002
767 768 -1.986713879400247
768 798 0.9675862428449524
768 769 0.2639916381590223
769 799 1.4613659990745482
769 770 0.33172721443410513
770 800 -1.5060932525975015
770 771 0.6646232170646409
771 801 0.011191679845219335
771 772 -0.5899844788304177
772 802 0.6164855834908611
772 773 -1.9729526813853473
773 803 0.10808630889985237
773 774 -0.38207731221062
774 804 -1.3920646608384073
774 775 1.8389390793587195
775 805 2.7701609950391646
775 776 -0.28439381100044403
776 806 -0.050920295881058106
776 777 0.29261246769525795
777 807 0.2064604303067465
777 778 0.12248147175721298
778 808 -2.0564097239283785
778 779 0.46755416873404937
779 809 0.14013082633401128
779 780 -0.29554626681333845
780 810 -1.2107392038268712
781 811 -1.100835477547126
781 782 -0.7765181573618732
781 810 0.19668532713614872
782 812 0.8333943701705293
782 783 0.3276455035880909
783 813 -0.2170069175729176
783 784 -0.642600693623482
784 814 0.557783065797999
784 785 -0.8209205120705346
785 815 -1.2332435264914081
785 786 0.7603516891073632
786 816 0.1291959684032424
786 787 -1.5731297055628561
787 817 -1.0042743005744237
787 788 1.0565486201670473
788 818 -0.8321570479570195
788 789 0.27048375965807964
789 819 -1.0470053825244627
789 790 0.18944348002466588
790 820 -0.5169276343879611
790 791 -2.709928457442459
791 821 0.16061317966993477
791 792 1.1305850532521526
792 822 0.9254542961323545
792 793 -0.3476909324579786
793 823 -0.06003188639877251
793 794 0.7992973082877496
794 824 -1.0787271196466282
794 795 -1.3365616079010993
795 825 1.383022255974579
795 796 1.1339415013382754
796 826 -2.3093122206738714
796 797 1.6009503928570377
797 827 -0.3488027415391944
797 798 2.0924395800481594
798 828 2.192688143278065
798 799 -2.0463741407935556
799 829 0.4026609104992978
799 800 -0.6416043076578735
800 830 0.8073894746187581
800 801 1.007816822430709
801 831 -1.587050377426262
801 802 -1.1637828962696601
802 832 -0.34424779999622873
802 803 0.45903383900820083
803 833 0.8978528797737735
803 804 1.557509300779627
804 834 1.6242904083239083
804 805 -0.022377223979566842
805 835 -0.7032767516966828
805 806 -0.2487536898487238
806 836 1.8540026710018147
806 807 -0.2145984001700266
807 837 -1.7999690670692947
807 808 -0.6614082750962305
808 838 -0.5041839752550651
808 809 -0.060577650670171325
809 839 -0.12440545009898744
809 810 -0.4446755675893273
810 840 1.703107390113358
811 841 -0.6827354756367867
811 812 -1.0101269653480558
811 840 1.4759290284751918
812 842 -0.666899901715733
812 813 -0.8650775103627599
813 843 0.9843247392634972
813 814 -0.4675832838518727
814 844 0.14319881294341522
814 815 0.15311302764626597
815 845 0.4532283632457647
815 816 -0.11735363699522418
816 846 -0.2497974805386867
816 817 -1.1000672553156137
817 847 0.06108223107559516
817 818 1.655205055900327
818 848 -0.9844410321548537
818 819 1.1827949843983203
819 849 -0.805499336403098
819 820 -1.740306879949347
820 850 -0.05879795895015545
820 821 0.5586918288240525
821 851 1.1291870337021337
821 822 0.5243303468752862
822 852 0.28173622582289076
822 823 0.730161686689676
823 853 -0.062240493937290364
823 824 -1.0673511359900592
824 854 0.8988881268236175
824 825 -1.2748796969264233
825 855 2.9466992959662277
825 826 -0.013044878542902075
826 856 -0.2255121907509097
826 827 -1.0825349902744787
827 857 0.3702521124229366
827 828 -2.079392678254504
828 858 0.44781179671035565
828 829 1.2414480480072334
829 859 -1.5816612967566397
829 830 1.2718367948536642
830 860 -0.8066195519605055
830 831 -1.7252490888733312
831 861 1.016118395853321
831 832 0.31085586529405035
832 862 -0.3494771168325354
832 833 -0.5962401779928185
833 863 -1.0802259491354256
833 834 -1.0045284392602922
834 864 0.15202636846714707
834 835 0.3879685173584019
835 865 -1.1219625560326287
835 836 -2.18834478400987
836 866 0.7049544097365376
836 837 0.2930848824289878
837 867 -0.7683468049459596
837 838 0.4786888184430611
838 868 -1.9214904136490756
838 839 0.3510321496381934
839 869 -1.4185213872287865
839 840 1.3656813746312313
840 870 -1.043706222567519
841 842 0.7040169746940984
841 870 1.1158865915804705
842 843 1.222557752884318
843 844 0.5336342518412609
844 845 1.436297141213718
845 846 -2.213439880130075
846 847 0.25151622294718556
847 848 -2.84639144152038
848 849 -1.2984961369985706
849 850 -0.6602451262310327
850 851 0.08960629280279848
851 852 0.9116441468647567
852 853 1.3040928252749295
853 854 -0.11860697809059197
854 855 2.105983271715718
855 856 0.2082280976613739
856 857 -1.1999233165517704
857 858 -0.7640428448857635
858 859 0.13336722444611282
859 860 0.5182670241044345
860 861 -0.3836659551579632
861 862 -0.19111329255083676
862 863 -0.0009327200204719534
863 864 0.041984066280488515
864 865 -0.44279829139997773
865 866 1.468826865241123
866 867 -0.6268905067827948
867 868 0.034381071163039345
868 869 0.1902709364503999
869 870 0.35225732424477246
