900 1800
1 31 1.461150276842536
1 871 0.7475882018157985
1 2 0.4863593007929975
1 30 1.3944953573112997
31 61 -1.8299072458292136
31 32 0.3185942345264954
31 60 1.089933146866156
871 841 -1.410400538369949
871 872 -1.029698298472817
871 900 0.61462148101564
2 32 -0.669138683787261
2 872 0.525417642862664
2 3 0.8249579057494812
30 29 0.5191912041471544
30 60 -1.5253805800105051
30 900 -0.21097275332029344
32 62 -1.819184052903133
32 33 1.4864804355949253
872 842 2.41732375727632
872 873 0.3588734886040594
3 33 -0.7723866136469852
3 873 0.5796781728223379
3 4 0.2630226153915683
33 63 1.267182164159384
33 34 -0.3203635607526371
873 843 -0.9847475075977952
873 874 0.09428867358512508
4 34 2.057917797366415
4 874 0.1708769562899753
4 5 -1.7698487146782949
34 64 1.6260917002079496
34 35 0.27440647668166196
874 844 -1.352599713787348
874 875 -0.2019747324897021
5 35 0.18007997835788078
5 875 -0.14378783762547018
5 6 0.6942942620130872
35 65 0.1895769774174046
35 36 -0.4514490524590917
875 845 0.343481362948638
875 876 -0.512661510952297
6 36 2.0331018192970314
6 876 0.23077624070002895
6 7 -0.24286562612524873
36 66 -1.8465255614650993
36 37 0.5668624382449999
876 846 -0.26903254685948297
876 877 -0.647872215408106
7 37 -0.08453875093209899
7 877 2.0557547197686126
7 8 -0.5888405721681317
37 67 1.1685384694302388
37 38 -1.525899935674068
877 847 0.2626037370723813
877 878 -0.015088961795165534
8 38 0.20868282438897387
8 878 0.21568169835352677
8 9 0.2892593818887894
38 68 1.39075311226609
38 39 -1.1091259004687926
878 848 -0.40480900508092943
878 879 -0.8364043357964566
9 39 -0.44305557602825874
9 879 -0.5986884091431134
9 10 -0.3390721448863271
39 69 -1.2145838860932316
39 40 -0.3313291042137347
879 849 -1.4068063385880505
879 880 -3.662292087770845
10 40 -1.39104916371585
10 880 -0.4463439326308165
10 11 -0.7606744981226491
40 70 -2.164692321977591
40 41 -0.44526870912618055
880 850 0.4665419227887326
880 881 -0.6580148146699565
11 41 0.11357521693940657
11 881 -0.4590518186074551
11 12 1.7674139107706457
41 71 0.7122562207567855
41 42 -0.17745291348559775
881 851 -0.6277889283591042
881 882 -0.15365276456164506
12 42 0.12145004440332594
12 882 0.4341718224634226
12 13 -1.383951938977821
42 72 1.4885759621316892
42 43 1.90903957029154
882 852 -0.7939108744807559
882 883 0.6101792852076021
13 43 -0.192557720348595
13 883 -2.0982467730707604
13 14 -0.7924246162751829
43 73 -0.6309656700583544
43 44 -0.414230993013462
883 853 2.4765584347755634
883 884 -1.1065831134454904
14 44 0.8236273632499429
14 884 0.33807169479326815
14 15 -0.44491579420055183
44 74 -0.08837332102490328
44 45 -0.20536939526247258
884 854 0.7587204227520119
884 885 -1.948933986575436
15 45 0.5500692179230433
15 885 0.6441092959299548
15 16 0.6418806255307341
45 75 -1.882085590065719
45 46 -1.1751127901502485
885 855 2.345674115495428
885 886 -0.11156764708784939
16 46 -0.8407166409291659
16 886 0.682420332701151
16 17 -0.42818838396719117
46 76 0.1632598979923308
46 47 0.6701276428742244
886 856 0.1712075645376138
886 887 2.5510943567195037
17 47 -1.0742393337344822
17 887 -2.755038248285517
17 18 0.5187167344798496
47 77 -0.31231155480971645
47 48 0.23085715806398735
887 857 -0.44349614619358424
887 888 -0.5202843322337517
18 48 0.860233468854096
18 888 -0.4029495336649499
18 19 0.747642452567975
48 78 0.18165755490025487
48 49 -1.3923274408008381
888 858 2.286151959438999
888 889 0.1468505447257711
19 49 0.8433613151067092
19 889 0.02134082454973779
19 20 0.4231196674310965
49 79 0.38557843090930366
49 50 2.310042665484818
889 859 1.8732138891429793
889 890 -0.4246148546545087
20 50 0.4351638791079129
20 890 1.1998751387898476
20 21 -0.5352795167371955
50 80 -1.5753858548572768
50 51 0.7409413477397436
890 860 1.2066316792971887
890 891 0.7293470862208709
21 51 0.5308548873067482
21 891 1.7778490504583142
21 22 -0.008788419059759519
51 81 0.7088573323950564
51 52 0.5112704280182169
891 861 0.18437753978265797
891 892 1.4483059597089352
22 52 -0.9421858049333591
22 892 1.0860182898497217
22 23 0.09439526024201564
52 82 -1.5555441191403383
52 53 1.33544018532674
892 862 0.8872289999388645
892 893 0.3548510778914759
23 53 0.8401377827164385
23 893 0.5118000491492635
23 24 -0.5586703980746236
53 83 0.5990719541663746
53 54 0.17696511561611825
893 863 -0.38523639403988724
893 894 0.8736531019346172
24 54 0.9766099735805107
24 894 0.37929537352719
24 25 -1.7856561317721429
54 84 0.06480235848369438
54 55 0.7801205479503271
894 864 1.082958942798005
894 895 0.8522735039174995
25 55 -1.0186377471659602
25 895 0.058150351409795756
25 26 -0.679344423592528
55 85 0.8866550037522499
55 56 -0.31236068458006416
895 865 -0.6629536132385893
895 896 0.22590306545082198
26 56 -0.3444053716142207
26 896 1.571157420654817
26 27 -0.25193984818211
56 86 -2.9127650577744952
56 57 0.32883482908805717
896 866 0.2214089152830215
896 897 0.4305566602845718
27 57 -1.2003917331609393
27 897 -0.32654229100147625
27 28 -1.235069553784465
57 87 1.976525965496026
57 58 0.36707153291250705
897 867 1.2364225677581238
897 898 0.8660857778767084
28 58 -0.6194663352690334
28 898 1.9652547621176044
28 29 1.7180517073169397
58 88 -0.33213145520344456
58 59 -0.16655841428163815
898 868 0.026664471448147795
898 899 -0.05808750640970075
29 59 0.29242325848567335
29 899 -2.092591908124148
59 89 0.6762440123327177
59 60 0.4455792398732113
899 869 0.8813641629091242
899 900 0.2658287078656797
60 90 -1.200669929051407
900 870 -0.3642813983352141
61 91 -0.5493282400779465
61 62 1.876206470366763
61 90 -0.2753555814299442
62 92 -1.3830458734893802
62 63 0.4658042961394288
63 93 -1.7834812124247283
63 64 -0.8527877573040848
64 94 0.6914926417020232
64 65 -0.08171419536616945
65 95 0.5675534756526047
65 66 2.0046685161660625
66 96 -0.06920252694319716
66 67 0.5603557633649431
67 97 0.3960290778571996
67 68 -1.651060961411329
68 98 0.9532949065429587
68 69 -0.7254703159028748
69 99 -0.9834180331156609
69 70 -0.6738835067916977
70 100 0.4825293934559803
70 71 -0.5791628671528571
71 101 -1.4029083061524525
71 72 -0.4849470296729419
72 102 1.3782449717741587
72 73 -0.40057989801234434
73 103 -1.0926668849856815
73 74 0.21870182356677612
74 104 -1.164548659807471
74 75 -0.09379726659475773
75 105 -0.22829117980578348
75 76 -0.10161431309244613
76 106 -0.9801315905253912
76 77 0.7083959561122242
77 107 0.21690616939043544
77 78 -0.45722213538310136
78 108 -0.2907822133105835
78 79 1.002359583294214
79 109 -0.5143181189055719
79 80 -1.511730133185157
80 110 0.13935563622425132
80 81 0.9712206601059719
81 111 0.4312183345271561
81 82 0.20654821857964648
82 112 1.400567493904134
82 83 0.7306610129436282
83 113 0.024142912942316363
83 84 1.3198698764265364
84 114 -0.26743801569371883
84 85 -1.0331011846255231
85 115 0.17073286812824875
85 86 0.043162500893005766
86 116 0.017814562020407897
86 87 -0.7476897131917102
87 117 -1.2394165233291334
87 88 1.0962941781908473
88 118 2.336445431930409
88 89 0.2876255144160709
89 119 0.8504431553847672
89 90 0.9513360050118267
90 120 0.24634889279767927
91 121 -0.10123636840874108
91 92 -1.975807932062173
91 120 1.8666371275723759
92 122 0.3745313079048699
92 93 -0.26407869008482165
93 123 1.5097363185295105
93 94 0.6976592206279661
94 124 1.137330070157157
94 95 -0.1960584729093027
95 125 -0.7782184288434284
95 96 0.648549266852544
96 126 0.6502131508658379
96 97 1.410297211034318
97 127 -1.0562352754644393
97 98 -1.0389464627519749
98 128 -0.8501614183375926
98 99 0.7608680988186158
99 129 -1.1414716932423203
99 100 0.9517346401060959
100 130 -0.18393678317489268
100 101 -0.5932860487501194
101 131 -1.08272069547394
101 102 -0.45634407504535485
102 132 0.09682661501995898
102 103 -0.18800866122182947
103 133 -1.0632379484576262
103 104 -0.1325108342206493
104 134 -2.0525034490342002
104 105 -0.388940872052018
105 135 -0.29736780267726265
105 106 0.5869449453892895
106 136 0.7253706669981065
106 107 -0.40105386682720323
107 137 1.4217945608665745
107 108 -2.0824595155700254
108 138 -0.87255068895639
108 109 0.15094638144945557
109 139 1.7250779623684023
109 110 2.399982167082856
110 140 -0.44993562310834523
110 111 0.6328875767814599
111 141 0.8147579476701597
111 112 0.3409355439724075
112 142 -0.3857377130945033
112 113 -2.0216905782005075
113 143 -0.33619000162825186
113 114 0.9239632171711564
114 144 1.0761224120170918
114 115 -1.2892249026368603
115 145 0.733301115286104
115 116 1.1241124944553673
116 146 -0.2462196047087559
116 117 2.8180497588239612
117 147 -0.17317107365139414
117 118 -0.8864022417203741
118 148 0.21199532316137237
118 119 0.026607093250333374
119 149 0.46782594340341693
119 120 0.7066161426705796
120 150 0.3886677038337174
121 151 -1.2167372310683082
121 122 -0.8318154932393375
121 150 0.37147190432844435
122 152 0.3411770092513814
122 123 -0.915955960122543
123 153 -0.6902868027527482
123 124 0.2086176884443387
124 154 0.4991714133762377
124 125 -0.5251013406159976
125 155 -1.356230864994445
125 126 -0.08130925070179845
126 156 -0.16802515153038647
126 127 0.11618053621081606
127 157 1.219404795382826
127 128 0.9952599952799192
128 158 -0.2115278467347466
128 129 0.554631857242098
129 159 -1.0750882843484812
129 130 0.45479537457699554
130 160 0.13360241547614712
130 131 -2.542180404450815
131 161 -0.09142106583734169
131 132 0.9011571500309156
132 162 0.33406132674270217
132 133 1.3699012461556408
133 163 -0.7270932563875291
133 134 0.7233081656904954
134 164 -1.3139219226302696
134 135 -2.0947442522976893
135 165 0.1885385542156589
135 136 0.4715296756086284
136 166 -0.42613600377984767
136 137 -0.2232222866386581
137 167 0.17122925719392512
137 138 -1.4428137175621087
138 168 0.05106203079395476
138 139 -1.195437429191207
139 169 0.696256937982856
139 140 1.6527435044947119
140 170 1.282126707065912
140 141 0.11890611392493916
141 171 -0.718031295023195
141 142 -0.6846789543559292
142 172 1.8552598481154885
142 143 0.7159002814728942
143 173 0.03849552283956216
143 144 0.8587138686565879
144 174 -0.8981251869559347
144 145 0.20353746807483486
145 175 -0.194853710418473
145 146 -1.2683239174196286
146 176 -0.8530057458815523
146 147 -0.9870508318866515
147 177 0.7485270490262829
147 148 -1.2172444570701386
148 178 1.1870766254263998
148 149 0.4269539578537375
149 179 -0.37803691630281455
149 150 -0.31160810860561583
150 180 -0.44398781220134786
151 181 -2.293045878209956
151 152 -0.8634140849024858
151 180 0.3866352931379294
152 182 -0.8523125172644965
152 153 1.1191167381750655
153 183 -0.3994558763164688
153 154 -0.14713893243630422
154 184 -0.20125343683714833
154 155 -0.5565609696829745
155 185 -2.008948726477396
155 156 2.4962124545744917
156 186 -0.11986318892260199
156 157 1.339142557121117
157 187 -0.3008878007186683
157 158 0.35778804415640125
158 188 -0.18712036119609624
158 159 -1.7073802059116419
159 189 -0.3826990599804236
159 160 0.5288500876909383
160 190 0.4036895024945283
160 161 -1.6423575657220464
161 191 2.7234297328853163
161 162 0.6609672942195017
162 192 -0.9776663269632002
162 163 0.1374027816994376
163 193 -0.658355267377137
163 164 2.136445176563772
164 194 -0.6511744028864076
164 165 -1.025050692240379
165 195 -1.2137165970747095
165 166 0.32494381743497464
166 196 -0.5446029346692193
166 167 -0.3363729338398927
167 197 0.017964832724744566
167 168 0.8761625599098372
168 198 -1.0867004883385343
168 169 -1.418049348330478
169 199 -0.3443624458455421
169 170 -0.6467610552594056
170 200 -0.5257908761246316
170 171 -0.5710042708595625
171 201 -0.6527520748557526
171 172 0.1400013591907642
172 202 -0.6531090147693148
172 173 -1.6164612015888289
173 203 0.7582785331290395
173 174 -0.28627123285802786
174 204 0.29167275800342796
174 175 0.45629694869287296
175 205 1.1734809546380345
175 176 -0.2672179502543657
176 206 0.28814950772698766
176 177 2.326136000964798
177 207 0.016294462994542992
177 178 -1.5883405207024932
178 208 0.23187771564618984
178 179 -0.5992331818448424
179 209 0.7943619158654205
179 180 0.21551864032819257
180 210 -0.8289145463018068
181 211 -0.6398637829075782
181 182 0.8685563340596536
181 210 -1.1477128493449038
182 212 0.6938212031494683
182 183 -0.24222423253701736
183 213 0.35619315812525837
183 184 -0.24138358759072404
184 214 0.9921820278001222
184 185 0.6341292477581879
185 215 -0.07086754297627322
185 186 -0.15086550535997434
186 216 1.5726275668309708
186 187 -1.659010383871804
187 217 -0.5153506147128432
187 188 -0.766380912522599
188 218 -0.6193652130695768
188 189 0.5972420275778767
189 219 0.05286621071008731
189 190 1.6854521297551104
190 220 0.5726946111047634
190 191 -0.105450329539234
191 221 1.2040506051525197
191 192 -0.8055589980227623
192 222 -1.4947477552735775
192 193 0.02903037443946322
193 223 1.1609696523738489
193 194 -0.6826025480947349
194 224 0.9366201620291642
194 195 0.9426108005958046
195 225 -1.8984073530647763
195 196 1.0806017432078927
196 226 1.1251418171154903
196 197 -0.6867345793672829
197 227 0.3275006498502543
197 198 1.4886828086949484
198 228 -0.33690588431801916
198 199 0.31713917075362524
199 229 -0.1441991807384148
199 200 -2.4573333476083867
200 230 0.4560302414486405
200 201 0.265047748318865
201 231 -0.13124603247605204
201 202 1.2358297875272282
202 232 -1.307109033740138
202 203 0.2795436372673058
203 233 0.6570744539114591
203 204 0.7217748718833872
204 234 0.2904273959550323
204 205 0.8454313638745441
205 235 -0.05386985552685631
205 206 -0.335247835702044
206 236 -0.4025221748602925
206 207 1.591602527738368
207 237 -1.0335550092001036
207 208 0.38633796230551565
208 238 0.7496123846101949
208 209 0.09892949039953182
209 239 -0.5213356835737886
209 210 0.3820758690261361
210 240 -1.6543570381320176
211 241 -2.009993204830368
211 212 -0.5985639802995114
211 240 1.3560120402854243
212 242 -1.4296578030420355
212 213 0.585684560676862
213 243 -0.3827740088685196
213 214 0.8991346025912947
214 244 0.7174515931533488
214 215 -0.6528914964886464
215 245 -0.5973159388979652
215 216 -0.03449466761584876
216 246 -0.7183968072283874
216 217 0.7999659282058613
217 247 -0.7339023129786313
217 218 -1.065334643743585
218 248 0.4728119529061049
218 219 0.6031587104962913
219 249 -0.13714259370819495
219 220 0.8219544494756384
220 250 -0.9962583007877659
220 221 0.9981550594632064
221 251 1.5888055413205913
221 222 -0.32446931307931576
222 252 0.40766435964301967
222 223 0.013454700587344088
223 253 0.2586382213511089
223 224 0.4988276002627904
224 254 0.9028471109900723
224 225 2.2251445432077634
225 255 -0.3330813312211751
225 226 -1.7948035122719852
226 256 -0.36281663562382443
226 227 -1.546035635754674
227 257 1.2851740408163266
227 228 -0.7104242299827186
228 258 0.026398929763176936
228 229 -0.4656744994589169
229 259 -0.39565869529407355
229 230 0.31052632159113497
230 260 0.17343470800426533
230 231 -0.7691447518803434
231 261 1.6501063601626966
231 232 -1.0416417480026763
232 262 0.3833109807688214
232 233 0.1742730441765819
233 263 2.1529639817642643
233 234 0.719856174400852
234 264 -0.3424452332490531
234 235 -0.502719731823334
235 265 0.5156260907394831
235 236 -0.14627744708311444
236 266 -0.8445751042977813
236 237 0.8326018603111844
237 267 -2.1038367940255056
237 238 0.1396479085048622
238 268 -1.3082740716461336
238 239 1.0471097491605694
239 269 1.1656608844872627
239 240 -1.1473860754934055
240 270 0.01033100910454974
241 271 -1.5996434176611536
241 242 -1.4404093665322095
241 270 0.9755625922811684
242 272 0.3489873409799134
242 243 1.0152707873181361
243 273 0.5871640773631202
243 244 0.02881404110415537
244 274 -0.8562852367245667
244 245 -0.5175805290703842
245 275 0.9381388547292537
245 246 0.10508780315108637
246 276 -2.068240341390027
246 247 0.26527872169747096
247 277 0.16475311687874977
247 248 -0.25448485478309296
248 278 1.2528882912956394
248 249 -0.3941222175855547
249 279 -0.8072459148393198
249 250 -1.9429981213746603
250 280 -0.47422511823674857
250 251 0.23720321854207796
251 281 0.2885879714767427
251 252 1.2291285288651712
252 282 -0.22113125796865055
252 253 2.697041708806316
253 283 -0.41417000530452563
253 254 -0.22928469593370499
254 284 0.733020668858826
254 255 1.3381943786834445
255 285 -0.7111887923674735
255 256 0.44170946124531474
256 286 -2.1656231544877893
256 257 -0.45965443349295076
257 287 -0.7262196011709396
257 258 0.49269771660279543
258 288 -0.6730063302319833
258 259 0.06072288209508605
259 289 0.06179493876579801
259 260 -0.9255423769024081
260 290 -1.2768637405761192
260 261 -1.0938233540882432
261 291 -0.5559047784614356
261 262 -0.07734641882672964
262 292 -0.9383490217959084
262 263 0.0706628323287759
263 293 0.572521097341067
263 264 -0.31283226323485913
264 294 0.23521956702992977
264 265 -0.7050473639407132
265 295 -0.4763274188774872
265 266 0.17763004004513813
266 296 -1.3052857044845918
266 267 -1.393748291000113
267 297 0.04253434518685863
267 268 0.5137033064636588
268 298 0.2653120898675812
268 269 -0.4016412947986034
269 299 0.14945639068513022
269 270 -1.3265979944723565
270 300 -1.7575080913238228
271 301 -0.5453860323118607
271 272 -0.8271301025147203
271 300 -0.7615063072636173
272 302 -0.8278793740871573
272 273 -1.2822259708398065
273 303 1.02424371377432
273 274 -0.4644926150948478
274 304 -0.41452684402335405
274 275 -0.34970952310054343
275 305 0.10793927901745606
275 276 -1.5742891709378775
276 306 -0.9404905240041355
276 277 -1.2859414258200432
277 307 -0.976852236742882
277 278 1.4376812593521713
278 308 2.122682768381112
278 279 1.319326707300986
279 309 0.6759962125509307
279 280 0.48349090364423547
280 310 -0.14812494450461164
280 281 -0.4230469615145614
281 311 -0.38108546299174323
281 282 -1.5256157888621895
282 312 -0.38014942181178196
282 283 0.14282141653695737
283 313 -1.6984739211736766
283 284 0.10701990773944503
284 314 0.977467304572942
284 285 1.9354007872730925
285 315 -1.2917595016479142
285 286 -0.41688636598212603
286 316 1.4899689520498112
286 287 0.9585717403640087
287 317 2.4057552574343095
287 288 -1.4042182057353398
288 318 0.9465753377753783
288 289 -0.17686387308082946
289 319 0.5000794239348504
289 290 -0.7777042141041898
290 320 0.7682748429906288
290 291 0.10923151222876483
291 321 0.36298577742263705
291 292 0.8231758164596635
292 322 0.4694675986882595
292 293 0.4050984649266488
293 323 -2.7121291331915307
293 294 0.7211655303224532
294 324 -1.175689725885192
294 295 -0.7462678344094291
295 325 1.175637630653028
295 296 0.44281030038814845
296 326 0.9592731070869136
296 297 -1.2915841403371326
297 327 1.3085224994931488
297 298 -1.1296737580176897
298 328 0.11518358037198882
298 299 0.8369434431341071
299 329 1.4917395679245165
299 300 0.0026926438646232564
300 330 0.6901082113370555
301 331 0.756919732241741
301 302 0.16527271743538552
301 330 0.29391101680194365
302 332 0.09427479375645206
302 303 0.48075407161823047
303 333 -2.3312749678949363
303 304 0.489401066080351
304 334 0.07245350093849563
304 305 0.9101294981658895
305 335 -2.0338702713007204
305 306 0.014004909593294462
306 336 -1.4354396392959607
306 307 0.8955025450473135
307 337 -0.32928963902297487
307 308 -0.4682842713805216
308 338 0.03752704416635969
308 309 0.2876772183143199
309 339 -0.9585531576667591
309 310 0.9936363890000129
310 340 1.0106790482548667
310 311 0.6967902076609203
311 341 -0.051989779499978746
311 312 -0.5112603590291394
312 342 1.5791133711872662
312 313 -0.22887602217510183
313 343 0.17902947797440816
313 314 0.13207906018909427
314 344 0.7362074386740322
314 315 0.0970073226546624
315 345 0.27343377070284003
315 316 -1.1869329469258865
316 346 0.5867650937745524
316 317 -0.689655597734267
317 347 -0.3682045512003016
317 318 -0.5199337016709868
318 348 1.0463157647558443
318 319 0.5180728492035956
319 349 -1.2514648885645703
319 320 -1.4298554009786388
320 350 -0.6872584525169156
320 321 -0.024547132707320514
321 351 -0.77917859263323
321 322 0.02764262659603725
322 352 -0.24888444384745023
322 323 -0.40855276675668617
323 353 1.304283830283693
323 324 -1.7935242702394656
324 354 0.5026394449349563
324 325 0.8798045868733345
325 355 0.2259584660992101
325 326 0.9861603264519747
326 356 0.23720284314128523
326 327 -2.6644117090858166
327 357 -0.5625509556070813
327 328 -0.17560832041319982
328 358 -1.1507039402720518
328 329 1.0972101038338693
329 359 -0.4946683744600195
329 330 -0.17258932198273655
330 360 0.004963616637534422
331 361 0.7401977254100056
331 332 -0.07573141221748295
331 360 0.9777198089726593
332 362 -0.49794956930097783
332 333 -1.113211542301972
333 363 1.3352077855085496
333 334 0.2704848448648457
334 364 -0.5127939036175391
334 335 1.4705702689975555
335 365 -0.10234962435067307
335 336 0.1940411341570054
336 366 0.92237167128388
336 337 -1.2856601560184882
337 367 -0.946452845014485
337 338 -0.1084431350451484
338 368 -2.3449727804317724
338 339 0.0055534581314160844
339 369 1.104451342968165
339 340 -0.2909410533678564
340 370 -1.8535400560885062
340 341 0.8515490982944068
341 371 0.08112389352853042
341 342 0.5404513377280367
342 372 -0.18966633067441946
342 343 -0.2789403335571512
343 373 0.2837666386655916
343 344 1.492368681189606
344 374 -0.5198263154553009
344 345 -1.1740272807464869
345 375 0.5230160152825576
345 346 -0.5957520773152042
346 376 -1.7044849477413877
346 347 -1.3933763795857874
347 377 0.09668177500539571
347 348 -1.955442290833658
348 378 0.3604315319666102
348 349 -0.3258061606196593
349 379 -1.3619539833025216
349 350 2.37266490152183
350 380 -0.04590065272739885
350 351 0.03782339018044071
351 381 -0.4412571348931035
351 352 -0.40223017430488656
352 382 -1.1301349626848232
352 353 0.3174273198483199
353 383 -0.9937059074458148
353 354 -0.9830037892205402
354 384 0.5147269367302402
354 355 -1.5153317105471977
355 385 -0.7322488663859343
355 356 0.9041504613699487
356 386 1.4149983709436154
356 357 0.47685481112384603
357 387 -0.7174155480931733
357 358 -0.7446627492192642
358 388 -0.8171782353180017
358 359 0.08765136934693307
359 389 0.6600722885154808
359 360 1.5903420093642302
360 390 0.5584635259938148
361 391 -0.8716329224279605
361 362 0.518595880422399
361 390 -0.22873292303171638
362 392 0.40412856703817424
362 363 2.2771951683283045
363 393 1.0826974707700274
363 364 1.074602002656105
364 394 0.3134014976518594
364 365 -1.7871518215444397
365 395 -0.17161313958885932
365 366 1.0943446686527007
366 396 1.073086386981625
366 367 -0.3698149430018927
367 397 -1.0137191626983402
367 368 -0.13286175489260182
368 398 -0.9238806360749616
368 369 -0.10062769651356673
369 399 -0.05376596482429462
369 370 -0.5742677359822058
370 400 0.14631207691385165
370 371 -0.7587641270718825
371 401 -0.009286992527545914
371 372 -0.6187366784856012
372 402 0.07040422813392147
372 373 2.094061559631546
373 403 -0.1574329169121292
373 374 1.5584510362204875
374 404 -0.43839553432313166
374 375 0.7344668528218135
375 405 -1.4043471213851033
375 376 -1.5745429885495268
376 406 0.5482938333297771
376 377 0.4107458624299348
377 407 -0.9550278559759747
377 378 -0.08826788883407746
378 408 -1.1640221133115032
378 379 -0.8317629143747848
379 409 1.3949773482470067
379 380 1.6934991347592134
380 410 -1.283116494168655
380 381 0.6465747953310215
381 411 -1.6917839712431988
381 382 0.8265561651732677
382 412 0.09183263770677386
382 383 -0.555238956342472
383 413 -1.5593292016690572
383 384 -0.7449260127981352
384 414 1.7030865980545835
384 385 0.5793668329302143
385 415 3.619217599843611
385 386 0.2500078462398199
386 416 -0.39397124776441644
386 387 -0.7865843961683798
387 417 -2.399113387569894
387 388 1.287713084994775
388 418 0.8344034213868617
388 389 1.2950046677924978
389 419 -0.3483173162851168
389 390 -0.19950942977346464
390 420 -0.41233010471588444
391 421 -0.05813493611468086
391 392 0.8159085570409423
391 420 0.553028533104478
392 422 -0.17281070797953418
392 393 -0.24421484653807585
393 423 -2.214918499633561
393 394 -0.0942867940794792
394 424 0.41610526535512854
394 395 0.40873922254803025
395 425 -0.1825550375817906
395 396 0.09044364482072588
396 426 0.45363238891017055
396 397 1.2967004891351845
397 427 0.41820274327798623
397 398 0.5861831993041803
398 428 0.5457482749308634
398 399 -0.0635041316924376
399 429 -1.518177919578175
399 400 0.15267166825270378
400 430 0.4074009947266424
400 401 0.5457608888047217
401 431 -0.8546799777086437
401 402 -0.7777560176026319
402 432 -0.692768386489924
402 403 0.7038820049581321
403 433 0.23804204475106044
403 404 0.2619741773854207
404 434 -0.5327397371816417
404 405 -0.2799069070479048
405 435 -0.8368298225360479
405 406 0.04831208016451499
406 436 0.23989749785253509
406 407 -1.2587758127969308
407 437 0.6657931882409331
407 408 -0.12986247754209237
408 438 -0.24041853854467465
408 409 0.5830468950637058
409 439 -0.12405661424318427
409 410 1.138414078433757
410 440 0.529767617135636
410 411 -0.24374805248344208
411 441 2.1386381755117876
411 412 0.8203709683253424
412 442 -0.04757390977827444
412 413 -0.6923686845330407
413 443 -0.3853017579945058
413 414 2.1423772711440816
414 444 2.215411115910933
414 415 1.2239742701640113
415 445 1.7278474470603498
415 416 -1.2025986090754874
416 446 -0.9330274221710277
416 417 -0.11116768674894903
417 447 -0.29705002611735254
417 418 0.4841820212554447
418 448 -1.1159485990509186
418 419 0.19530868488553266
419 449 -0.5640600225829159
419 420 -0.5475589132304034
420 450 -0.3188571616573534
421 451 -0.7299605891963844
421 422 0.5257235349367249
421 450 -1.1153027044204422
422 452 0.05929979144759895
422 423 -0.4106509485969582
423 453 -1.2618346439635357
423 424 -1.4956362765395363
424 454 -0.6495247059529066
424 425 0.4880605686312978
425 455 0.978598291901814
425 426 -0.39633720989654025
426 456 -0.23653758043409676
426 427 -1.2699826333602338
427 457 -1.0600555994375713
427 428 1.076060694312439
428 458 -1.1140340785909253
428 429 -1.613362771391369
429 459 -0.6939106315806366
429 430 1.0751763220211672
430 460 -1.59323272761264
430 431 -1.9310753345783658
431 461 0.7797432337735952
431 432 0.9619011751120483
432 462 -0.6675556228008869
432 433 1.5232090662967355
433 463 0.338944435902544
433 434 -0.38934451413351073
434 464 -1.0948181313200565
434 435 -0.37665096067681
435 465 0.6157631768857603
435 436 -0.3057415957478527
436 466 1.0772148426642925
436 437 -0.5224282050750848
437 467 1.1196380134360957
437 438 0.22656011221185077
438 468 -1.1026727949274007
438 439 -1.359076613376414
439 469 -0.24172141752415482
439 440 0.5758157980114682
440 470 -0.41079137942547067
440 441 -1.1347019772799583
441 471 2.119963644693232
441 442 1.6327396393643498
442 472 1.1888918659411174
442 443 -1.5636530226412317
443 473 1.708904802021151
443 444 -0.009052513702131048
444 474 0.6594525555717364
444 445 -0.3543497921293182
445 475 -0.49470110558539315
445 446 -1.1389982522686528
446 476 0.7101035851696469
446 447 -0.26587714834353376
447 477 -0.9193306425923671
447 448 1.9814864175262774
448 478 -0.07080815717657467
448 449 -0.06433114050830564
449 479 0.23697390859040085
449 450 -1.3201361172992705
450 480 0.4740892816219275
451 481 1.6949920493030983
451 452 -0.24121559424838118
451 480 0.8068068623896744
452 482 0.7081717346400321
452 453 -0.5038206819615282
453 483 -1.5047314467453252
453 454 0.8915211848864577
454 484 2.5498129629694093
454 455 0.8486751534435552
455 485 0.04872409140608953
455 456 -1.5190687496333724
456 486 -0.21512753790234027
456 457 -1.0045024556348672
457 487 0.01785099470548499
457 458 -0.5005203011480147
458 488 0.9377426250477894
458 459 -0.436758817120917
459 489 0.5110937383618852
459 460 0.6294246945855448
460 490 -1.45160008198681
460 461 0.6695904254523201
461 491 1.7549461818796297
461 462 -1.1213940341111726
462 492 0.6377918090677868
462 463 -0.5699867090741274
463 493 -0.5525145441602853
463 464 -0.5039380266208098
464 494 0.3530428379687079
464 465 0.8081983104007081
465 495 0.8390716818765005
465 466 -1.64660948144943
466 496 -1.9676297631228785
466 467 -0.17253666781638902
467 497 -0.40400076836720766
467 468 1.1321991926467359
468 498 -1.902764497985447
468 469 -0.06666024617168631
469 499 0.13641280041769116
469 470 -1.1133548800312576
470 500 -0.550668786566415
470 471 0.003174872291446969
471 501 2.052492035566552
471 472 -1.0060363725142403
472 502 0.6373834626463267
472 473 -0.2987617373240747
473 503 -0.3318227111827033
473 474 -0.8342005874552565
474 504 -1.211875601537339
474 475 -1.0834130044485084
475 505 0.15704462059708138
475 476 1.4012968668927672
476 506 -1.857425670994039
476 477 -0.442320392064554
477 507 -0.8436362335154443
477 478 2.1717976595815323
478 508 1.5341564814454283
478 479 1.1765823790828103
479 509 -1.159057736714085
479 480 0.7872153483442896
480 510 0.040975519200263
481 511 0.9525066635146854
481 482 1.9225570386070485
481 510 0.4796505625822332
482 512 0.8002637337698518
482 483 -0.7244082529475874
483 513 -0.4200350763394536
483 484 -0.19434669470595425
484 514 0.27109167987098504
484 485 0.5332512145655647
485 515 1.3087992699336375
485 486 0.5983063248210253
486 516 -0.4686036539025137
486 487 -0.38126535747123985
487 517 0.032193490173966124
487 488 -0.7408612644557
488 518 -0.21834826398438092
488 489 0.13740429363428924
489 519 -0.39333390111025224
489 490 1.3176670476008379
490 520 -0.03651622883756594
490 491 -0.13594587793571664
491 521 0.5636138687509096
491 492 0.7494115836558644
492 522 0.021907553233306887
492 493 -0.8198075317145723
493 523 0.9193319199357182
493 494 0.3057961096773892
494 524 -0.4516140505773379
494 495 -0.003915456441114223
495 525 0.950631436205684
495 496 -0.21463442214708628
496 526 -0.8693854403827006
496 497 0.184531812826215
497 527 3.1829803178636196
497 498 -0.9335678442226373
498 528 1.0576023238693748
498 499 0.04488366986732848
499 529 0.4656759951731856
499 500 1.3476396254219818
500 530 1.7553698033792597
500 501 -0.27937564666289605
501 531 -0.343573297090639
501 502 -0.11952246532927971
502 532 -0.4309786086203991
502 503 0.002066220147787729
503 533 0.49101123528307566
503 504 0.5172864594987893
504 534 -0.8117131333365264
504 505 -1.2814143127871758
505 535 1.0271875547894382
505 506 -0.39601936110038816
506 536 -1.099584177384119
506 507 -0.4452574810568353
507 537 -0.744466954747755
507 508 -1.4175867367967823
508 538 0.11513191186483254
508 509 -0.9889265338373726
509 539 0.20319884292743415
509 510 0.4421953828859441
510 540 -0.9455224220091902
511 541 1.3703891313001602
511 512 -0.2830938960573984
511 540 -0.8709645584975988
512 542 -1.022634652327879
512 513 -0.9765803951966398
513 543 -0.45057767289242734
513 514 -0.026308357489225283
514 544 -1.702050196177798
514 515 -1.7636948798243375
515 545 0.584832130074308
515 516 0.6544966409034793
516 546 0.9926821916036352
516 517 -0.1955877716073053
517 547 -1.6215830332388832
517 518 0.25366380432345353
518 548 -0.46924750598444337
518 519 0.3947181245489453
519 549 -0.2913125820113308
519 520 0.15176275763826552
520 550 -0.7774671989323518
520 521 0.8721718931640433
521 551 -0.47518339376630986
521 522 1.0627016215525449
522 552 -0.8173104174823935
522 523 0.10532779202945484
523 553 0.4441916509831597
523 524 -0.30647529569978105
524 554 -1.2863978863327103
524 525 0.6694614295254018
525 555 -0.19118775793133636
525 526 -0.3027836174552598
526 556 -1.255141436843915
526 527 -1.6144715294898233
527 557 0.31896022193028994
527 528 0.3522845545239382
528 558 -0.02598720458580829
528 529 0.675514504250059
529 559 -0.32130914271321975
529 530 0.529279814305497
530 560 -1.1406096535414358
530 531 0.7923526258431565
531 561 -0.8374733823034961
531 532 -0.1690446001138012
532 562 0.7839324484805757
532 533 -0.5986705143777289
533 563 0.9109856123726092
533 534 -0.25890196299201973
534 564 -0.9225442642624511
534 535 0.10302792939389346
535 565 -0.005469682648382044
535 536 -1.4621104251731807
536 566 1.0909507490708699
536 537 1.1067974297507615
537 567 -2.038997827538851
537 538 -0.27074303518995235
538 568 0.8944453087834788
538 539 1.2566932323519604
539 569 -0.37839645506295416
539 540 1.6273657224777072
540 570 1.235272402317079
541 571 0.672161107389553
541 542 -0.06845089675670148
541 570 -1.4713600188637326
542 572 0.35347061773900934
542 543 1.5190647441709966
543 573 -0.027161158147199223
543 544 0.027212918337944703
544 574 1.941844013240916
544 545 0.784029470899055
545 575 -0.964354829856636
545 546 -0.09165696432680408
546 576 -1.526230091189434
546 547 1.0389792233790964
547 577 -0.16615286090935166
547 548 -0.8544346924618214
548 578 1.8897012353275557
548 549 -0.2596821187603178
549 579 1.7497550472584202
549 550 0.589609279791295
550 580 -0.4430703315576323
550 551 -0.22391431832523823
551 581 -0.003869172209080277
551 552 -0.09877010242413495
552 582 0.03167883724712568
552 553 0.6228994288946285
553 583 -0.29549406432480857
553 554 1.4832764897242074
554 584 0.3953443150092479
554 555 -1.0231831217495775
555 585 -0.9770348288423423
555 556 0.7940508377773473
556 586 0.5650976320354871
556 557 -0.08174070854652504
557 587 0.38800889343953643
557 558 -0.17537271072917124
558 588 -0.1624545387971741
558 559 2.184948517598987
559 589 -0.007582053248743045
559 560 0.2190116543534216
560 590 0.4307794767445397
560 561 0.40991221821841095
561 591 1.285202208167143
561 562 0.9841055315723086
562 592 -0.33243251860146533
562 563 -0.2808451481960185
563 593 1.591137720434009
563 564 -1.0383008801964617
564 594 -1.24668070986329
564 565 0.185793473799807
565 595 1.3953161168313823
565 566 0.020384587357913816
566 596 -0.005638737818097665
566 567 -1.9063711419784446
567 597 0.08485845111487206
567 568 -0.8224648584286423
568 598 0.936500469018489
568 569 0.3412097041348464
569 599 -0.030217643161398536
569 570 -0.8789396979852466
570 600 -1.6127889976758016
571 601 1.0273791602671332
571 572 -0.4893067687426162
571 600 0.8924357658355112
572 602 -0.851110802934848
572 573 -0.7074444373936213
573 603 -0.0958609238683023
573 574 -0.7340074905226364
574 604 0.4322219174759654
574 575 1.7710375692741613
575 605 -0.38055322545890446
575 576 -0.2454494410900763
576 606 -1.0749837932699824
576 577 -1.6421640764809664
577 607 -1.5377533289934577
577 578 -1.0232939512810353
578 608 1.3174397982154944
578 579 -0.3325041559835536
579 609 0.5198215001423603
579 580 -0.8779875781987194
580 610 1.0982180244297621
580 581 0.22960103364917456
581 611 1.4813618072347194
581 582 0.6100537265223567
582 612 0.6351735945661443
582 583 -0.7195479939815833
583 613 -3.173835920405757
583 584 1.5165580320652765
584 614 -1.9868739397023896
584 585 1.2762569094914307
585 615 0.9381423359465728
585 586 -1.1371581977150538
586 616 -2.2637518112014403
586 587 -0.9825564134438122
587 617 -0.4496333607584803
587 588 0.2998139986280275
588 618 -1.1769241862634807
588 589 -1.6624650852036393
589 619 -0.4367247206432604
589 590 1.1432059529488456
590 620 -0.7402136259223122
590 591 -0.017202087108285944
591 621 0.7358708919793845
591 592 0.5699852858335034
592 622 -1.6675490653184146
592 593 -0.4161711228129233
593 623 -2.0993605846640655
593 594 -0.9922895148467045
594 624 -0.47283439320228277
594 595 -1.3850636580885645
595 625 -0.9872013694538174
595 596 -2.3423857345349726
596 626 2.375552011840197
596 597 0.4113580380340601
597 627 -1.5688484707825492
597 598 -0.011729068312216248
598 628 -1.4212514172586446
598 599 1.3704107438593542
599 629 -0.22341602107710576
599 600 -0.2602934511832564
600 630 -0.943476090325968
601 631 -0.5572396577139502
601 602 0.22943361213145297
601 630 0.07635477414408572
602 632 0.7490793689651906
602 603 -0.7715727751806166
603 633 0.7594096002861623
603 604 -0.5510925027071681
604 634 1.6755193884585198
604 605 0.6115238617437353
605 635 -0.7886689140314226
605 606 3.227677374841684
606 636 1.1899967038644401
606 607 0.6526804500660405
607 637 0.3934607147872712
607 608 1.0858139106744251
608 638 0.48717632763861674
608 609 0.8755657779579236
609 639 -0.41720319531003036
609 610 -0.5207583771891662
610 640 0.687551578649984
610 611 -0.9183610270383687
611 641 -0.42615879610097807
611 612 -0.006671963776764383
612 642 0.039081829205022185
612 613 2.1971037372825424
613 643 0.564788069850244
613 614 -2.0525068908832593
614 644 -0.15774794581254958
614 615 -1.3147974907437099
615 645 -1.4190069050307266
615 616 -0.4784294938010412
616 646 0.7102023329103065
616 617 0.5861842839233454
617 647 0.9203600306902991
617 618 0.769399207459904
618 648 0.6336998396240767
618 619 1.224505323852278
619 649 0.4470530442018225
619 620 0.2465909681675753
620 650 0.8064302310530288
620 621 0.7042320050219515
621 651 -1.6598957507349066
621 622 0.17744611817279649
622 652 -0.25852287987217304
622 623 -0.044767300375217416
623 653 -0.9170327745572003
623 624 1.3567019209761382
624 654 0.03838513950927961
624 625 -1.4391996323540241
625 655 -1.499023742984052
625 626 0.7973285477283152
626 656 0.10051510231177761
626 627 0.4355141304015744
627 657 0.3022546602192612
627 628 0.3048842894583701
628 658 1.626450661192882
628 629 0.21997706775353967
629 659 0.25790296988170763
629 630 -1.6236069485664373
630 660 0.15991530209690671
631 661 1.8855759254732185
631 632 0.38775532241711974
631 660 0.1288528107645023
632 662 -0.4824847246988652
632 633 0.17346873605532767
633 663 1.4938939529614046
633 634 -0.4377570868573948
634 664 -0.780896358000933
634 635 -0.047167205793325215
635 665 0.21408563842471187
635 636 -0.14620996277385506
636 666 -0.9010802834831246
636 637 -0.8069748356871428
637 667 0.6780070328756497
637 638 0.7363776559225934
638 668 0.3145921296365462
638 639 -1.111896802277283
639 669 -0.7497307040837657
639 640 -1.051434425299651
640 670 -0.5213358454014391
640 641 -0.7155070346443776
641 671 1.552426524002994
641 642 -0.47913355858122875
642 672 -0.3816615377423511
642 643 -0.438047414926464
643 673 -1.7411977127132459
643 644 0.17849534348689092
644 674 -0.10708998547895122
644 645 1.012497321974205
645 675 1.7571692061118376
645 646 -0.6819746240600649
646 676 -0.4503066388421736
646 647 0.6606567080803408
647 677 0.7262420231401411
647 648 1.770077427449996
648 678 0.23211468077379133
648 649 0.6312803876817956
649 679 -0.40741235582744445
649 650 0.14512001853253143
650 680 1.017423515975184
650 651 -0.3276760788168971
651 681 -0.5775717202528745
651 652 -1.4785790543121342
652 682 -0.4514702071974911
652 653 1.2920178147788277
653 683 -1.8256224133655612
653 654 -0.43175992753002507
654 684 1.0256322565091545
654 655 -0.10439004706775802
655 685 -0.7774255531730389
655 656 -1.1872516526692842
656 686 0.9393474706358742
656 657 -1.767820722795781
657 687 0.6730345376826209
657 658 0.897480307490725
658 688 -1.2372218359854685
658 659 1.6854763187385402
659 689 0.9383760325450908
659 660 -0.1173171485862695
660 690 1.2939639298856982
661 691 0.5905720623936427
661 662 2.5231624773062635
661 690 1.7436530554780618
662 692 1.0779129156654137
662 663 0.025892928990408858
663 693 -0.24714581028888752
663 664 1.0860848418068771
664 694 -0.20440639797499008
664 665 0.21960839471340401
665 695 0.06459886721991571
665 666 -0.4967265744574621
666 696 -0.3730817669753263
666 667 1.7134428954959307
667 697 0.012705315062714717
667 668 0.6156944630032656
668 698 0.770640089407799
668 669 -1.9246019392146034
669 699 -0.7535959819440738
669 670 0.7667848869831966
670 700 -0.4585182356468096
670 671 -2.288387616134546
671 701 0.32875355437958065
671 672 0.5355797703933477
672 702 0.4372907656493535
672 673 -0.22451276820795465
673 703 -0.9191758511696121
673 674 -0.6716913847264739
674 704 -0.6972560121672671
674 675 0.2207730138956953
675 705 1.479385370964052
675 676 -1.505333688981423
676 706 -0.706376309183353
676 677 1.1120151978302815
677 707 -0.5472650499490289
677 678 1.6761021092285178
678 708 2.242020142592396
678 679 -1.241153484770637
679 709 -0.6282742337216564
679 680 -1.116541327374169
680 710 0.24572915854268965
680 681 0.12580242658331633
681 711 0.6295588999293505
681 682 1.2786622240921153
682 712 -1.3812102361011036
682 683 -0.3545535941136696
683 713 -0.12941251840239687
683 684 2.3199926782706806
684 714 1.456264899052625
684 685 -0.5125326476986345
685 715 0.5282932706284673
685 686 -0.448574101440166
686 716 1.0998008122564447
686 687 -0.2948587543567285
687 717 -0.8737485811072828
687 688 0.406432840001131
688 718 -0.3626978925383662
688 689 -0.16871494377726967
689 719 0.5087566968679724
689 690 -1.1048949039693197
690 720 -0.5205915936390489
691 721 0.1581236807594424
691 692 -1.1637060483565962
691 720 -1.0897267857895658
692 722 -1.171963332903736
692 693 -1.5317890588897969
693 723 0.06401521014313914
693 694 -1.4592297427800287
694 724 -0.09149059579342594
694 695 0.3693547893599396
695 725 -0.9492129501357008
695 696 -1.7536397665534202
696 726 0.5246774686812232
696 697 -1.235846162450112
697 727 -1.2742919238839103
697 698 0.9075106140815258
698 728 -0.41155846742566327
698 699 -0.7850325442944929
699 729 1.2940079120582544
699 700 0.424476672391706
700 730 0.715280753235553
700 701 -1.5076420641257333
701 731 -1.2961739037914737
701 702 -0.6044616952431314
702 732 0.4726401237826517
702 703 -1.659522823076545
703 733 -0.18727254338731036
703 704 -0.4363237041570474
704 734 0.05608834477332701
704 705 0.6684753406896687
705 735 0.4437725996038385
705 706 -0.407271732806105
706 736 -1.2520594362401232
706 707 -0.6884984123215561
707 737 -0.30803351961668696
707 708 0.07500245033938775
708 738 -0.1543941619636425
708 709 0.18054531455993514
709 739 -0.7238112118053766
709 710 -2.497865893005073
710 740 -1.4784388816801952
710 711 0.5269690367659747
711 741 -1.108162029617993
711 712 0.2863839017651513
712 742 0.5401744952616446
712 713 0.26843649650994983
713 743 0.9406362627559604
713 714 0.8783099924938675
714 744 -1.0051026898256337
714 715 -1.02657371265481
715 745 -0.8528476756934251
715 716 -1.5865623919735832
716 746 0.21194678043009868
716 717 -0.08280183900975793
717 747 0.5625865257768061
717 718 -0.1200685485423711
718 748 -0.11250890977666424
718 719 -0.0044225771177547335
719 749 -0.13689797424391015
719 720 1.005458989394229
720 750 1.6656809753064867
721 751 -1.3326908195746656
721 722 0.9282136934887125
721 750 -0.3878885960208377
722 752 -0.3389168691341933
722 723 0.11166840656978524
723 753 -0.41703487436324505
723 724 1.142417610015586
724 754 0.37536252290766897
724 725 1.1813236802299907
725 755 0.050342067536706225
725 726 -0.4811477869306994
726 756 -0.01757183773404966
726 727 0.23883246558815524
727 757 -0.18210501640899265
727 728 0.9962931475991724
728 758 -0.32620204461273866
728 729 -0.36902965339463867
729 759 0.49515859211982843
729 730 0.1474277381334516
730 760 -0.7538608590598158
730 731 -0.42734662915200194
731 761 -0.1836493417428169
731 732 -0.15205388240422682
732 762 0.8488464600282505
732 733 -0.9641895766390397
733 763 -1.3796772989004737
733 734 -1.9063484873096899
734 764 -0.9055465030983536
734 735 1.389118219461951
735 765 0.7191926019223823
735 736 -0.8919938493156491
736 766 0.5488965361904327
736 737 -0.15848889472390784
737 767 0.6028819519708388
737 738 -0.1108365583211477
738 768 0.6549015287631005
738 739 0.5207319894039286
739 769 2.2228579054757476
739 740 -1.0422121893460485
740 770 1.1573524130585975
740 741 -0.5745216922043803
741 771 -0.5913454537241545
741 742 -0.25656958541903746
742 772 -1.3280411183819492
742 743 0.2907804767697218
743 773 -0.8071105511936446
743 744 0.0816370053127361
744 774 -1.346623710334683
744 745 -0.9359408318569431
745 775 2.0461933701867303
745 746 0.14799958666448898
746 776 0.36626989454876063
746 747 1.4065311467111712
747 777 1.1445528628335653
747 748 0.14499939233196293
748 778 -0.3725131439499662
748 749 0.26624242660475544
749 779 -0.7191275266618168
749 750 0.6068690363388152
750 780 -0.6360614832591208
751 781 -0.3461858580818141
751 752 -0.48922443189804105
751 780 -0.05694543501108558
752 782 -1.1741943789953067
752 753 -0.1241524241858842
753 783 1.0328902928992143
753 754 -1.2609115686013603
754 784 1.1866475674730064
754 755 -0.42816165928888944
755 785 -0.3173622675370802
755 756 -0.5745986326745612
756 786 -0.37978001430714403
756 757 0.09419274051352836
757 787 -0.15988768753963678
757 758 -0.6022567920957719
758 788 0.8624982170225013
758 759 -2.028348437771025
759 789 -0.8079271534846345
759 760 1.5989975448874425
760 790 -0.5660000413791053
760 761 -0.7980591184166657
761 791 -0.0950330699853687
761 762 -0.24276875370678913
762 792 -0.6063571285817146
762 763 -0.7740304034760498
763 793 0.12177016682633078
763 764 1.3928527006297375
764 794 0.26603043184703595
764 765 -0.555399733710821
765 795 -0.22849074916245488
765 766 -0.5377544306175936
766 796 -0.35123010527812765
766 767 -0.20159954667161006
767 797 -0.45588612831331615
767 768 -0.09214180271865884
768 798 0.4269295546550318
768 769 -1.5900487648371722
769 799 1.0968416235110603
769 770 0.4924738248311306
770 800 1.6070082284286724
770 771 1.036777406640192
771 801 -1.2440369561701003
771 772 -0.05054707577865641
772 802 -0.2025145715968738
772 773 -0.3638884683938308
773 803 -0.9190885403930587
773 774 0.34522994446545174
774 804 -0.18578044139125452
774 775 -0.24630231895381602
775 805 -0.4365322606490918
775 776 1.2413523036420306
776 806 -1.583568327595684
776 777 -2.0902078544427476
777 807 1.2837999907371656
777 778 2.3902371970411664
778 808 -0.09617053043078068
778 779 -0.8693400933729265
779 809 0.32487690718373413
779 780 -0.056143760485096846
780 810 0.33990699028716986
781 811 -1.9733351997078397
781 782 0.7482455415278572
781 810 -0.9118040834860326
782 812 -0.5887807883587418
782 783 0.01946753248554773
783 813 0.498218086384097
783 784 -0.09084470578260266
784 814 -2.0933786200276243
784 785 1.6959837989840727
785 815 -1.4977860056897279
785 786 0.8005687917060124
786 816 -0.8830630343644037
786 787 -0.8235903625504892
787 817 0.9184386544743641
787 788 -0.49437979683253946
788 818 0.14039780481249076
788 789 -0.985163798171881
789 819 -0.9720437690379473
789 790 -1.0883936092021433
790 820 -0.6182227497315927
790 791 -0.306679639114015
791 821 -0.35711446749950043
791 792 -0.6216730846053836
792 822 0.5077430723774529
792 793 -0.4941634135377576
793 823 -0.8358434831342355
793 794 0.30202191388267413
794 824 0.1944039921252979
794 795 -0.11016840232439162
795 825 -1.2579640298517412
795 796 0.4399334805056666
796 826 1.2503422668521817
796 797 -1.9073892445903564
797 827 0.34756357436218255
797 798 0.8399630676561531
798 828 0.07442382172036462
798 799 1.9902390758454822
799 829 -1.2500698263804295
799 800 1.0671905659586451
800 830 0.507224859681551
800 801 -0.4082076190726272
801 831 0.3063945880215993
801 802 1.505847724237606
802 832 0.8414039846990495
802 803 0.6535699518628838
803 833 0.33593208630364046
803 804 0.23057504927676073
804 834 0.6308998057308234
804 805 1.0620704686995894
805 835 1.2933128242972343
805 806 -1.097275569703502
806 836 0.5829042473506453
806 807 -0.2657750246173922
807 837 -0.7041107601978416
807 808 3.1726197793319644
808 838 -1.3228353009012737
808 809 1.3875489960174787
809 839 0.24101836671974014
809 810 -1.4776570480824294
810 840 0.700484861025478
811 841 0.28261496285968785
811 812 -0.9174127942826169
811 840 -0.8085308711817287
812 842 -0.3951255566494401
812 813 0.10218599720743177
813 843 -1.3081924918523944
813 814 0.9822191042922523
814 844 1.3123351417559088
814 815 2.0524823681077167
815 845 0.35044310353775027
815 816 -0.6636326982615575
816 846 0.28331706744312546
816 817 0.6292390467642013
817 847 -1.0109813876399674
817 818 -1.2751753525221503
818 848 -0.38594105069555784
818 819 0.32211420397767243
819 849 0.2441436481541742
819 820 -0.916131577253056
820 850 0.95198604591825
820 821 -0.5672134224133677
821 851 -0.5053353690154229
821 822 0.09612998758457367
822 852 -1.5205413734868516
822 823 0.2913096669982583
823 853 2.028679898169008
823 824 1.876296618566043
824 854 -1.8675885868028443
824 825 -0.6078570260395914
825 855 0.7752523406333559
825 826 -0.9005178282552475
826 856 -0.04164626258348264
826 827 -0.27992561040378733
827 857 0.8394813824822809
827 828 0.9424911110694869
828 858 0.2267048268897503
828 829 -0.44224301329946614
829 859 0.08072132505957948
829 830 -1.0358574904641102
830 860 0.27633888959261294
830 831 0.3358353122874582
831 861 0.6614943882639955
831 832 -0.7025244319790929
832 862 -1.1390030842504952
832 833 1.6818556132385452
833 863 -0.7382799959221595
833 834 -0.965872637056514
834 864 -0.8350910621851587
834 835 -1.5061701870887652
835 865 -0.41995408276345947
835 836 -0.21603286677162353
836 866 1.1056887252233683
836 837 -1.2774326769899287
837 867 -1.394805649992533
837 838 0.28183421240440126
838 868 0.42268518887357637
838 839 0.012721313013591789
839 869 -0.019126208469910592
839 840 -0.46459123656987733
840 870 0.9574897466540085
841 842 0.9165834349141458
841 870 0.166102232506779
842 843 0.6786022966313108
843 844 -0.22862469059745527
844 845 -0.1399078300398868
845 846 0.5566284906283692
846 847 2.0628393203872477
847 848 1.5298578127804723
848 849 -0.5966824219043172
849 850 -0.8265105781296798
850 851 1.2784038383743608
851 852 1.1776890263712696
852 853 1.040521449253637
853 854 0.11512609923128254
854 855 -0.3238107614612605
855 856 0.4654245449132499
856 857 -0.23080211735845782
857 858 0.13884106813449124
858 859 -1.127707551656387
859 860 1.1763258307785638
860 861 0.9533698374470024
861 862 -1.2697402760953174
862 863 1.8727199881305052
863 864 0.21084408883268071
864 865 1.0341034425265805
865 866 -0.489522579337244
866 867 -0.09515309741903083
867 868 -0.016768135458314973
868 869 0.6977337865667156
869 870 -1.2599501378944953
