900 1800
1 31 -0.1623869878750676
1 871 -0.6943136949540692
1 2 0.008492057871526165
1 30 1.4084159047951044
31 61 -2.0832213162477573
31 32 -1.462791689164436
31 60 1.242871861823156
871 841 -0.10960045053783493
871 872 -1.596725986030509
871 900 -0.021867272996727135
2 32 -0.7605892214832274
2 872 0.8295710712456024
2 3 -0.31611473747705116
30 29 -0.36645301192939067
30 60 0.004115849675979739
30 900 0.5728626546891595
32 62 -1.5258087690093292
32 33 -1.3173857463708647
872 842 -0.3880599257262401
872 873 -0.7399955589057811
3 33 -2.0241694584457535
3 873 1.9583639601253977
3 4 -0.7682173323201056
33 63 -0.5741664415506132
33 34 -0.11960172728854888
873 843 2.3487858463410847
873 874 0.5800632131929808
4 34 1.8404763145741243
4 874 -1.3700050880642816
4 5 -1.3015367746618338
34 64 -0.3915933711454565
34 35 0.68603824270203
874 844 1.501955606907895
874 875 0.6072056320933712
5 35 -0.5069376180497259
5 875 0.7475868926587167
5 6 -0.41446718868101334
35 65 -0.649686221347175
35 36 1.4711081902488785
875 845 0.3918492341955873
875 876 -1.139831345104791
6 36 -0.07048944160028171
6 876 0.9324081173347134
6 7 -0.11817794887428804
36 66 -0.9547210620783088
36 37 -0.5627924538903818
876 846 0.05109691896242193
876 877 1.3055687515103789
7 37 0.09371277269781074
7 877 0.9187379731495586
7 8 -0.7882728210052179
37 67 0.4871851280475661
37 38 -0.09983295855779124
877 847 -0.282974736222986
877 878 -0.27778542050235294
8 38 -0.9822669741326746
8 878 1.4355127901029965
8 9 -0.12448763861410689
38 68 -0.04189975053435571
38 39 0.17951561862679488
878 848 -0.7020890496533145
878 879 0.5618688570583934
9 39 -1.1119436902875102
9 879 -2.0788858396685526
9 10 -0.8408907234070503
39 69 0.9918374081735171
39 40 0.6263175076222334
879 849 0.31928679814215816
879 880 -0.6808171870576775
10 40 0.0781188824167706
10 880 -0.6225080793951451
10 11 0.14952570311563892
40 70 -1.9531281764186217
40 41 0.5164131512083451
880 850 1.6326559537863328
880 881 -0.38329399556960464
11 41 0.8984003186583225
11 881 0.37418734953091043
11 12 0.851768489599341
41 71 -0.166470932487547
41 42 0.08578958966464366
881 851 -0.04035355250038389
881 882 -0.06364926526101855
12 42 -2.1062446256131495
12 882 0.3730424455107313
12 13 -0.3098716855295628
42 72 -0.5306893485781035
42 43 0.5768175404439022
882 852 -0.21044012335472917
882 883 -0.6633682363548746
13 43 -0.199715227249474
13 883 0.9924394176833704
13 14 0.046107924631399816
43 73 -0.10255174100060581
43 44 -0.7605540709766625
883 853 -1.8613580005467332
883 884 2.4403929123180426
14 44 -0.6691345915967377
14 884 -1.996057523213739
14 15 0.05824677528074277
44 74 -0.2489291390725568
44 45 0.02420257902956232
884 854 1.987098709116823
884 885 0.09864998777159616
15 45 -0.9744054497379431
15 885 -1.4892927166015502
15 16 1.6658107401870867
45 75 1.1259391004017525
45 46 0.29179698297165757
885 855 -0.8596465930641077
885 886 0.5575989625759135
16 46 0.019619036707351625
16 886 -1.3848727405696506
16 17 1.1489059270713655
46 76 -0.1920931215267878
46 47 -0.7603094156714203
886 856 0.405077059069961
886 887 -0.026187567267276536
17 47 -0.12446211762800376
17 887 1.282120763845611
17 18 -1.2587584440832689
47 77 0.24865704636565944
47 48 -0.3147445499453073
887 857 -0.39260163469423537
887 888 -0.9566195416238835
18 48 0.23679492313297154
18 888 -1.0421445642403664
18 19 -0.4890446425280268
48 78 -0.6609634628565967
48 49 0.12474536019368487
888 858 0.2535777864957609
888 889 -0.49397286797803186
19 49 -0.5942390355680855
19 889 -2.574448129207923
19 20 0.9098987031711965
49 79 0.1759589004923513
49 50 0.42538905291485063
889 859 0.39252296787332763
889 890 1.0494943855534227
20 50 1.478021033524134
20 890 -0.5119780258725521
20 21 -0.4784228836844806
50 80 -0.014537579436689636
50 51 -0.0390251391280328
890 860 -0.20676638086818666
890 891 1.0065919754004395
21 51 -0.15714434513713943
21 891 0.7173289988253111
21 22 0.7372949816957278
51 81 -0.040936343064985836
51 52 1.3207183324870073
891 861 -0.7989824866584013
891 892 -0.20090739021321743
22 52 -0.924184890500554
22 892 -1.1604039485767816
22 23 0.6749535363265979
52 82 0.9086729001971351
52 53 -1.2322460667993145
892 862 0.812973083959303
892 893 1.2672852394571779
23 53 0.37313337927365514
23 893 0.19900021075848873
23 24 0.8663372900015872
53 83 -1.8447783671899411
53 54 1.9607941048104651
893 863 1.267571304026088
893 894 0.6850359369200787
24 54 -0.8307204513406855
24 894 0.4277422168813538
24 25 2.485413582068616
54 84 1.6555681190894096
54 55 -0.2331809564881748
894 864 0.18680483903204315
894 895 0.279355184831884
25 55 -1.1130979270661931
25 895 -0.23753426875862452
25 26 0.28068687697286854
55 85 -2.1706123502327603
55 56 -0.8924239929733557
895 865 -0.26586788772365655
895 896 1.1668126683280353
26 56 -0.02708278889703084
26 896 1.5794854841366117
26 27 -1.013285817313026
56 86 2.1644753827024013
56 57 0.719166748054442
896 866 0.5166659105136959
896 897 -0.02234582342859453
27 57 -0.4700660885273306
27 897 -0.6470776115323935
27 28 0.12133035659732719
57 87 0.24668009217734296
57 58 -1.9890153107288093
897 867 0.2766833971406204
897 898 -1.7916993543868243
28 58 -0.5698803429967098
28 898 -0.3057241786916116
28 29 0.1255689442934585
58 88 -0.2398224337497781
58 59 -0.7638385587555376
898 868 -0.5201784707495662
898 899 -0.096762497345242
29 59 -1.1799968321183907
29 899 0.5552428649329659
59 89 -0.7741658912194253
59 60 -0.7763342499582013
899 869 0.830482907218225
899 900 -0.8620724239886652
60 90 0.24191960600656345
900 870 0.8343839563289964
61 91 1.73182851244658
61 62 1.4849057769430853
61 90 1.7513451786758107
62 92 -0.5088570274220501
62 63 0.4013375016925798
63 93 0.6238105754420645
63 64 -0.9571008635141272
64 94 -0.913617353550262
64 65 0.2857597650941743
65 95 -0.5614366355824645
65 66 0.869155277362671
66 96 0.08112776737513214
66 67 -0.04383718071457716
67 97 -1.1423674935375518
67 68 1.233980832327702
68 98 -0.6738348415816594
68 69 -0.6475166492109887
69 99 -0.9922497158577968
69 70 -0.8184390321982831
70 100 0.30585627255806364
70 71 -1.1299225351237498
71 101 0.6914772456311266
71 72 -2.3899267201207666
72 102 0.08651385804159666
72 73 0.8383305730463315
73 103 -0.5956473723316031
73 74 -1.3506233221396018
74 104 0.5158912265249871
74 75 1.3805116081908555
75 105 -0.3961979714046713
75 76 -0.6526287366140693
76 106 -1.03994290976711
76 77 -1.0154808951688254
77 107 -0.603972634206891
77 78 -0.34202530913667933
78 108 0.17488622637703152
78 79 -0.5257022141871023
79 109 1.1499731662556942
79 80 -0.33618479927761497
80 110 -2.1020244789993647
80 81 0.16105955600810967
81 111 0.420554928467981
81 82 -0.6810687625803894
82 112 -1.1061944107611266
82 83 -0.8928379861204252
83 113 -0.9236560531272978
83 84 0.05355642073849714
84 114 -0.9665746662687771
84 85 -1.1727918551208982
85 115 0.4612667541850709
85 86 -0.647433619562479
86 116 -1.450524180405593
86 87 -0.07163225743095478
87 117 -0.6483929136268125
87 88 0.5700440251327381
88 118 -0.1921620210928105
88 89 -0.45852996351767655
89 119 -1.5272303509711427
89 90 -0.6979505369263485
90 120 0.6546626199020362
91 121 -0.3850519574334395
91 92 0.8472822993752643
91 120 -0.859620368330072
92 122 1.1382956589773103
92 93 -1.3509242307779725
93 123 -0.1573230725793836
93 94 -0.002417440279773466
94 124 -1.0176191237657168
94 95 -0.04889013064303053
95 125 0.38264890890707665
95 96 0.7506634749742157
96 126 0.41338794654745953
96 97 -1.8219391845919677
97 127 -0.12474011518382529
97 98 -0.06468299580046254
98 128 0.09500302345828736
98 99 1.6023200475192023
99 129 1.122671085972163
99 100 -1.0325511981942483
100 130 0.1320699976638225
100 101 0.8589435256215727
101 131 -0.6593586881376938
101 102 0.926586635154304
102 132 0.34380609746007906
102 103 0.262760663225706
103 133 1.545691794831631
103 104 -0.3916234573894482
104 134 -0.4520722383958199
104 105 -0.9481775401188088
105 135 -0.2851486998183057
105 106 -1.1452057002214266
106 136 -0.4150817963040792
106 107 1.3136612569409971
107 137 -0.2091201194150211
107 108 -0.4377272770994332
108 138 1.7963256069536118
108 109 0.06627396580717626
109 139 -0.08093628753480206
109 110 -0.417731635493147
110 140 0.4917122818229966
110 111 -0.2350838375630654
111 141 0.8513303840558439
111 112 0.8049051397695242
112 142 0.3521324183699177
112 113 0.4912478565708885
113 143 -1.9599183278145529
113 114 -0.012558717728405618
114 144 -0.5699951572343405
114 115 0.05372139318556561
115 145 1.742186232788678
115 116 -1.0185888081528414
116 146 0.28420711148576105
116 117 1.1208634908686712
117 147 -1.1486573373990494
117 118 0.0040915070804946
118 148 0.8325424143043486
118 119 -1.2666570373649237
119 149 -0.9282241879921209
119 120 0.3405097438190526
120 150 -1.0463406956477193
121 151 1.3904475595276913
121 122 0.35692218301703355
121 150 0.33495499015007585
122 152 -0.23300964702955884
122 123 0.6550367102758848
123 153 0.6175477303656145
123 124 -0.8408520634287755
124 154 0.710196542996162
124 125 1.694863350116625
125 155 1.3991121831626514
125 126 -0.06636198558990444
126 156 -1.1232228156293924
126 127 -1.5407076525354202
127 157 2.628025176688134
127 128 -1.384355887033601
128 158 -0.933725229791299
128 129 0.5079657249826074
129 159 -0.9587680662750975
129 130 0.17276019150958455
130 160 -0.26863053746344917
130 131 0.7703617787310835
131 161 0.3775834483410769
131 132 -2.1890133288035685
132 162 -1.4977074927634866
132 133 0.41385169137300964
133 163 -0.4710022215521807
133 134 -1.9486995258237843
134 164 -0.045345386143980766
134 135 -0.5471239797230767
135 165 1.0039203492940183
135 136 -1.777845784415506
136 166 0.8795240104574191
136 137 0.5001678020811268
137 167 -0.414127176337669
137 138 0.7991689861027965
138 168 -0.09003798266507115
138 139 0.4835439578532257
139 169 -0.166701895623816
139 140 0.7997351689603378
140 170 -0.7236204726222915
140 141 1.0463468299665009
141 171 -1.0174230190506233
141 142 0.11314406874797649
142 172 1.192413893742644
142 143 1.5074831712782328
143 173 1.8743409634959538
143 144 -0.42015337095185457
144 174 -0.17189915710114537
144 145 0.4637050991808083
145 175 -0.29241430109278366
145 146 -0.8470549101874429
146 176 -0.6491438589819226
146 147 0.7534312106194092
147 177 -0.2572252334265424
147 148 0.07121072685198872
148 178 -1.026869977837541
148 149 -1.3156870562761462
149 179 0.2692889219225084
149 150 -0.6344179638625138
150 180 1.9319679254957478
151 181 1.2355496191200177
151 152 0.11611987016041926
151 180 0.2101998847386683
152 182 0.6478936848343031
152 153 -2.0434018658690074
153 183 0.7792073310074055
153 154 -1.0908557904216656
154 184 1.465577640292411
154 155 -0.9832740367323438
155 185 0.7970626087613013
155 156 -0.5292574928390524
156 186 -1.8569496091123532
156 157 -1.2017689880231963
157 187 -0.8918562884327518
157 158 -0.5311936071173766
158 188 -0.17230892094812203
158 159 1.1019215294773932
159 189 -1.1081767033615209
159 160 1.2772578889234925
160 190 0.5064139758805922
160 161 -0.40438873567172706
161 191 -0.6323826137681692
161 162 -0.777457097837941
162 192 0.012703904157095105
162 163 -0.2113579823203936
163 193 -1.4714163588146132
163 164 0.9030431015001139
164 194 0.9525264195053386
164 165 1.8866028009081135
165 195 -0.8087779631475618
165 166 -0.18010168954832328
166 196 0.13679970044571424
166 167 1.0407527623310702
167 197 -0.3238457200239342
167 168 -1.0175805140393597
168 198 1.134517246297436
168 169 -0.28027108842132953
169 199 1.2372667470405478
169 170 -0.1580231101347196
170 200 0.7126628482879973
170 171 -1.4022355150936328
171 201 0.08930022273914844
171 172 -0.14876745869009808
172 202 -0.4343217385142434
172 173 -0.8887561800400144
173 203 1.820955141523776
173 174 -1.767716258520669
174 204 1.9609727881471612
174 175 -0.13461677345615178
175 205 -0.7981546471799732
175 176 0.08909101459559528
176 206 1.141632615269914
176 177 -0.6310273663720152
177 207 0.31382800833741226
177 178 1.0073349465822312
178 208 -1.061387480039197
178 179 -0.42406473802843864
179 209 -0.154116155077377
179 180 0.011443745246238472
180 210 -0.9941387687439356
181 211 -1.397872584706686
181 182 0.31721752028901196
181 210 0.6082353214180418
182 212 0.8191029378237522
182 183 1.266705979413486
183 213 -0.4582409381884966
183 184 0.2621749297065454
184 214 -0.8979597230956106
184 185 -1.6857613735923471
185 215 -0.4208003869791525
185 186 0.45841970531317333
186 216 -0.12590628415050623
186 187 -0.07473112997683376
187 217 1.476647018906189
187 188 1.6808011902516835
188 218 -2.391347070094092
188 189 0.2845712761257481
189 219 -0.19574095813589582
189 190 0.1363098872360903
190 220 1.0158169339887693
190 191 0.9958757578732671
191 221 0.7561259285328451
191 192 -0.34272552672021106
192 222 0.2099601152878527
192 193 -1.7009391836459584
193 223 -0.5737280368755594
193 194 -1.1572914787661939
194 224 -0.04726928762149623
194 195 0.36571209885858075
195 225 1.1384556895429505
195 196 -1.725761535231272
196 226 1.2637532080840006
196 197 -0.5548420728116807
197 227 0.6152405892918105
197 198 0.10186281439104608
198 228 0.79061842579711
198 199 0.8526996231378438
199 229 0.1440471720651093
199 200 -0.9804556778226183
200 230 -0.059272405967069515
200 201 1.1195822406700728
201 231 -0.2078720111199206
201 202 -1.351078630991733
202 232 -1.0441620566360375
202 203 -0.17543061137641267
203 233 -0.3432895238336338
203 204 -0.18735843689082354
204 234 -0.0891328374041542
204 205 1.5327538313527695
205 235 0.6952709200905415
205 206 0.7313734385655193
206 236 0.07632175101035692
206 207 0.5363036943476787
207 237 -1.1267767635390338
207 208 -2.7617946112179563
208 238 -0.7199382920745193
208 209 1.5713136674098482
209 239 -0.9100231688800672
209 210 0.11769639350267487
210 240 -0.21342504142995927
211 241 -1.9724989308874996
211 212 -0.41492313002580156
211 240 1.3915594144328258
212 242 -0.7216570550762913
212 213 0.9757593400176299
213 243 1.1486791256222562
213 214 0.5062999646448394
214 244 0.5621436094035973
214 215 0.32795443005708547
215 245 -0.3915770848379333
215 216 -0.04096344860595882
216 246 -1.036306627197816
216 217 -0.7152532278021775
217 247 0.32027995547380816
217 218 -1.3481998407298266
218 248 -0.3096086141033214
218 219 0.024839818812949305
219 249 0.6595330345468492
219 220 0.3062673523613811
220 250 -0.4841863477116632
220 221 0.025411695214292818
221 251 -0.3457869912856255
221 222 -0.1498162756308534
222 252 -0.9608358997398477
222 223 -0.4321348831044486
223 253 0.18986387135034627
223 224 1.5455666933111973
224 254 1.4957944341433367
224 225 -0.6974946723962625
225 255 -0.3360968694650386
225 226 2.4693259344832423
226 256 -0.2776783636570282
226 227 0.9889234436272794
227 257 -1.1903600874687004
227 228 -0.9792923570561647
228 258 -0.1563465019411599
228 229 0.24049587580745
229 259 1.8528700469743669
229 230 -1.454142546109351
230 260 -3.0135805687110424
230 231 -1.0810700532541895
231 261 -0.6154147134963114
231 232 0.49836986014816886
232 262 1.2044383083032124
232 233 0.7395163082242403
233 263 -0.6690506942699628
233 234 -1.6263502116982527
234 264 -0.2751924258439166
234 235 -0.277067497991161
235 265 1.3176183791678062
235 236 1.0194898598335858
236 266 -0.7494199790309505
236 237 0.9753625151187127
237 267 1.0894971735118268
237 238 -1.8448517724823283
238 268 0.18867763384016126
238 239 0.890168311032721
239 269 0.4687772664285152
239 240 0.33801612978716195
240 270 0.9715168105858693
241 271 -1.2653863358094968
241 242 -0.7623585831919363
241 270 0.3475143493055348
242 272 1.8798840666191468
242 243 -0.9097068130881806
243 273 1.239731568928957
243 244 -1.0677622248541754
244 274 0.3294514735402026
244 245 -1.6934257067059932
245 275 0.08309296401050228
245 246 1.1977041127644577
246 276 0.06938456794927653
246 247 0.3687918717737746
247 277 -0.3341452569987404
247 248 0.2518166717344321
248 278 -2.6564378765337056
248 249 -0.8661097874698416
249 279 0.2901359683997351
249 250 0.7826078176915792
250 280 0.7054552078369732
250 251 -0.19139750171678213
251 281 -0.11276081058935498
251 252 -0.8988019632256118
252 282 0.36437985367035514
252 253 -0.6353391774492151
253 283 0.9802015429522082
253 254 1.6268300220213943
254 284 0.8060827898723476
254 255 -0.40067973915172245
255 285 0.8509664296372028
255 256 0.01971822649782957
256 286 1.012696231638198
256 257 0.6915065771564669
257 287 0.3312529915087293
257 258 -0.1581267006183854
258 288 0.6502381751904598
258 259 2.6236406928321507
259 289 -1.6802211941338612
259 260 -0.594643228592314
260 290 0.09576541148061765
260 261 -0.8892541222311849
261 291 1.0543688107036417
261 262 -0.8117316953250486
262 292 -0.7137649464448416
262 263 0.3276903474700546
263 293 -1.1848529765426252
263 264 -0.8180965487713372
264 294 -3.1834036893823416
264 265 -0.12320804751219196
265 295 2.030344329904872
265 266 -0.48115720071855855
266 296 -0.7580782796974422
266 267 -0.8158245807177303
267 297 1.3946970828482568
267 268 -0.2543128223123373
268 298 -0.7889461844233193
268 269 -1.0468012437898413
269 299 0.7094964506470858
269 270 0.28046165585759714
270 300 -1.1643599120778674
271 301 -0.36538466696422156
271 272 0.07150029335585836
271 300 -0.49029001066378114
272 302 -0.3675395579570478
272 273 1.3951185262750134
273 303 -0.7310023483996911
273 274 -0.6206720639644974
274 304 -0.004014201815507774
274 275 0.2700999322397324
275 305 1.3619326658373667
275 276 0.5585905179525995
276 306 -0.27759462473653723
276 277 1.9861597523187067
277 307 -2.222567881621984
277 278 0.3856700604288094
278 308 -3.768221414584132
278 279 2.1137551556894714
279 309 -0.26323760678530694
279 280 0.8877061615157682
280 310 0.5154125149430034
280 281 -0.10666238838746528
281 311 -0.1599903616033464
281 282 0.4146670931517511
282 312 -0.04101263934390114
282 283 0.6646689159100305
283 313 -1.4341523258342184
283 284 -0.6384367985586779
284 314 -1.389521010509518
284 285 -0.10322525501937845
285 315 -0.05044405534020072
285 286 0.7760906988685745
286 316 0.8128989407376317
286 287 1.6634740724518475
287 317 -1.2897134430917014
287 288 -1.8493818835911702
288 318 1.580302526521049
288 289 -0.41852841497067883
289 319 -0.7119524319788636
289 290 1.2285838584033288
290 320 1.3003615737731684
290 291 0.8456430514674582
291 321 0.7292974998671423
291 292 0.15404418162624622
292 322 1.7773943896694124
292 293 -1.16596333641935
293 323 0.9911024657581368
293 294 -0.4549915782185593
294 324 0.2717462890329674
294 295 0.0077117475275450065
295 325 0.549343464557092
295 296 -0.7855468136748948
296 326 0.6489520155097699
296 297 0.9656521538777296
297 327 0.25231266788974704
297 298 0.004709422923381328
298 328 1.3593116439669624
298 299 0.05737849026956357
299 329 0.17420145837986542
299 300 0.2578934463101119
300 330 -0.4425315212975557
301 331 0.719298788045412
301 302 -0.8570082221792195
301 330 -1.2723420503498235
302 332 0.4241234879618576
302 303 -1.293485369215181
303 333 -0.3818538748402837
303 304 -0.9490976482101532
304 334 0.10965654166955549
304 305 1.4737143565724278
305 335 -2.291127760408307
305 306 0.5574185791640359
306 336 -0.13857249891880516
306 307 0.2074868630371274
307 337 0.0025765231156159116
307 308 0.2735430478399448
308 338 -0.22755295768104944
308 309 -0.7640718837211318
309 339 -0.3162476591277126
309 310 0.7773313543607643
310 340 -0.8992040798504503
310 311 -0.62746905762875
311 341 0.3273580196505156
311 312 0.20738994194575894
312 342 0.5079955767380938
312 313 -0.2192618436570297
313 343 1.1255380013622514
313 314 1.5539601595714687
314 344 0.16840474530920063
314 315 -1.3793368198162343
315 345 -1.1665355817700362
315 316 -0.06711695976861008
316 346 0.02178454393680162
316 317 0.5694051164276758
317 347 1.1632054533033296
317 318 0.15891468313338014
318 348 0.26772408433442374
318 319 0.20640623390890417
319 349 0.7788228827527279
319 320 -0.18706725905976496
320 350 0.8242348715846685
320 321 -0.2557063345804796
321 351 0.28196441383855275
321 322 0.9267917783846624
322 352 0.9192986208217387
322 323 0.6176641159369647
323 353 -0.4056974686572118
323 324 1.8285552286998366
324 354 1.15303941846551
324 325 -0.9619605384253267
325 355 0.21900940077374512
325 326 1.0501595774937895
326 356 0.371481334646047
326 327 1.2689762276661987
327 357 -0.5016032382940261
327 328 1.5416662031335704
328 358 0.9172494546423204
328 329 2.1997683045996594
329 359 0.689830238244181
329 330 1.0826987202102616
330 360 -0.4410195520330435
331 361 2.0550266137042836
331 332 0.7809073695758026
331 360 -0.27161776565176127
332 362 1.1612871589160048
332 333 1.4177967625751042
333 363 -0.5452596952205886
333 334 -1.932235140819092
334 364 -0.13299250464122236
334 335 1.4663964923254538
335 365 1.6251738427536722
335 336 1.3821961811918086
336 366 0.31768205793285176
336 337 0.4359976417659581
337 367 -1.1045367961392718
337 338 0.6264360149291767
338 368 -0.5389786243594228
338 339 -1.956666724443347
339 369 0.05955062711106804
339 340 0.8481124005018713
340 370 -0.2189522645329224
340 341 -1.889858938333713
341 371 0.8613082711520208
341 342 -1.3648220889562823
342 372 -0.7198406781346188
342 343 -0.37067607343694053
343 373 -0.03679875305719282
343 344 -1.0666619592665767
344 374 -0.1249633415025905
344 345 0.2118889104467191
345 375 0.16709623631456302
345 346 -0.20807725376491853
346 376 0.2964221418917755
346 347 1.1593958809377307
347 377 0.31621313605317397
347 348 0.14613770038093765
348 378 0.7808596689275211
348 349 -0.8969341758677166
349 379 0.04838236757178217
349 350 1.0135903904576773
350 380 0.3121844120226281
350 351 -1.2639260480640218
351 381 0.0717632502471984
351 352 -1.683712780756443
352 382 0.8222887255812709
352 353 1.6347209567845313
353 383 -0.5428185595386991
353 354 0.23413410611102348
354 384 0.18725791803575043
354 355 1.8315060420064215
355 385 0.08759215875557469
355 356 -0.7339374455095432
356 386 0.49271875406314813
356 357 -0.033842048618180375
357 387 0.17022720758148074
357 358 0.11933785689722723
358 388 -0.7668492727689507
358 359 -0.091108359262943
359 389 -0.7857973205384144
359 360 1.2896968134451154
360 390 0.7591180963656385
361 391 0.12510010906811855
361 362 -1.532201361103112
361 390 1.7333312889248507
362 392 -0.07940069370531562
362 363 0.7079981155141435
363 393 -0.1327513911343349
363 364 0.00824445459114315
364 394 0.2262638708663733
364 365 0.9904649701853906
365 395 0.8576913157502742
365 366 -0.8984133690818435
366 396 1.06922221696414
366 367 1.8387036156184178
367 397 -0.7521320242737135
367 368 1.8693561814794586
368 398 -0.6731083107653851
368 369 -0.7022365453665246
369 399 1.259871825463689
369 370 0.42850200390307874
370 400 0.38976036042797957
370 371 -0.37261241439328413
371 401 -0.7575985624771429
371 372 0.5276992609723966
372 402 -0.50605685778376
372 373 -0.33319435795495994
373 403 -0.09144092088279696
373 374 2.3981317681192054
374 404 0.2404865854593253
374 375 -0.3726122995771873
375 405 0.980544682937123
375 376 -0.8194965456250821
376 406 -0.6961346935210789
376 377 0.028277886438029535
377 407 -0.3549106564332787
377 378 -2.1248434315437055
378 408 0.6169167281226859
378 379 0.6983668313467087
379 409 1.0371879460713362
379 380 0.8542828045634003
380 410 0.6050357738633491
380 381 1.0618280654199375
381 411 -0.144244405143384
381 382 -1.9215565919848623
382 412 -0.9065686387150459
382 383 0.23738058938630324
383 413 1.5859848342722418
383 384 -0.05921801134800437
384 414 0.9610774129493989
384 385 0.10900836073867273
385 415 0.5261689447692346
385 386 1.5757131771763375
386 416 -0.5438714822406909
386 387 -0.004859189053978001
387 417 1.6103974682147808
387 388 0.9898827478658052
388 418 0.10770137948761123
388 389 0.6480450761787552
389 419 0.8641848291393809
389 390 -0.2804717821907165
390 420 0.5416338720392813
391 421 0.8598783856801461
391 392 0.2992360511867486
391 420 0.3790917923715427
392 422 0.6681606418184405
392 393 -0.05627847576936328
393 423 0.6193044157191867
393 394 -0.8910294836018262
394 424 -1.2099357062361906
394 395 0.4097873717459389
395 425 0.9452820201753367
395 396 0.12830217896566942
396 426 2.0991866330100764
396 397 0.32087532614916675
397 427 0.6037708120810422
397 398 0.8239994564484979
398 428 0.25706457585889947
398 399 -2.2212068521940327
399 429 -0.5113480895622826
399 400 -0.17621831416426792
400 430 0.507062087390009
400 401 -1.157399481307243
401 431 0.6734872902476149
401 402 -1.21815153645029
402 432 0.3296154430607072
402 403 0.28285165072490914
403 433 -3.2393296396591866
403 404 -0.9251361868585791
404 434 1.8650187182144036
404 405 0.8014742778774314
405 435 -0.7262136200554689
405 406 -1.5128764109962918
406 436 1.8835587892789196
406 407 0.5898661177554637
407 437 0.4319701353784036
407 408 -0.8750673743046212
408 438 1.1002087051222187
408 409 -1.1963719324284692
409 439 1.1209210436803276
409 410 0.9328499946641442
410 440 -0.40562501189696537
410 411 -0.638541223079447
411 441 -1.1009872022084846
411 412 -0.2676193881991239
412 442 1.6271734790778443
412 413 1.8953595715958924
413 443 0.9832908301327548
413 414 1.5828608295851119
414 444 -0.7974260524774837
414 415 1.7203044448835585
415 445 0.6232454414116188
415 416 0.6742715975307789
416 446 1.9774344201864342
416 417 -0.4096934000381405
417 447 -0.2607865773150403
417 418 -1.0007027434105344
418 448 -0.6289346236217869
418 419 -1.152633056263326
419 449 0.726050437720652
419 420 -2.119175490303277
420 450 -1.2125439262955537
421 451 0.04732621700025377
421 422 2.0015982924074778
421 450 2.299366471333465
422 452 -0.40162007460280674
422 423 -0.31166523419041137
423 453 1.2751163702743653
423 424 0.26181853806117983
424 454 -1.4460480054314682
424 425 -0.4029778425421717
425 455 0.7687907746845296
425 426 -1.3856642794991243
426 456 -0.06077404250099164
426 427 -0.44647359378228285
427 457 -0.19638808072038585
427 428 -1.0916963825280932
428 458 -0.9454432512030803
428 429 0.17338472668162083
429 459 -1.2883681080551324
429 430 -0.9289506608260448
430 460 -1.8051975050345042
430 431 0.7728977747868616
431 461 1.063396958274273
431 432 -1.0475468202214937
432 462 0.537411033205596
432 433 0.29445704087466623
433 463 -0.7432969302246186
433 434 -0.1279516134357116
434 464 -0.17462734363127022
434 435 0.15008270027334458
435 465 0.1529224112808929
435 436 -0.6589987839326338
436 466 1.4191794918070078
436 437 0.16305565038759445
437 467 -0.043116816040934335
437 438 -0.3329107189712087
438 468 -0.26101644920299666
438 439 -0.5819476773337822
439 469 0.6680139504014061
439 440 -1.3324296492054042
440 470 0.20838414096921423
440 441 -0.7289005725533118
441 471 0.9081832607110727
441 442 -0.017705729228908392
442 472 0.36908120362109076
442 443 -0.25803105953775973
443 473 0.00722373740902637
443 444 0.12284172641726203
444 474 -0.33567613321205453
444 445 -1.6189851954736438
445 475 -0.5640134700182753
445 446 -0.3398177172132788
446 476 -0.312754217318164
446 447 -0.20317374543395567
447 477 1.2123948469672976
447 448 2.1534051650691572
448 478 -0.850301453511172
448 449 1.1573141472505497
449 479 -1.1240046110824307
449 450 -1.1839789687130031
450 480 0.8074638587574717
451 481 -0.9933158869388968
451 452 -1.0202976904397014
451 480 2.3146907359451454
452 482 0.7641546294786469
452 453 0.23698973139293625
453 483 -0.3309432559510567
453 454 -0.15400019852103747
454 484 0.4163188075989432
454 455 -1.0103720729874537
455 485 1.4667719810983184
455 456 0.29867572981330587
456 486 0.446947617331331
456 457 -0.034368156007839754
457 487 1.4206868058260014
457 458 0.1635556826003258
458 488 -0.6140386638493042
458 459 -0.44650771430791875
459 489 2.425004660657
459 460 -1.9127321623711682
460 490 -1.1431889261334838
460 461 -0.02411791675087631
461 491 -1.0458382159096784
461 462 0.08157449714249804
462 492 -2.2096231830213315
462 463 -0.27768059937190465
463 493 -0.6551109826933605
463 464 -0.8834250880746644
464 494 -0.285682502092674
464 465 2.216663756132191
465 495 0.10655924544465689
465 466 1.6312719338765715
466 496 1.162317256656789
466 467 1.080916071200211
467 497 -0.735659270100355
467 468 1.0462793667147638
468 498 1.5201152314893058
468 469 -1.365023076280919
469 499 -0.10537158462513681
469 470 -0.650906687409341
470 500 -0.7466078979881138
470 471 -0.5887844282512215
471 501 -0.292318706757836
471 472 1.1997084228660522
472 502 0.5918812502795315
472 473 0.282008083302857
473 503 0.9267823775806577
473 474 0.05903060258711542
474 504 0.5952478143026919
474 475 0.8925812106087109
475 505 -0.3900249609248112
475 476 -1.104112796783182
476 506 1.7605965614850023
476 477 0.1988028635545631
477 507 -0.36597094654259793
477 478 -0.20235660990564672
478 508 1.643411583593195
478 479 0.9474055453300871
479 509 -1.121714332608941
479 480 -0.2133656593560555
480 510 0.6289777771019747
481 511 -0.7889046537717467
481 482 -0.46866174302521885
481 510 0.8378430680733876
482 512 -0.7145166530402886
482 483 -0.6434741914694483
483 513 -1.0422382027045618
483 484 -1.130118963679327
484 514 -0.742782837347954
484 485 0.2669885862356397
485 515 1.445682213875224
485 486 0.61785625716009
486 516 -1.0871368741925371
486 487 1.5308853037371535
487 517 -0.36721426354232867
487 488 -1.5499039280758937
488 518 -0.8833399047447805
488 489 0.6101863889759056
489 519 0.7871864346595275
489 490 -0.007171253871957801
490 520 0.6974527086215216
490 491 0.46565381842367093
491 521 -0.5321873764769588
491 492 -0.5574525016095695
492 522 -0.48740624012668743
492 493 0.9679381998212877
493 523 -0.7797784381510526
493 494 -0.8808895313966744
494 524 0.3198005310396346
494 495 -0.2646450017367942
495 525 0.5896254163621895
495 496 0.5142308107400325
496 526 -0.6427291364633997
496 497 0.940984121323499
497 527 -0.023338855539285292
497 498 -0.7946881956679417
498 528 -0.7449037030375782
498 499 0.5263607521177274
499 529 -0.8931886024312169
499 500 -0.1946947219577998
500 530 1.0477774286928898
500 501 0.38373213807398293
501 531 -0.5098226669309799
501 502 -1.1990286579509875
502 532 -0.29337957936813974
502 503 -0.17259395911521655
503 533 -0.2295462911055741
503 504 -0.9814609255238994
504 534 0.28838657945220475
504 505 -0.673469599501676
505 535 0.8378482764334557
505 506 -0.3262175427417262
506 536 -0.37697794572511417
506 507 0.37587012861451113
507 537 -0.3146655490523562
507 508 0.5216707248457148
508 538 -0.48730538440198695
508 509 -0.9112202196376967
509 539 -1.1876478472423762
509 510 -1.2023538237234108
510 540 -0.7843489674834495
511 541 -0.5333951581252242
511 512 0.0891652355018573
511 540 -0.5605857123524124
512 542 0.42658770573407173
512 513 0.0034231330298103856
513 543 -1.6729853122228873
513 514 0.1596759531663496
514 544 -0.9569852094697631
514 515 0.09041010293883615
515 545 0.20226885046224552
515 516 -0.39136110885284975
516 546 0.08929679633644488
516 517 -1.1389230279544145
517 547 -0.28720615765338375
517 518 -0.09358932912038499
518 548 0.038914929566899875
518 519 0.09069520753976734
519 549 -0.06248466743088835
519 520 1.2390643600802653
520 550 0.8382411513567
520 521 1.3421561829875235
521 551 -1.6132818494845709
521 522 1.9405785101398418
522 552 -0.11022286706002168
522 523 1.0207566820749503
523 553 -0.02295388459842961
523 524 -0.8505708801196615
524 554 -0.3938190300232651
524 525 0.4665587666235386
525 555 -1.5399669463978143
525 526 1.1067962683176078
526 556 -0.295800304567527
526 527 -1.0004413200165738
527 557 -0.21116955719585767
527 528 -0.33403712515179224
528 558 -0.34814134827947
528 529 -1.0252336596458398
529 559 -0.15649771757895314
529 530 0.9121011936541761
530 560 0.7714558084972417
530 531 0.9741809081952014
531 561 -0.7867490742917916
531 532 0.6801104393762697
532 562 0.4329872514557233
532 533 0.6980573545162091
533 563 1.5941128708937817
533 534 0.4676916340260373
534 564 1.6492096737562496
534 535 0.13718970102133976
535 565 -0.12838996110627282
535 536 1.2709535359363904
536 566 -1.2385768932765548
536 537 0.9127200023201202
537 567 0.6481946325550627
537 538 -0.6256441976606747
538 568 -1.417429476530384
538 539 1.7782919235151053
539 569 0.4091624044857869
539 540 -0.21373986509157203
540 570 1.033929721856865
541 571 0.2006487996920026
541 542 0.1949925387511677
541 570 0.10254410135199038
542 572 -1.20191102503047
542 543 1.588543356059711
543 573 -2.872358300766356
543 544 0.4947594211860961
544 574 0.21193743514241678
544 545 -0.620512090584985
545 575 0.2746012239627774
545 546 -0.813877253466718
546 576 0.20686838663468338
546 547 -0.5886759562260185
547 577 -0.7632825769635118
547 548 1.0815298148890824
548 578 -0.9490110542367854
548 549 0.7130382659254751
549 579 0.14335136713825297
549 550 0.7073378357679042
550 580 0.23719778672388736
550 551 -1.76011897343588
551 581 -1.732561592033038
551 552 -0.1763276580983522
552 582 -0.4840049074971992
552 553 -2.591490287669729
553 583 -0.10884533331440095
553 554 -0.040220328574968156
554 584 0.4099910235440004
554 555 0.0699181344894056
555 585 0.3059617088059218
555 556 0.462563091366451
556 586 -0.00016902237370603683
556 557 0.8816366453518625
557 587 1.2171261247619771
557 558 -0.18219705859314184
558 588 -0.6766766885391289
558 559 0.17009489147746937
559 589 1.0093854318884123
559 560 0.7606131854197972
560 590 -0.03988394290193559
560 561 0.5254723788311673
561 591 -1.231230615266299
561 562 0.18868964984261863
562 592 -0.6009478146740845
562 563 0.7693133832777913
563 593 1.6827416887466138
563 564 -0.8895083827567506
564 594 0.8238360578632911
564 565 -0.6809814979752193
565 595 -0.38487409069628503
565 566 1.4675334948266998
566 596 -1.0489425827673107
566 567 0.5823785947447885
567 597 0.49850052249154697
567 568 -0.5134079634910792
568 598 1.3020105570936307
568 569 -0.8518623379210905
569 599 -0.5716814793033929
569 570 -0.2662306000868728
570 600 0.4944423956489296
571 601 -0.8870615624839483
571 572 1.05841725141323
571 600 -0.8555379980156315
572 602 0.9180067230886549
572 573 0.4720442149287237
573 603 0.622455058499559
573 574 -1.3855578546486496
574 604 0.6292065333697374
574 575 2.1462813356261443
575 605 1.4087549057110573
575 576 1.6009654417253072
576 606 0.6268463668540585
576 577 -1.0643200634570344
577 607 -0.19775688848449605
577 578 -0.6887175039033082
578 608 -0.943794155286912
578 579 0.7548167617917193
579 609 -0.031316294794982824
579 580 -0.637457421911446
580 610 1.2917497864909577
580 581 -1.97541519006648
581 611 0.5486470131200476
581 582 1.1945804187475555
582 612 0.5612200414552432
582 583 1.2527915257622038
583 613 1.3481363626009424
583 584 -0.27601729010810516
584 614 -0.7053989456946469
584 585 0.454887552968445
585 615 -1.7077382091628925
585 586 0.6261183947476464
586 616 0.7655344507978186
586 587 -0.9037880799608389
587 617 -1.324064349842323
587 588 0.15473420788963005
588 618 -0.8942394341641011
588 589 -0.07679388547319312
589 619 -0.5415941022247904
589 590 1.1404938760129113
590 620 -1.6473659803945493
590 591 -2.4519753317710657
591 621 1.1548394913337323
591 592 -0.6647751129096271
592 622 0.7996449929653467
592 593 -1.0455953895234709
593 623 0.29088596418629786
593 594 -0.7797760485306917
594 624 1.3397887956455585
594 595 -0.3784390714216785
595 625 0.5937134460621626
595 596 0.4897824125048006
596 626 1.3759652193454337
596 597 -1.5006359242742793
597 627 -0.26476959680717327
597 598 -0.0362286199912708
598 628 0.47937621495035426
598 599 -0.9499453183783091
599 629 -0.09514729436354413
599 600 1.6355205531641812
600 630 -1.0400402980420915
601 631 -1.678968415023102
601 602 1.9971313331849418
601 630 -0.14938894562483523
602 632 0.5185986868738535
602 603 0.3435069852188805
603 633 0.08696413495518891
603 604 -1.214869096874771
604 634 0.2407210296226441
604 605 -0.31187804212017334
605 635 -0.31891296245101736
605 606 -1.3371137538789233
606 636 -0.21310530513619477
606 607 -0.08899633996808215
607 637 -1.7026498592307209
607 608 0.4054274836738322
608 638 0.686597631774638
608 609 -0.9105341260773866
609 639 0.19693099139120243
609 610 2.4155603854852505
610 640 0.6969059782478375
610 611 -0.5145009708814603
611 641 1.2783275746370768
611 612 -0.11994668030660106
612 642 0.8864278712592084
612 613 0.2817302130566118
613 643 0.028894617322844242
613 614 -0.8550755993430139
614 644 -0.5357270706834001
614 615 -1.0810721779264367
615 645 -1.3258864569586504
615 616 0.038290408225944914
616 646 1.5217052741478643
616 617 1.0881061827047527
617 647 1.9072110342422113
617 618 0.1478344312461749
618 648 -1.6046529847425874
618 619 -0.10091280181531231
619 649 -0.12864843294377676
619 620 1.5179018619768228
620 650 -1.3375630435427601
620 621 1.0702730629146606
621 651 -0.33259728884789325
621 622 0.22982474503401012
622 652 0.9746745835028807
622 623 0.6774106862278216
623 653 0.6747674254541366
623 624 -1.2887182287939691
624 654 -2.0071758816348977
624 625 0.8844628976218571
625 655 2.222761084537582
625 626 -0.12475077949343519
626 656 -0.24277346287546114
626 627 -1.3628456865333665
627 657 1.2983369383948464
627 628 -1.16232669589225
628 658 -2.0296816117253154
628 629 1.247886678516155
629 659 0.030474166735572718
629 630 0.19343288803744252
630 660 0.24327772093497252
631 661 1.7406176744645976
631 632 0.9987146202874062
631 660 -1.2333995857656057
632 662 0.24518204671539517
632 633 0.8122021939017985
633 663 -0.21374584397870994
633 634 2.0347642584025354
634 664 -0.5377250215882717
634 635 -1.6631607960542831
635 665 -1.7956299307030446
635 636 0.7524345695170254
636 666 -1.166167437976062
636 637 0.8669703354713175
637 667 -0.04583051884666883
637 638 -0.4952556880984171
638 668 0.9983161626941789
638 639 -0.3495372233961994
639 669 0.35199782926519624
639 640 -2.815600074991623
640 670 1.7879653651112917
640 641 0.7796160354654387
641 671 0.4383114759572058
641 642 1.6042264721396657
642 672 -0.36415713067704425
642 643 0.7643300735573192
643 673 0.20456263684048112
643 644 0.1512395478002858
644 674 0.7774453024510394
644 645 -0.891723795954897
645 675 -1.6230845288076834
645 646 -0.588193689016889
646 676 -0.2584915668035321
646 647 0.9435409781922285
647 677 -0.401758600395848
647 648 1.0855696756573823
648 678 -0.9670923542082559
648 649 2.45982269539988
649 679 -0.5075346808107447
649 650 0.2941930319206269
650 680 0.6014192665070371
650 651 0.3212391470095591
651 681 0.38778255002239503
651 652 0.5834216147277059
652 682 -0.6358133896216367
652 653 1.9413326573379173
653 683 0.07916380235853271
653 654 0.0399173158714169
654 684 1.0823630811441707
654 655 -0.039251320292019456
655 685 0.13162014695748964
655 656 -0.17647299710174952
656 686 -1.0392404046781025
656 657 1.0290514564955502
657 687 0.8064358816572469
657 658 2.0521636504666287
658 688 1.4599692145183303
658 659 -0.1936540418212606
659 689 0.3425995085186437
659 660 1.2362672419517222
660 690 0.7403557105871686
661 691 -1.4107848166618393
661 662 0.08911285466790016
661 690 1.319385638281062
662 692 -1.8019441836561017
662 663 -1.4127735316812224
663 693 0.7297107005474818
663 664 -0.8363448946395712
664 694 1.150633272329266
664 665 -0.30648894569436785
665 695 0.4583714009104467
665 666 -0.5652146155685828
666 696 0.3424378059856331
666 667 -0.361302890867803
667 697 0.08544298881335895
667 668 -0.8287015935047819
668 698 -0.035841774028712414
668 669 0.573398907193775
669 699 1.2418772497688126
669 670 -0.14229567840136292
670 700 1.6201068246916046
670 671 -0.36323523920271444
671 701 -1.652833054834685
671 672 -0.4249561360824883
672 702 -1.489720289602677
672 673 -0.8583540290711411
673 703 1.9084139747745663
673 674 0.05207216347145544
674 704 1.7959822275550286
674 675 1.608118421352943
675 705 0.11400219964503919
675 676 0.6988417574199937
676 706 -0.33911911747081297
676 677 -1.7429396764387197
677 707 -0.37201761012542983
677 678 -1.136656745200651
678 708 -1.0107226473940496
678 679 -0.5401812202991202
679 709 -0.9193555982999755
679 680 -0.549494930656418
680 710 0.4115543724168132
680 681 0.18589380481442955
681 711 -0.206727484106832
681 682 -0.2907355316981049
682 712 -0.8300656427631122
682 683 -2.33392460450886
683 713 -1.8432428589548273
683 684 -0.4694727061519733
684 714 -1.034224741853176
684 685 -0.7313186760093622
685 715 1.0123908759573212
685 686 -0.8479792374904138
686 716 -1.3109607660248448
686 687 -1.1865015964968977
687 717 -0.937773565189892
687 688 0.6823658248705435
688 718 -0.8295315607463768
688 689 0.3820859073620384
689 719 0.018386048512020955
689 690 0.5197100654952987
690 720 1.5491077175817534
691 721 -0.6611895798550617
691 692 -0.4653975347169162
691 720 -0.3580334849407924
692 722 -0.05866168446682327
692 693 0.30450128873047455
693 723 0.19136235380628505
693 694 0.7115735638769715
694 724 1.8660922356408542
694 695 1.340451969742021
695 725 0.3029952393608941
695 696 -0.10367779282959318
696 726 1.7160613531105133
696 697 -0.8535541367111913
697 727 1.1927034988802108
697 698 1.3011104930415665
698 728 1.7222174042730347
698 699 -0.5159383522994446
699 729 0.05965547393464943
699 700 -0.1875954937182864
700 730 0.07736195037727965
700 701 0.5772547430501025
701 731 0.4493265930794472
701 702 0.6777943177032324
702 732 0.9421849416983575
702 703 -0.025273275645796074
703 733 0.9379281686956207
703 704 -0.4772916400061641
704 734 1.4227495253335334
704 705 0.5630320905249013
705 735 -0.7774825747534307
705 706 -1.5859843271354888
706 736 -0.5654170359974269
706 707 1.678083405140867
707 737 0.42387433090219867
707 708 -0.1231711404778731
708 738 -0.677157682541348
708 709 1.4886642783346835
709 739 -0.7631744347529008
709 710 -1.0512173587538236
710 740 -0.7929225274197691
710 711 -0.5438004703417607
711 741 0.09571285403291986
711 712 1.6044665528643136
712 742 -1.5402263428586487
712 713 0.5033974262924422
713 743 0.560239252982228
713 714 0.17040003403284168
714 744 0.8122113953649412
714 715 1.1958031721079099
715 745 -0.05627871495604147
715 716 2.145618184101455
716 746 0.07218963989351102
716 717 0.5261137127520017
717 747 -0.23413038733511007
717 718 0.0002276617874413521
718 748 1.1292514295878555
718 719 0.7028462260483787
719 749 -1.753474110528953
719 720 0.505094677686602
720 750 1.7827102928414849
721 751 0.7988504728387481
721 722 -0.1789944986002243
721 750 -0.8931854073327496
722 752 -0.44364104407124133
722 723 0.5795951759214211
723 753 0.3726808434386156
723 724 -1.6086961595039602
724 754 1.1494734790072538
724 725 0.592371909908786
725 755 0.2060273486874601
725 726 -0.8077862203112111
726 756 0.9969682650945555
726 727 2.051334621624906
727 757 1.2667259909200952
727 728 -1.397711000610077
728 758 -0.29459257068649003
728 729 -0.5261639580480373
729 759 -0.7570696791690413
729 730 0.1264551822261144
730 760 0.8011043105376234
730 731 -1.220016787995337
731 761 1.6283305845571578
731 732 -0.5230795476776859
732 762 0.6674463025211931
732 733 1.5326419693380582
733 763 -0.02979201182200903
733 734 -2.262638174930622
734 764 -0.11100781956182393
734 735 0.5173171767956449
735 765 -1.8390734701943867
735 736 -0.08434920748964457
736 766 0.40948472035307176
736 737 -0.5172197885267802
737 767 -0.9805490757520592
737 738 0.7421843602832214
738 768 -1.248292121718743
738 739 -0.4662680680333474
739 769 0.38930543341146895
739 740 -0.2864681505231301
740 770 1.266424010224709
740 741 -0.9854196065848474
741 771 0.7260160794350881
741 742 -0.6040965610271198
742 772 -0.36188582459614277
742 743 0.8312403062427246
743 773 0.3704809748177795
743 744 -0.6110504754788648
744 774 -0.33689489744736073
744 745 0.48202638930714903
745 775 1.3883898947187479
745 746 2.1862114066965734
746 776 0.26118172385877286
746 747 0.32821269853675866
747 777 0.30446754975323276
747 748 -0.022494026081276125
748 778 -1.4709751208110418
748 749 -0.573435358853129
749 779 1.2630245927051973
749 750 -2.2274831424962795
750 780 0.08709698698492421
751 781 1.1894362022679434
751 752 0.973591684959642
751 780 0.9388226963306963
752 782 0.32817745847685975
752 753 -0.5314472812014409
753 783 -0.7578877636955013
753 754 -0.1418904565760061
754 784 -0.7038827289613401
754 755 1.4843955750754376
755 785 1.1921794381008375
755 756 0.9178300571086943
756 786 -0.9264330484423376
756 757 -0.13850119284323523
757 787 0.0020291846053000964
757 758 -0.525487807539396
758 788 -0.9039380309916956
758 759 -0.5927910806577604
759 789 -1.3647772932561695
759 760 -0.03180145855451185
760 790 0.8913920121105741
760 761 0.6796463985783345
761 791 1.0273188512658498
761 762 -0.7197480677085293
762 792 -0.7072204416891212
762 763 -0.3653706770423351
763 793 0.32104302952563163
763 764 1.240711181835935
764 794 0.6120557693268556
764 765 1.4559678964992124
765 795 0.3645555967257774
765 766 1.6082712346033128
766 796 0.2788809714993792
766 767 -0.9192991723500049
767 797 -0.6680744342896675
767 768 1.52743923990497
768 798 0.46412433232845346
768 769 0.608980446254198
769 799 0.36651573873843857
769 770 0.2518568298318411
770 800 1.3827796491472668
770 771 0.6778181324868003
771 801 -1.079857022799837
771 772 -0.938942953920012
772 802 0.8031819856783619
772 773 1.2636713457425828
773 803 -1.0736420315933572
773 774 -1.0829855502606351
774 804 -1.1401187218687086
774 775 -0.03589010893551669
775 805 -1.5737559451118899
775 776 0.01419397990711799
776 806 -0.505210562758697
776 777 0.7437177869895095
777 807 0.8587726372870744
777 778 0.8243825631729521
778 808 0.5030021663369925
778 779 -0.611103252853456
779 809 1.1478900041742157
779 780 -0.5286730576473723
780 810 0.7496938022616388
781 811 -0.678563159988626
781 782 -1.556409181273656
781 810 -1.0712327674026043
782 812 0.3881869395899046
782 783 0.34062440990735504
783 813 -0.7069394646036208
783 784 0.39272637979834574
784 814 -0.7009539288470237
784 785 -1.5372632569784446
785 815 0.19820529397726575
785 786 -0.5041461994896362
786 816 0.19341910838931353
786 787 -2.2759998352585287
787 817 0.13752306765260436
787 788 -0.19508300611949167
788 818 -1.041227092001699
788 789 0.9150123568661567
789 819 -1.2230558968794494
789 790 1.2936049192392942
790 820 -2.0359364979983474
790 791 -0.3140150446305042
791 821 0.15193763250044218
791 792 1.359990279055199
792 822 -1.2337035915248524
792 793 0.9394674253052664
793 823 -0.7193363140849711
793 794 -0.782484738814304
794 824 0.05591157380186315
794 795 -1.0006321799404867
795 825 0.7860274394658567
795 796 -1.088346133480978
796 826 -0.009565796379947011
796 797 1.033659140532531
797 827 -0.2924650670169301
797 798 0.8080898470026929
798 828 0.4581063029543884
798 799 0.666917044598092
799 829 0.4905715746079579
799 800 0.41352550706501084
800 830 -0.3019199497506538
800 801 -0.33336970085857753
801 831 1.2667516601981543
801 802 -1.0618112865630518
802 832 -1.744074782868208
802 803 -0.5823947154790657
803 833 1.415933693010485
803 804 -1.074008535637285
804 834 1.368737279901546
804 805 -0.6104244290098808
805 835 -0.8227623964293636
805 806 -0.015397436575751964
806 836 0.4085833975010196
806 807 -0.7045544823740464
807 837 -0.03932728853518062
807 808 -1.0644921298123575
808 838 0.590182312046203
808 809 0.27546270703485765
809 839 0.9300211403619892
809 810 -0.5717459778365745
810 840 -2.1668482232074586
811 841 0.17740496555740093
811 812 0.9955640493769208
811 840 0.6673098462638294
812 842 -0.0379962434921559
812 813 -0.7905925921412571
813 843 -0.15489196224127263
813 814 -1.2251362955465237
814 844 -1.2332544778109535
814 815 -1.547604868970458
815 845 -0.8540180670630243
815 816 0.5910464767237372
816 846 0.6468132862550968
816 817 -1.8936481039130264
817 847 0.09986160227712365
817 818 -0.16820083643698264
818 848 -1.0587749994025566
818 819 0.29460144729010734
819 849 -1.8010715035669291
819 820 1.0736131733914966
820 850 -0.8486724236395986
820 821 1.853896772835082
821 851 -0.5427345364414503
821 822 -0.595256941325436
822 852 0.23919580886140862
822 823 -1.4166125017861886
823 853 -0.6260158981491639
823 824 -1.2083756727305257
824 854 1.1689459719340394
824 825 -0.3123819788344567
825 855 3.077019411744119
825 826 0.010002625450332954
826 856 0.47461207291497826
826 827 -0.7498838657030826
827 857 -0.27361066415768687
827 828 -0.05129593856670218
828 858 0.6625941150310098
828 829 -0.4275304917043956
829 859 -1.732139213422916
829 830 -1.046160584619863
830 860 0.6243157848311637
830 831 1.2353241953128042
831 861 0.22143252096703336
831 832 0.045499366067374473
832 862 -0.3183329866208926
832 833 0.07735799487559601
833 863 0.4196967268982359
833 834 0.7857197561877511
834 864 -0.7546741381863661
834 835 0.8557121378986345
835 865 -1.178746872917997
835 836 1.2406265511980092
836 866 -0.9813785063722706
836 837 -1.2429649159945346
837 867 0.6336061460245054
837 838 1.2164839663825942
838 868 -1.8183853778737185
838 839 0.0018002563752639855
839 869 1.0384301218171592
839 840 1.1888601563747787
840 870 1.0853703363720333
841 842 -0.6255226430786318
841 870 0.9744587729831058
842 843 -1.1270223653511635
843 844 0.6357577011965915
844 845 -0.5560460427581607
845 846 2.3284592313427965
846 847 -0.5105987183732078
847 848 -0.4939378865372482
848 849 -1.1440563840692313
849 850 1.406930082684276
850 851 -0.5958901873759925
851 852 0.39198502132914065
852 853 -0.42418428064552466
853 854 -0.1115841998553476
854 855 0.024109288395620584
855 856 1.2820546504936992
856 857 -1.0748735001421068
857 858 -0.38255604214790345
858 859 -2.4235223663679846
859 860 -0.20073861082291644
860 861 1.9396198389375372
861 862 -1.3624329099765335
862 863 -0.15607897214542416
863 864 -0.09102081847689607
864 865 1.1646195601693166
865 866 -0.5132161017149487
866 867 1.0445691089385867
867 868 -0.7720790333286829
868 869 1.9794646910836107
869 870 -0.3555535716606001
