900 1800
1 31 0.36024538306291
1 871 0.8635971740501939
1 2 -0.1374329993360023
1 30 -1.1632789038828153
31 61 -1.9238033069077207
31 32 -0.3043800925771519
31 60 -0.530297202406423
871 841 -0.20807293001803553
871 872 0.7292076794003528
871 900 -1.011990692005225
2 32 -1.7624246425612382
2 872 -0.1769907796088231
2 3 -0.9661396091089722
30 29 0.8295025258437285
30 60 -0.5263991986181813
30 900 0.11635763954355197
32 62 -1.05167536950279
32 33 0.15101166698486437
872 842 -0.27532944051541436
872 873 -0.9251008540818565
3 33 -1.111933104446445
3 873 -0.4584437980264885
3 4 -1.405641674122395
33 63 1.337744734773952
33 34 -0.6476046777168366
873 843 0.593685266635681
873 874 1.7724192278339237
4 34 0.18602575724889928
4 874 -0.6323339966673581
4 5 0.2598970334413002
34 64 -0.40564192240431773
34 35 -0.1730727274648556
874 844 -0.8239276295042973
874 875 -0.567595698636385
5 35 -0.44773602914204036
5 875 0.5234397580408674
5 6 -0.5931076518736724
35 65 -0.9855458734712575
35 36 0.7713883318445226
875 845 0.888786190554052
875 876 -0.8519457334406564
6 36 -0.9456801345894854
6 876 -1.604100202123199
6 7 0.48845230968919134
36 66 0.9099689806694078
36 37 0.2245973894103225
876 846 0.5141036735310911
876 877 -0.18853784477032395
7 37 0.34499888243409116
7 877 -1.5012947347340946
7 8 1.6435381837403327
37 67 0.11326362897991715
37 38 2.4518643372000746
877 847 -0.511613936058834
877 878 0.2177658358887362
8 38 -1.7245467561094674
8 878 1.2977862496554171
8 9 1.5336047697477848
38 68 -0.3389426054770762
38 39 -1.014236220311607
878 848 1.4489340635806913
878 879 0.6418753409349055
9 39 -0.07366322881217734
9 879 1.4528970826080922
9 10 1.3207545989286023
39 69 -0.4357349371649427
39 40 -1.7065186730183233
879 849 0.09486780574201477
879 880 0.2673923178472783
10 40 0.12963751670018925
10 880 -1.0760429135377987
10 11 1.4988456489959832
40 70 -0.812757555619264
40 41 -0.10736743796667321
880 850 0.2163777319424853
880 881 0.39904714674387926
11 41 -0.44346048217663314
11 881 1.635705207953615
11 12 -1.0249363386234962
41 71 -1.1732161777984291
41 42 1.576099729322101
881 851 0.08387684320088554
881 882 1.252784599716246
12 42 1.4959752733217098
12 882 1.2207724213279412
12 13 1.150460307209491
42 72 -0.6498426797361981
42 43 1.2849171389808456
882 852 0.31113565710525876
882 883 -0.8853629902047193
13 43 0.9096927479306244
13 883 -0.4213722776228715
13 14 0.332818474784501
43 73 0.7364394219525976
43 44 1.5335594134299781
883 853 0.22988154046124948
883 884 0.6198688508675678
14 44 -0.37935472231128375
14 884 -0.18549228807442644
14 15 -1.7037505349504258
44 74 -0.17851855128886998
44 45 -0.36149130094453263
884 854 -2.1619116477868037
884 885 -1.4925756990504486
15 45 1.0804690898430533
15 885 1.2748189606559077
15 16 -0.11891026978529892
45 75 -0.24714558876826986
45 46 -0.30822076536860366
885 855 -0.19492172644321729
885 886 0.841193080096719
16 46 -0.4168455233836605
16 886 2.3031068927817695
16 17 1.4868358613059431
46 76 0.870733008481909
46 47 -0.4940898847173165
886 856 -0.04021016620594652
886 887 -0.3354817785997824
17 47 -0.6585370002561213
17 887 0.7815006665656489
17 18 -1.0565188633466591
47 77 1.9730324418592258
47 48 1.9082537978973848
887 857 -0.6957101468144405
887 888 1.417073234627413
18 48 1.3606784448411176
18 888 0.7782544264776845
18 19 0.7273908511443837
48 78 1.922933869076122
48 49 0.11998641615076505
888 858 -0.7682455858222492
888 889 0.4098603880314184
19 49 -0.21919075538995206
19 889 1.212261036375227
19 20 -1.0587700760417982
49 79 0.2563674630082173
49 50 -0.23851400431066777
889 859 -0.7933017321721336
889 890 -1.5569147674388963
20 50 0.07039085194566333
20 890 -1.1707555557493021
20 21 0.4044596724061465
50 80 0.1526714785120113
50 51 0.7476444264156443
890 860 1.1411305541672792
890 891 0.8183322155637748
21 51 0.3144289389111147
21 891 -0.6353507372124
21 22 0.8777360530496788
51 81 0.2830616723418098
51 52 -0.08616511045087734
891 861 0.06955456476251051
891 892 -0.42363972684419876
22 52 2.2505127110650505
22 892 1.838205302387695
22 23 1.5140782153157852
52 82 -0.9791608466078353
52 53 -0.978867468727193
892 862 1.7601414995834919
892 893 1.4622249534021177
23 53 -0.24750364725525117
23 893 -0.1004032402821677
23 24 0.12516502052126227
53 83 -1.3488594580915843
53 54 -0.43086884927003716
893 863 0.31745597331775754
893 894 -1.6438164538097424
24 54 0.7500612769012115
24 894 -0.4459690574141644
24 25 -0.044552565206734396
54 84 -1.0336322388031522
54 55 0.06932434360421282
894 864 -1.0282129774915716
894 895 1.8000799419952866
25 55 0.9589028497619639
25 895 3.0203599012547304
25 26 0.884160123484262
55 85 0.3974975710473415
55 56 -0.06296500091047878
895 865 -0.9037108517032678
895 896 0.07434070662373898
26 56 0.6437293473853775
26 896 0.313590037262868
26 27 0.7433468143938353
56 86 0.4969756406297239
56 57 -0.7208765640012256
896 866 1.4294338432513514
896 897 1.673523467804963
27 57 0.6547453486015232
27 897 -0.7812442954722216
27 28 0.7533488661426044
57 87 0.7197248303689358
57 58 1.7919358296700159
897 867 0.21440205850790445
897 898 1.2121618299304477
28 58 0.36463103796675583
28 898 0.28780308352822437
28 29 -0.5451590182389201
58 88 -0.35499775865954364
58 59 -0.43042796424251867
898 868 0.757818584558002
898 899 -0.9032082898623301
29 59 1.486873359581255
29 899 -0.5750258145678462
59 89 -0.15637807900814535
59 60 -0.4623931110967736
899 869 1.8382471927299946
899 900 -1.9294054059448311
60 90 -1.2437907877072607
900 870 -1.6693351771209688
61 91 0.3735160030818276
61 62 0.5412730434784534
61 90 2.130016014544391
62 92 0.29594879119538625
62 63 1.0521909093874562
63 93 -0.9801710036079145
63 64 -0.7471314389758276
64 94 -0.017191436100459496
64 65 0.35681662488376215
65 95 -0.9112159444907673
65 66 -1.1127340318815415
66 96 0.17202669747146243
66 67 0.4741177775028356
67 97 0.05876567990712816
67 68 -0.11862779540648596
68 98 -1.0323127930993807
68 69 -0.6747914125271532
69 99 0.8042325810594554
69 70 1.4284110683897642
70 100 1.5091762974767624
70 71 1.068285356575648
71 101 -0.17840182714758215
71 72 -0.9415882635080431
72 102 -0.2963040426691326
72 73 0.3223147846081278
73 103 -0.33413101294370556
73 74 -0.1796568017492141
74 104 0.1973284257652712
74 75 -1.2457029055853186
75 105 1.420493325793248
75 76 -0.10970081712170598
76 106 0.8954313248913691
76 77 -0.6640764531940772
77 107 -1.299666024939036
77 78 0.30847657953773033
78 108 0.25696898248850997
78 79 -0.3182163254872928
79 109 0.6290773838044541
79 80 0.03344862036583525
80 110 0.27978613162385024
80 81 0.6574018817758289
81 111 0.5913432829425517
81 82 0.5735903281801968
82 112 -0.6916738951934319
82 83 0.17982691579727444
83 113 -0.026378236056980166
83 84 0.23110400422487806
84 114 -1.160333983093259
84 85 0.5980823137774238
85 115 -0.32823653836494965
85 86 0.39226971924833837
86 116 -0.9393616529520052
86 87 0.33790456134060726
87 117 -0.638788220031989
87 88 -0.9430257981552789
88 118 2.4523365201511065
88 89 0.18183362950686127
89 119 1.2218741900333023
89 90 -1.4572923490811849
90 120 0.974977666696339
91 121 0.4856125368125512
91 92 0.06791084578705203
91 120 -1.4307924984121665
92 122 -0.014335610721284383
92 93 1.4460653182259589
93 123 0.6263757039739171
93 94 -1.1222803065012623
94 124 1.3815585561249377
94 95 0.6289904175126002
95 125 0.5996425517524477
95 96 -1.195732435352575
96 126 0.1011867320285789
96 97 -1.215048097336202
97 127 0.2712305308625898
97 98 0.012162012977020133
98 128 -0.3462449639323979
98 99 -0.037811112274295046
99 129 -0.28531317919029325
99 100 -0.06774406285865764
100 130 -1.5459730250684383
100 101 -0.6697347490855479
101 131 -0.50794367987064
101 102 0.8072650243379355
102 132 -0.028293964423381546
102 103 0.368210397018205
103 133 -0.19451524392422584
103 104 -2.9339036496250483
104 134 1.3630915356770703
104 105 -0.6758384253028151
105 135 0.6612878755456765
105 106 2.057679696650827
106 136 0.0713874656272552
106 107 -1.183049999664733
107 137 1.7852517258145908
107 108 -0.7176031572560883
108 138 0.1929710389543483
108 109 0.368494530295138
109 139 0.7873597426015162
109 110 -1.1873379035506502
110 140 0.3409973028403155
110 111 -0.2699987757759545
111 141 1.4959008485511736
111 112 -0.4168365011939754
112 142 -0.6205235132357911
112 113 -1.015555110901679
113 143 -0.669097518680149
113 114 0.3074778472947304
114 144 0.54553276823142
114 115 -0.45833956638094636
115 145 -0.4067348660452547
115 116 -0.10339819025944985
116 146 0.7375388246397867
116 117 0.035080695899750824
117 147 0.08349374769978611
117 118 -0.4965642647440213
118 148 0.7082564366241684
118 119 0.790165970572899
119 149 -1.0276229919004005
119 120 0.42823143817186987
120 150 1.9180160066677834
121 151 1.0690023974223914
121 122 -1.6012075243252093
121 150 -0.617277348580868
122 152 1.6575086029842843
122 123 -0.46240147538702175
123 153 1.2606666280011656
123 124 0.7140240002879426
124 154 -0.4014677730104261
124 125 1.1357673050935877
125 155 0.5787149328133727
125 126 1.1947366856926276
126 156 -0.7844987979501726
126 127 -0.3393313101988155
127 157 0.777486195241206
127 128 0.32651991531208285
128 158 0.2905584609729337
128 129 0.20776099555648123
129 159 2.1473099347292433
129 130 -0.9353266622889739
130 160 -0.5758442526467302
130 131 -2.0204767863310202
131 161 -0.4297607440730917
131 132 2.766468438637985
132 162 -0.024185977493531553
132 133 1.2293611097409332
133 163 0.4749191382808458
133 134 -0.14650259920934952
134 164 0.4899026320070768
134 135 -1.0619881212657059
135 165 0.11005912650469483
135 136 0.5091905353616446
136 166 -0.4561765356445864
136 137 0.36818752899211926
137 167 1.5007032444557833
137 138 -0.43551186758048555
138 168 1.1004086471144638
138 139 0.61154346005026
139 169 0.8286960242918098
139 140 -1.0807860123285289
140 170 0.8952820415276744
140 141 0.9593504540975212
141 171 0.3909544931003387
141 142 -0.19121754158054052
142 172 -1.4951134274785078
142 143 1.0772940305046967
143 173 -0.33770974562849204
143 144 -1.0061657235611157
144 174 -0.1997086063133368
144 145 -1.3024348157492316
145 175 -0.7034460458912847
145 146 0.7047871653939692
146 176 -2.0846909906382063
146 147 -1.224671803073653
147 177 -0.4269989186609757
147 148 1.3858696624222417
148 178 0.6121556877271249
148 149 -0.8916067911605862
149 179 -1.3440897508271537
149 150 -0.4476349776068103
150 180 0.00011345279880284877
151 181 0.18999556002646362
151 152 1.0655276052949925
151 180 -0.6562107542200717
152 182 0.4704132879321006
152 153 -1.0324166902871377
153 183 -1.6503867475042588
153 154 -2.0087387930558185
154 184 0.40800475614734066
154 155 0.41158450657052814
155 185 0.8054424341846382
155 156 -0.08896536382479722
156 186 0.6294508720927754
156 157 -0.9844181200335765
157 187 -1.9524517152395624
157 158 0.2775982805097117
158 188 1.0544351675126458
158 159 -0.8020623886638508
159 189 -0.614963359660531
159 160 1.6364043015749645
160 190 -0.6844869536630557
160 161 -0.7416374172586948
161 191 -0.447967721152983
161 162 0.3734990125102797
162 192 1.1281928476527117
162 163 0.12086111186389033
163 193 -0.3618983168933712
163 164 -1.6452253783158788
164 194 0.692528095608027
164 165 -0.25814485640937723
165 195 0.8686018145564727
165 166 -1.4279320911419353
166 196 -0.7174855493114054
166 167 -0.5929296624904462
167 197 0.43758869264564987
167 168 -0.622322208404974
168 198 1.543472118194778
168 169 -0.08269113427084486
169 199 0.8282716761614476
169 170 -0.6308251126355452
170 200 -0.258217260178114
170 171 -0.10097052810188524
171 201 -0.6380057871787651
171 172 -0.610485109570709
172 202 -0.8563990505141793
172 173 -1.8726748514989102
173 203 -0.3846246712549048
173 174 -1.3092918488099574
174 204 0.8448387902384878
174 175 0.5511227522102798
175 205 0.9500963028521012
175 176 -0.3534858283030252
176 206 -0.4788856241537032
176 177 -0.2991541819507535
177 207 0.16654987173992755
177 178 0.9248164790567924
178 208 0.7240450056787915
178 179 -0.028880645573281318
179 209 0.4624010674628669
179 180 0.14893876198475367
180 210 -1.3436473088746101
181 211 0.025490851505707745
181 182 -0.918343677404402
181 210 1.141915062554177
182 212 -0.2109391941489481
182 183 0.5351249230540549
183 213 -1.498626288315786
183 184 0.7903481638908294
184 214 0.4672598327754055
184 185 -0.21682652169767005
185 215 -1.0034849535908525
185 186 -0.8429775928950534
186 216 0.3517842958645821
186 187 -0.059721717117307144
187 217 0.19165763635033922
187 188 -0.6100499954949837
188 218 0.6019529732023546
188 189 -0.3857298091252724
189 219 -1.2011247387918582
189 190 0.42921931585409895
190 220 -2.111624588424429
190 191 -0.012300767373005563
191 221 -0.26089078139373284
191 192 -0.1572091268920836
192 222 -0.11279256356094164
192 193 0.4158994507912258
193 223 0.3652369412107398
193 194 0.6969079796752877
194 224 -0.7790740815302235
194 195 0.5815271196290104
195 225 -1.224533483732226
195 196 0.31032260470926054
196 226 -1.047567993688929
196 197 -1.0557068443625754
197 227 -1.3101987871488843
197 198 -1.0175182443282214
198 228 0.8522195870382505
198 199 -0.5776794913534958
199 229 0.4182730809472223
199 200 -0.523722057167997
200 230 0.005614311040665996
200 201 -0.9180682237856569
201 231 2.182799685839388
201 202 -1.3198661960949418
202 232 -0.608185381585433
202 203 -0.7186129577598431
203 233 -0.8870239257209357
203 204 2.3333117515907222
204 234 0.5351210126975666
204 205 1.5712722778523407
205 235 0.4643286920626015
205 206 -0.5193037902123283
206 236 1.3028004409803535
206 207 -0.3824529668748328
207 237 -0.619206252096514
207 208 0.5821843694533128
208 238 -0.6732197635792825
208 209 0.36636563307951453
209 239 -0.29781415106578396
209 210 0.5862879224828498
210 240 1.352310090402079
211 241 -0.896323601692034
211 212 0.34779817919093065
211 240 -1.7403395870760034
212 242 0.9177108925733677
212 213 0.4172492938213337
213 243 1.868012371647017
213 214 -1.879771131015811
214 244 -0.6174226625643842
214 215 -1.3329806153467234
215 245 -0.23061475385132307
215 216 -0.9658445688362876
216 246 0.21634932736676363
216 217 1.5221297753558412
217 247 0.5315318971093306
217 218 0.13904907367013158
218 248 0.2784734345002412
218 219 0.5547695298569377
219 249 1.2053813009428
219 220 -0.20322498024675026
220 250 0.0897393371410571
220 221 0.3869919201419982
221 251 2.9577784419080753
221 222 0.40291181969420053
222 252 0.45782520841346824
222 223 -0.7304070505342384
223 253 -0.211239629736176
223 224 -0.9609668321929026
224 254 0.5096749286952685
224 225 -2.0999009237434176
225 255 -0.2997609054495396
225 226 0.2940918822642049
226 256 0.8184685217150349
226 227 -0.34140072522683007
227 257 -0.9649028302313117
227 228 -0.220609214715285
228 258 -0.4213884029046445
228 229 -0.16007504711904708
229 259 1.56457517621096
229 230 1.5116273835775198
230 260 -0.45324353124149
230 231 -1.381143458695405
231 261 -0.3607088964109079
231 232 1.1408580874940555
232 262 0.391108787272339
232 233 1.1857303634357648
233 263 -1.375817088103956
233 234 -0.9484812549434243
234 264 2.107335314827493
234 235 1.623333192041936
235 265 0.8214625934356667
235 236 1.0777032233592347
236 266 0.13802417777257636
236 237 0.5465121342096525
237 267 0.51517485786688
237 238 1.5212042140766766
238 268 0.05715571688180419
238 239 0.8732537543140185
239 269 -0.34527292657366104
239 240 -0.3240537265726748
240 270 0.6865207168319958
241 271 -0.37469453097228556
241 242 -0.5335376529375887
241 270 -0.52156619572192
242 272 1.3252069625458316
242 243 0.6425316015561184
243 273 -0.9412045794804943
243 244 1.6112607516272388
244 274 -2.1786395782994394
244 245 -0.2293586945063333
245 275 -0.17154019603918289
245 246 -0.1285322619740492
246 276 -0.447071089917127
246 247 0.4119420382478682
247 277 -0.3477746069464248
247 248 0.9940710635144673
248 278 1.1610035855488072
248 249 1.0763049522444748
249 279 -0.7459972346054455
249 250 -0.05992502370389128
250 280 -0.7102623379066029
250 251 -1.1370471460851683
251 281 1.4248739879532266
251 252 0.07227419276094503
252 282 -0.8814739996833643
252 253 0.5911196117203299
253 283 0.7415869368536377
253 254 0.39075901306691907
254 284 -1.3179575040210967
254 255 -0.46762607863714845
255 285 0.48978962390915004
255 256 0.6619468793637748
256 286 1.1890883411424233
256 257 1.1547703799836333
257 287 -0.06714707111590797
257 258 0.4595592048587884
258 288 -0.5809658881662301
258 259 1.6556775297130741
259 289 0.30964865055989327
259 260 -1.6474168095919857
260 290 -1.44026755772405
260 261 0.735226239610484
261 291 -0.0017737339864686958
261 262 1.535695177062174
262 292 1.1937958812602931
262 263 -0.6440283103323764
263 293 1.007695499670541
263 264 1.465232403141185
264 294 -0.5797475547679357
264 265 -0.06742147596907579
265 295 0.04221977702315196
265 266 1.3759838278764944
266 296 -0.5063489288379724
266 267 -0.1337722148779211
267 297 0.8658974217782361
267 268 -0.14883035115185017
268 298 0.8267798045956101
268 269 0.7269975752760969
269 299 0.5757370407823769
269 270 -1.2901595437468698
270 300 0.16842204689605403
271 301 0.4907390293056322
271 272 -1.7439204365636407
271 300 -0.000183618613500072
272 302 0.5226008261880482
272 273 0.9071744162444151
273 303 -0.8717662277269533
273 274 0.14657411456363587
274 304 -0.9166858760808021
274 275 -0.058017617828610465
275 305 0.4677901970512041
275 276 -0.29592261918392987
276 306 0.7803908259102278
276 277 -0.48903645179307165
277 307 0.8535332150555703
277 278 -0.6404564016566993
278 308 3.303611718643134
278 279 0.06673504203544915
279 309 -0.9567807409885332
279 280 -0.4666816196684017
280 310 0.2741217739932186
280 281 -1.0574215881150757
281 311 1.0289072372135777
281 282 -0.3885850477482749
282 312 -0.6114987334066354
282 283 -0.4717098962320883
283 313 -0.7957976330842649
283 284 1.1107340720873653
284 314 -1.038787442615675
284 285 -0.2700293972605046
285 315 -0.803767261656219
285 286 -1.0840609026959915
286 316 1.3381023902749207
286 287 0.25653759441354645
287 317 0.02278404418771671
287 288 1.1064839312415309
288 318 -0.9508396218612345
288 289 0.6813797860471326
289 319 0.09232604390920453
289 290 0.32498918479634037
290 320 0.49190446421569184
290 291 0.05696878970619923
291 321 0.030373665106185513
291 292 -0.46651693681066836
292 322 1.0640657418717399
292 293 0.6035808602446113
293 323 0.13382978815442242
293 294 1.2040259565535676
294 324 -0.9129168407512297
294 295 0.25979138973649935
295 325 1.5597766933321289
295 296 0.7971425787074897
296 326 -1.4680446409267467
296 297 0.7061205989763347
297 327 -0.02432683675084333
297 298 1.0370358703663283
298 328 -1.3407519566300572
298 299 2.065596546949058
299 329 -0.544879560668462
299 300 -0.9076088750919866
300 330 0.012090195009939358
301 331 0.2803085532020492
301 302 1.6295150302002117
301 330 0.16113043491521037
302 332 -0.6057284219442469
302 303 -1.004880427004159
303 333 0.8330776708513169
303 304 0.40673581252247654
304 334 -0.5415086492110491
304 305 -1.1776178683996161
305 335 -0.02326557042674602
305 306 0.6395607885103453
306 336 -0.8305698401692955
306 307 -0.06738133167713964
307 337 0.5146216493391264
307 308 1.146522196206848
308 338 1.4820037917038866
308 309 0.11668737759083701
309 339 -0.21608814199200457
309 310 -1.8068537733130268
310 340 0.26870112539194513
310 311 -1.9438790526623515
311 341 -1.087512452684592
311 312 1.231749079808862
312 342 -0.9608675741624692
312 313 -0.3137549651087482
313 343 0.1878076422748024
313 314 -1.846168204785578
314 344 -0.817262277986711
314 315 -0.2914649306347151
315 345 0.5159022673037553
315 316 2.439536440984634
316 346 -0.5868378239745529
316 317 -0.20513270024124036
317 347 0.8117171105081906
317 318 0.2064906505705791
318 348 -0.2798997252559941
318 319 -0.3267534860044128
319 349 -0.17092259278883792
319 320 0.6539019035710177
320 350 0.20733317025690073
320 321 -0.683974862054937
321 351 0.8283295672116375
321 322 -0.572305349281158
322 352 -0.3359691709976959
322 323 1.4554459989348894
323 353 -0.9924268875109781
323 324 0.5406267407129269
324 354 0.36009743539471356
324 325 0.8268587297708827
325 355 -0.9366631689685677
325 326 -1.4620779982047936
326 356 1.9663049732399094
326 327 -0.16498451041801585
327 357 -0.7480807178423259
327 328 -0.7745841113539251
328 358 0.41889156950246487
328 329 -1.5829822336665182
329 359 -0.036104000935273245
329 330 -0.43883705433862835
330 360 0.016081252539920935
331 361 0.920114593524319
331 332 -0.9645284061516339
331 360 1.5584914560925118
332 362 -0.22158295162877872
332 333 -1.9243133130529246
333 363 -1.0021174389237666
333 334 1.6498155312229605
334 364 -0.18724870697481805
334 335 0.4941747458129069
335 365 1.3388757428892146
335 336 -0.442190983756256
336 366 1.324060032425746
336 337 0.8969063912483497
337 367 -1.3086942050107548
337 338 -0.1619484072904118
338 368 -0.9694669823777324
338 339 -1.2975628143132587
339 369 -0.09453337406037908
339 340 0.20639635626985645
340 370 -0.8462546503593796
340 341 -0.015604152128570376
341 371 3.151515549623328
341 342 1.2279909822824402
342 372 -0.23242438070719385
342 343 0.2723094420233324
343 373 1.7938640457183364
343 344 0.32086547677825006
344 374 -1.3267393574923572
344 345 1.148413549953184
345 375 -0.19874935587850404
345 346 -2.272631230449572
346 376 0.6404867426853167
346 347 0.609269250809864
347 377 0.41944600583984515
347 348 1.0869448697275637
348 378 -1.3565893617956215
348 349 -0.8583437804556604
349 379 -0.492509453139511
349 350 0.9075936075332658
350 380 1.4070497428919284
350 351 0.6829174095272866
351 381 -0.8539608610528765
351 352 -1.2214636631258788
352 382 -0.16695772459439492
352 353 0.33778626743551043
353 383 0.7311248622582042
353 354 -0.08309130309786966
354 384 0.9603508613824099
354 355 -1.0730060595918964
355 385 0.7753964571928639
355 356 0.060316458230703016
356 386 0.9880694035769555
356 357 -0.29456298399367686
357 387 0.4976045411984495
357 358 -0.9635210226519579
358 388 0.08225757183503855
358 359 -0.2787610404714019
359 389 0.14076770198822458
359 360 0.04445132516066316
360 390 1.9912487417146618
361 391 1.3312284039518067
361 362 -0.030786161427010107
361 390 -1.008575355532798
362 392 0.05008839939037332
362 363 0.5002701475920952
363 393 -1.2937194528129117
363 364 0.8580294497266155
364 394 0.09091766374514702
364 365 0.9321316583605358
365 395 0.2430033784844923
365 366 -1.0248550656122517
366 396 -0.12462885234468966
366 367 0.7246577529197747
367 397 -0.7751187323018705
367 368 0.3698999892950947
368 398 -1.8879910186272622
368 369 -1.1248230943697164
369 399 0.5063284201296494
369 370 -0.18962098613672917
370 400 0.16772898481578807
370 371 0.934450501196434
371 401 2.6678289037374303
371 372 -0.6762749599532204
372 402 -0.9494199839200651
372 373 -1.1464926951857979
373 403 -1.2565911887192205
373 374 -0.9201259538929637
374 404 0.031761120692874595
374 375 -0.3929261890478032
375 405 -0.029311719456399824
375 376 -0.11831627815915502
376 406 0.37504228194820655
376 377 1.7820620906048354
377 407 -0.6920341017862417
377 378 -1.3045511927826152
378 408 -0.30467374889508086
378 379 -0.24759295492617697
379 409 -1.0802485385732252
379 380 -0.619368134210138
380 410 -0.3989137413387291
380 381 0.2862530887731142
381 411 0.5547442841974115
381 382 0.6281193238137419
382 412 -1.2409866288264513
382 383 0.5851337434842714
383 413 -1.4550900508432925
383 384 0.5277201857489247
384 414 0.3801924977592101
384 385 -1.1046327457322203
385 415 -1.1804894540602082
385 386 0.11774526781023588
386 416 0.8476854992785922
386 387 0.42159041319902585
387 417 0.7529099299281581
387 388 1.7020217171273042
388 418 0.40757134402216066
388 389 -2.216391815885292
389 419 0.7919440480344215
389 390 -0.18129280901985012
390 420 2.059083569527907
391 421 0.25655404236121543
391 392 -0.7014957831552415
391 420 -1.1529321974225404
392 422 0.6335443820280042
392 393 -0.7280260043389766
393 423 1.450783962859509
393 394 0.785495909715373
394 424 0.34507371393831204
394 395 -0.5273633527873344
395 425 0.3545991919060113
395 396 2.201969130237108
396 426 0.3773791093426624
396 397 -0.49115245816445885
397 427 -2.6808605147379145
397 398 0.7265367498700493
398 428 -1.4383695706575967
398 399 0.16733183750103883
399 429 0.5989396244238003
399 400 2.396860873209234
400 430 -0.5895960758976552
400 401 0.4921782893415599
401 431 -1.1370181153438885
401 402 -1.3798312672831539
402 432 0.15146045449531545
402 403 -0.3563672613764496
403 433 1.4915846819869543
403 404 0.581762736694357
404 434 -0.9261048615468723
404 405 -1.9361757093062752
405 435 0.646312753902349
405 406 -0.23817635844871218
406 436 0.14276850302896477
406 407 0.9766313423161196
407 437 2.163569698369827
407 408 0.4377284610190296
408 438 0.09752005343972159
408 409 0.40113336728682186
409 439 2.08377351063385
409 410 0.19832707870283178
410 440 -0.4181693732835883
410 411 -0.30980264721716644
411 441 -1.7325344820842254
411 412 0.9996927116644071
412 442 1.1030279851642302
412 413 -1.9184405505946074
413 443 1.3877751375333187
413 414 -1.0105821063187763
414 444 1.0780749386389286
414 415 0.029536795460976338
415 445 -0.3549781105553031
415 416 -1.0346578116209146
416 446 1.5065792025903475
416 417 1.3016898990862882
417 447 -2.1053168999811342
417 418 -1.0021025561563517
418 448 -0.4466746687270097
418 419 -0.4359848325970883
419 449 -0.3881899764831379
419 420 0.2251404180918807
420 450 0.21451647710433425
421 451 0.8967842967699582
421 422 0.26162637114052706
421 450 -0.2249895589198933
422 452 0.15839374920456958
422 423 -0.07428360689772423
423 453 -0.0697486209638749
423 424 -0.9916395801518327
424 454 0.03247825574411899
424 425 -1.7291116165941895
425 455 -1.3606254988744906
425 426 -0.14623507130721122
426 456 -0.6623456315731475
426 427 -0.6508472248986709
427 457 1.6011978529602806
427 428 -0.5277694039790181
428 458 -1.5919360384991603
428 429 -0.28856460206811413
429 459 -0.08797654669009124
429 430 -0.7554545412058155
430 460 -1.3022684224768954
430 431 -0.8749781690365238
431 461 0.9183046478255984
431 432 -0.9257208113128155
432 462 0.6052404992718154
432 433 -0.9965035613766792
433 463 1.1545527981207682
433 434 -0.2850447193399961
434 464 0.18147340212789156
434 435 -1.5803804142336777
435 465 0.5096343680978763
435 436 0.1449977390199536
436 466 0.4448582823954186
436 437 0.7123711879785661
437 467 -2.0235481417686874
437 438 0.9972633729483072
438 468 -0.3996197946561967
438 439 -0.5847865026221131
439 469 0.9900611733925648
439 440 0.3737744146945991
440 470 1.1221424475414714
440 441 0.25478476624337987
441 471 1.4639336022220788
441 442 -1.3540359413298113
442 472 -0.12235914200301505
442 443 -0.932582844388959
443 473 1.3167056253852079
443 444 -0.2233618207333537
444 474 -0.21041567018621146
444 445 -0.33607062786907627
445 475 -0.18438960637811055
445 446 -0.39147317317616964
446 476 -0.290539603374184
446 447 0.0699616013780251
447 477 0.5079379362901282
447 448 -1.1324972842078072
448 478 0.4155589691739565
448 449 0.964516272393974
449 479 0.9007040457753992
449 450 1.8362600198789782
450 480 -0.05565121281591367
451 481 -0.38290684164468985
451 452 -0.02148725443448523
451 480 -0.08078639312941245
452 482 1.0013136762171018
452 453 2.111000610084377
453 483 -0.4541178866125896
453 454 0.03524665170861241
454 484 -0.9747220301949797
454 455 1.6380064524913236
455 485 1.747138106519581
455 456 -0.019154696252183093
456 486 -1.260203137149175
456 457 -0.8119417027772066
457 487 2.0709180398587006
457 458 -0.48290039731130363
458 488 0.7251654465586882
458 459 -0.7165873776470602
459 489 0.060685807902525396
459 460 2.506069643750745
460 490 0.23993208253653286
460 461 -0.790191333862204
461 491 -0.7357987838232931
461 462 -1.7196665114634382
462 492 -1.1711032657084575
462 463 -0.7351448882575804
463 493 0.7749605399581734
463 464 -0.04765023507889966
464 494 0.6096686955958348
464 465 0.04126660277074013
465 495 -0.039704130045938674
465 466 -0.16713988667468885
466 496 0.4174696520700321
466 467 -0.0836006631581334
467 497 0.5995162868843895
467 468 0.2850818573595677
468 498 -0.24429246648632388
468 469 1.0051728675969591
469 499 -0.3072210837077001
469 470 1.3267894806212561
470 500 0.4325629219763073
470 471 0.6930949805422242
471 501 0.34897144584292616
471 472 -0.0689715881793101
472 502 -1.2505637680941428
472 473 -0.9401062598889594
473 503 -0.23601669539057168
473 474 -0.619417898865465
474 504 -0.3288751815284273
474 475 -0.005210029262276119
475 505 -0.8812766452850554
475 476 -1.535363842724301
476 506 1.6036150948693886
476 477 1.5803503891944664
477 507 0.5811290097605767
477 478 -0.6395843415614734
478 508 -0.06829171841999647
478 479 0.7773105838783465
479 509 -0.4099982512491616
479 480 -0.39643598287671433
480 510 1.0171072385811375
481 511 0.33831468199856957
481 482 0.5559852074935865
481 510 0.5436721661394937
482 512 -0.8013584300634264
482 483 -0.6585828006373894
483 513 1.2373417094727095
483 484 0.866826626505507
484 514 -0.8912856660992015
484 485 -0.7983505093853847
485 515 -0.9485426993060835
485 486 0.7004229947583409
486 516 0.11058803201121711
486 487 -0.12444194141978418
487 517 -1.2110161372834005
487 488 -1.1426569149743515
488 518 1.0569344048374776
488 489 1.3879862303527686
489 519 -0.6602810594883908
489 490 -1.6487902349500059
490 520 0.2223589553814422
490 491 0.4130293477204437
491 521 -1.4688196757947916
491 492 -0.17032939872489536
492 522 0.15624356067675743
492 493 1.374519151059594
493 523 -1.151261011293568
493 494 1.4309750004919646
494 524 -0.4539593775377817
494 495 -0.9304710652066353
495 525 -0.11281426846395143
495 496 0.5031162423672704
496 526 -2.59718217856568
496 497 0.4267238136856236
497 527 -0.4768132619026673
497 498 -0.10365583461512723
498 528 2.277379176693355
498 499 1.6513360150123266
499 529 -0.25145094933973194
499 500 0.5044356675118565
500 530 0.9373521123538863
500 501 1.523591833771214
501 531 -0.27301710256184064
501 502 -0.35200010997338255
502 532 -0.11447379863998088
502 503 0.9237690987291053
503 533 1.443887463131031
503 504 -0.24184923683743945
504 534 -0.5783002500540454
504 505 1.4851983294060824
505 535 -0.27984373492897757
505 506 -3.157170275277961
506 536 -0.025878481195816695
506 507 -0.753176193862526
507 537 -0.2634630465979461
507 508 0.025881826520445347
508 538 -0.23118973458768605
508 509 -0.36237952809638946
509 539 1.9846130430235387
509 510 0.9929790397306592
510 540 1.4350912168742262
511 541 0.830885405981139
511 512 0.08057317644791319
511 540 0.6818892562293031
512 542 0.6111804106211279
512 513 0.9955983706306791
513 543 -0.997533217903099
513 514 0.29325786496474576
514 544 1.026097294004303
514 515 -0.13875615180009754
515 545 -2.2583588907035175
515 516 -1.079677776708355
516 546 0.713953749215513
516 517 -1.2976570785926922
517 547 -1.4465435781781697
517 518 0.5535075778225633
518 548 -0.14231598906500287
518 519 0.08569194156481505
519 549 0.1779479080778032
519 520 0.42745147596873156
520 550 0.9468921317025046
520 521 -0.3409876866606952
521 551 0.7168017029519592
521 522 -0.4456429514595793
522 552 0.3661424857146858
522 523 -0.6098176007746952
523 553 0.8171883455021638
523 524 1.9861342041659968
524 554 -0.29454949918825385
524 525 -1.1604797965936007
525 555 0.04012285388679742
525 526 1.095564385556567
526 556 -0.8560803337138466
526 527 -0.3038126247136174
527 557 -0.3101570900055536
527 528 0.2784416067218649
528 558 -0.7417269585251798
528 529 1.0701832714633757
529 559 -0.011207895182947675
529 530 -0.6070948539494422
530 560 0.038850103418512485
530 531 0.3585036562364058
531 561 -1.1559642163306845
531 532 0.17481875021399218
532 562 -0.6803928652893114
532 533 -0.5386153476175269
533 563 -1.4553359649475877
533 534 -1.262371113578187
534 564 -0.1394797623824365
534 535 2.2546475075159202
535 565 -2.3474972087354056
535 536 1.071458439007509
536 566 0.7269174482802113
536 537 -0.10430539624284048
537 567 0.966617550799318
537 538 1.9662803925996766
538 568 0.06888164355276813
538 539 0.8636014975181252
539 569 -0.5304213927641827
539 540 -1.8751695602874774
540 570 0.7702621511384758
541 571 0.6691647742771432
541 542 0.5489592665847284
541 570 -0.2522324492005735
542 572 0.6798393451001443
542 543 -0.8907888495868643
543 573 2.0743139907602615
543 544 0.38679330937832607
544 574 -0.26234063368498367
544 545 0.8302282264721124
545 575 -0.010970029170441375
545 546 1.458028265210634
546 576 -0.2892823118376172
546 547 1.5365111563184586
547 577 -0.003455155189355321
547 548 0.7116471320126966
548 578 -1.9896489022656005
548 549 -1.2048986150607026
549 579 -0.6096642263281348
549 550 -0.604803666476549
550 580 -0.12294802505056424
550 551 2.0781617817956204
551 581 0.3617545813980954
551 552 1.5397910886043187
552 582 -1.1622218638839847
552 553 -0.06486385143008129
553 583 -1.0979346611874046
553 554 0.06996223201994128
554 584 0.7420350461485792
554 555 0.2620184136314433
555 585 1.7486380367107512
555 556 -0.1416301577821351
556 586 -0.3767202385208331
556 557 -0.5315400226088727
557 587 1.3316359199630188
557 558 -0.05350782468956432
558 588 0.2673553619091094
558 559 0.09421649594845724
559 589 -0.9537620340025704
559 560 0.9786016739811997
560 590 0.3703960939077845
560 561 0.22040643992494552
561 591 -0.15872923051929777
561 562 0.2435698814047786
562 592 -0.49567864239532683
562 563 0.33514318344559474
563 593 -0.28551973449101276
563 564 1.8126854309800278
564 594 0.3243528486128966
564 565 0.5917084334300374
565 595 -1.5274470626542145
565 566 1.193475413504897
566 596 2.7615160641792036
566 567 -0.8825461696221372
567 597 1.1244148421815652
567 568 0.4155508616993037
568 598 -0.38672111944901877
568 569 -0.30975079671730954
569 599 0.011998902752062647
569 570 0.9753928010241385
570 600 2.6135557148730255
571 601 0.0672064919793665
571 572 -0.5112780212678263
571 600 -0.821554207857474
572 602 0.6907906923244853
572 573 -0.3657578818311614
573 603 0.704311200398047
573 574 0.2638162467118085
574 604 1.2553629284455197
574 575 -0.40536832978874116
575 605 -0.6060071989005145
575 576 0.4749810871642612
576 606 0.20363032046629687
576 577 -1.2672296839167225
577 607 0.48623789084277613
577 578 -0.23663120322248227
578 608 0.1801355858942375
578 579 0.43442817171361225
579 609 -0.336124635428438
579 580 1.019883796717614
580 610 -0.5154145010878224
580 581 0.42661875495732454
581 611 0.8233110741179883
581 582 1.3761144798295921
582 612 -0.6408695767741571
582 583 0.8889281791405182
583 613 -0.5414543712795684
583 584 -2.07416770191482
584 614 -0.7812150471903938
584 585 -0.661351008212964
585 615 -1.5590023660488905
585 586 0.3888325519658401
586 616 0.27809481187156954
586 587 -3.139193275327231
587 617 -0.013105524977863355
587 588 -0.4769032478412368
588 618 -0.24529622150460634
588 589 1.8947058673958757
589 619 -0.1765968591210719
589 590 0.7410935244138603
590 620 0.28839798401159056
590 591 -0.25736230648715047
591 621 -0.3871272716003956
591 592 -0.968818726604341
592 622 0.40684044071424524
592 593 0.44470706932510207
593 623 0.06947370761871278
593 594 0.07613609322644617
594 624 -0.710557159107463
594 595 0.6960996221611151
595 625 -1.3000451690905315
595 596 -0.775688187869502
596 626 1.9144048873833368
596 597 -0.5684554154029265
597 627 1.6676584178332736
597 598 -0.7021619773302129
598 628 -1.4489989960009289
598 599 0.9884662964387516
599 629 0.0057104139905253615
599 600 0.20187342704239794
600 630 1.929745198532467
601 631 0.7105375893637166
601 602 1.4509485975471754
601 630 -2.297015245374737
602 632 -0.5364993909435761
602 603 -0.9725568087185984
603 633 1.6216258009018747
603 604 1.538334183788256
604 634 -0.19137583349399812
604 605 -0.5392136367313588
605 635 -0.9006799558865406
605 606 -1.2335438342353815
606 636 0.9921438833005832
606 607 -1.1521033165233987
607 637 -1.4832638071587552
607 608 1.2110369268575476
608 638 -0.17338705769562304
608 609 -1.1308648749320538
609 639 1.4154011707649632
609 610 -1.1566695851953368
610 640 1.5589961876413423
610 611 -1.876439900565656
611 641 2.1615593071577752
611 612 0.24982180848394625
612 642 -1.0751393694033604
612 613 0.6375709946813681
613 643 -0.6238119454026825
613 614 -0.13449116435986547
614 644 0.7475554947252027
614 615 -0.4544568920893043
615 645 0.2035453271435621
615 616 0.3628856197105793
616 646 -1.1751152959605422
616 617 -2.130382227487049
617 647 0.027308505277770057
617 618 -0.5139395727676913
618 648 -0.705761835455761
618 619 -0.48889943251712725
619 649 0.3758158358762133
619 620 -0.7908819139471611
620 650 1.3893768238141686
620 621 1.4748365957021254
621 651 1.2720017159773005
621 622 -1.2292778268461493
622 652 -0.16006265379301207
622 623 2.160007657254189
623 653 -0.7552669631729493
623 624 -0.4431813453423347
624 654 1.2124650322538486
624 625 0.714828564367736
625 655 0.5948152952967991
625 626 -0.2397172583831287
626 656 0.010605135393480295
626 627 0.3646144174440025
627 657 -0.6745050070347602
627 628 -0.43080023971885073
628 658 -0.8907546111655041
628 629 -0.010411708315531759
629 659 0.09473239168119141
629 630 1.2758399024484797
630 660 0.6735513791852471
631 661 0.2578323170063194
631 632 -1.3774816539619577
631 660 -0.35005562158824005
632 662 0.2046100588013883
632 633 -0.0744961285582404
633 663 -0.4800862288609805
633 634 -1.4333025386005256
634 664 -0.9493835288741707
634 635 0.25178464389315036
635 665 0.699586319797262
635 636 -0.600684358600646
636 666 -0.34296674622766343
636 637 -0.03666664736029362
637 667 -0.3415527138320321
637 638 1.914992912403879
638 668 0.760654281530278
638 639 0.40160695436931637
639 669 -0.9824764824429201
639 640 0.3723592206873637
640 670 0.8078850458132025
640 641 0.6848925035294751
641 671 0.35121553324228527
641 642 -1.4691048365868913
642 672 0.3572660504308718
642 643 -0.8700664397642021
643 673 -1.1302359084546656
643 644 -0.1618669694186782
644 674 0.5608018971031791
644 645 1.2120544191087708
645 675 0.13314136200682666
645 646 -0.3406440642025854
646 676 -0.4100675437102434
646 647 -0.03913243140204453
647 677 -0.042813219773504975
647 648 0.3658788213122834
648 678 0.6783154591572599
648 649 -0.4992693232865276
649 679 -1.2528259884059947
649 650 0.11572298292698677
650 680 0.44803716980081854
650 651 -1.0863708144910897
651 681 -0.0317264594251128
651 652 0.9255397217326273
652 682 -0.5375267283487771
652 653 2.8016713423394752
653 683 3.1129627450288964
653 654 -0.5100009057190996
654 684 0.5834773881385337
654 655 0.07504061465176476
655 685 1.6180987508266635
655 656 -0.9262613054878814
656 686 -1.2895831791567718
656 657 0.9870334679603594
657 687 -0.3444672229642491
657 658 -0.015344449995440051
658 688 -1.3534680942330806
658 659 1.789635800463682
659 689 -1.3978922120025945
659 660 0.491408665973408
660 690 -0.27169559284011874
661 691 -1.3145632644103218
661 662 -0.4117291972744053
661 690 2.036629000930186
662 692 -1.542161863280968
662 663 -0.7202038887992115
663 693 -0.17857642834420354
663 664 1.3367332298735342
664 694 -0.4759600381535754
664 665 -0.3494321864807104
665 695 0.40293115448529565
665 666 1.2174192028605801
666 696 0.3113588252536095
666 667 0.6381022113262228
667 697 -0.34476731534242483
667 668 -0.1556174524210045
668 698 -1.7264698833806045
668 669 1.629170433416114
669 699 -0.6043786356522463
669 670 -2.1314174006431967
670 700 -0.5766874746574202
670 671 -0.49043240659959925
671 701 -0.9080152459181182
671 672 -0.27118536912065583
672 702 0.25849723380928097
672 673 -0.4747851822206937
673 703 0.1972854578341554
673 674 1.500576219671999
674 704 1.5641477608122978
674 675 0.8691848870840128
675 705 0.13785455535069666
675 676 -0.3078931913739266
676 706 -0.08771077661941137
676 677 -0.45690707468744923
677 707 -0.28146593229777006
677 678 0.5852215000534277
678 708 1.3347286048084983
678 679 1.245659442540851
679 709 0.1504036826109632
679 680 -0.022672674354192384
680 710 1.1784453642262855
680 681 1.0015657409736394
681 711 -0.3099701353162789
681 682 1.6048156466354533
682 712 0.3111674461641286
682 683 -0.5837858677658723
683 713 -0.3271085668792078
683 684 -0.035470904562386385
684 714 -1.221916338766323
684 685 1.3114020805545372
685 715 1.5358644108858317
685 686 -0.1544700147693408
686 716 0.3201538937720101
686 687 0.6511159327938352
687 717 0.037632572960370814
687 688 0.2775249736364314
688 718 1.0611496872137474
688 689 -0.8311173446995168
689 719 0.7603146778504439
689 690 -1.6016295171452695
690 720 1.157480841293336
691 721 0.4893435980987698
691 692 0.5095833076758938
691 720 1.1532801541946327
692 722 -1.1461299916368466
692 693 -1.1903345537030823
693 723 1.385487287961487
693 694 -1.8655483421848231
694 724 1.1703039742797732
694 695 1.879832827237174
695 725 0.7315106802375854
695 696 -0.057583705834943995
696 726 -2.3805736118904983
696 697 1.616755096557954
697 727 -0.8227424801547913
697 698 -1.2544542875539029
698 728 0.5216970063613996
698 699 0.9843779363012521
699 729 0.9277100932133997
699 700 -0.25481795128717005
700 730 -1.326705269221695
700 701 -0.9128743637202431
701 731 -1.0948968365957081
701 702 2.3537421796472398
702 732 -0.28470396457155667
702 703 0.8430817542343962
703 733 1.8229785751091914
703 704 -1.2382338980863827
704 734 0.2852155571534309
704 705 1.713712619737678
705 735 0.9986160239338432
705 706 1.3169794999569635
706 736 -0.41483262205718047
706 707 0.4481528944394581
707 737 -0.9934090597782816
707 708 2.823732627487824
708 738 0.5306303188287292
708 709 -0.012565191612495155
709 739 -0.004203281491323963
709 710 1.4912047612921442
710 740 -0.021410369048347616
710 711 -0.11372104298446233
711 741 -0.11056509051041027
711 712 -1.6677432712659759
712 742 1.3839465768885288
712 713 -0.20903352348295634
713 743 -0.3976977963158687
713 714 -0.1302341721690603
714 744 -1.5683383918906135
714 715 -0.06866460587647194
715 745 0.20121785494870714
715 716 -0.9900550056044526
716 746 -0.4524622341446469
716 717 0.4448160770861693
717 747 0.3695928243310583
717 718 0.5315458520391578
718 748 -0.43418628755380395
718 719 -1.1325564928982934
719 749 -0.6428276705760563
719 720 -0.9972055128607139
720 750 0.3210653684597146
721 751 -1.513742315704034
721 722 1.035737980695468
721 750 -1.293685100101792
722 752 0.15970686280075663
722 723 0.18083242863932342
723 753 -0.9782838066240274
723 724 0.07784821423634442
724 754 0.7096709466851021
724 725 -0.5874330441994368
725 755 0.8753403930886442
725 726 -0.45128820699603567
726 756 0.8895355635212219
726 727 -0.0965812502548154
727 757 0.4352856317949062
727 728 0.005835122384485417
728 758 0.7022078248511973
728 729 0.4017615468283932
729 759 1.1026166797878223
729 730 -1.9403165382138492
730 760 -1.386508462043057
730 731 -0.7270370655345613
731 761 1.365674140104973
731 732 2.4112980213614543
732 762 0.010947178744544941
732 733 -0.10081581450667679
733 763 2.7859066983096255
733 734 1.111575618786371
734 764 -0.2657713616571041
734 735 1.093347193234655
735 765 -1.2465363560051863
735 736 1.7540306950004627
736 766 -1.2328100830155753
736 737 -1.362076979449824
737 767 0.3688705616298072
737 738 1.9930771504165856
738 768 0.5849948670569944
738 739 0.7992810951935496
739 769 0.9772743149463412
739 740 1.2492367393925552
740 770 -0.9700574919477254
740 741 -1.2656124605740562
741 771 0.24160089242000954
741 742 -0.8037364959690406
742 772 -0.9950284785552403
742 743 -1.086612591798692
743 773 -1.5180819051132841
743 744 0.09290882313229307
744 774 -1.6017957019332643
744 745 -0.4592887142195622
745 775 1.7658271708293474
745 746 0.9953703129674084
746 776 -1.1104903244964983
746 747 -1.9064354476012353
747 777 -1.1821100717542143
747 748 0.6156076087927299
748 778 0.14363241876394622
748 749 -1.7774877651417478
749 779 -0.1339792198140376
749 750 -0.8876243047048263
750 780 0.14085455223428772
751 781 -1.7803945020454848
751 752 1.2570455963136462
751 780 -0.07141883165322954
752 782 1.2276421244569458
752 753 -0.228088174085187
753 783 0.9517461640371517
753 754 0.6444770211865047
754 784 0.056874739912020716
754 755 0.909817818514485
755 785 -0.05153469687835841
755 756 1.0123291589872392
756 786 0.551475842043402
756 757 0.23475319944373257
757 787 0.016265520197411624
757 758 -0.9655809601462911
758 788 1.8876198981676664
758 759 0.26808864078710726
759 789 -0.4964216737159942
759 760 2.304462075718035
760 790 0.33843263107173044
760 761 0.752601318550152
761 791 0.15348695748416732
761 762 0.4574910412100154
762 792 -1.0790624427908224
762 763 -0.9441994975532189
763 793 -0.6618016173465631
763 764 -1.886489760980978
764 794 -1.2055408643947096
764 765 0.2590445871844591
765 795 0.5007524610814735
765 766 1.1684242256947726
766 796 -0.01573540225956457
766 767 -1.95145326171425
767 797 -1.043902563791561
767 768 -0.9882000298068814
768 798 -1.2331082624335374
768 769 -0.13560370458409876
769 799 0.19194871964086194
769 770 1.7046822051931305
770 800 0.7652498995188067
770 771 -0.772407904158907
771 801 2.1962974495955585
771 772 -0.7543980157957189
772 802 1.0202571942369507
772 773 1.9267090710439838
773 803 -0.7944383626473682
773 774 0.5369749496116812
774 804 -0.28467984489845205
774 775 -1.9487514612111625
775 805 -1.3014419843933678
775 776 -0.30243394176459004
776 806 -1.3549038691973097
776 777 -1.2453848396279734
777 807 -1.517686904436914
777 778 -1.282426168937703
778 808 0.45656887502170784
778 779 0.5663459688553303
779 809 1.2896685625909228
779 780 -0.6927171627196794
780 810 -1.272588052783838
781 811 0.37649462223346836
781 782 0.23619055846445153
781 810 -0.49964282122764636
782 812 -1.703844128142328
782 783 -0.1189323358181348
783 813 -0.3833237171713962
783 784 -0.2883407327986112
784 814 1.5650869228728288
784 785 1.147664539695127
785 815 0.8926747478971168
785 786 0.458639651000439
786 816 -0.6608276273980095
786 787 1.3751971962267855
787 817 2.3102378719235266
787 788 0.8300218401909578
788 818 -0.6334258021413257
788 789 0.4271981613912688
789 819 1.2432495782235764
789 790 -1.3712408889457646
790 820 0.17584699474373
790 791 -0.3745998951792182
791 821 -1.508880223197184
791 792 0.41773883470698436
792 822 0.0957043607622775
792 793 -1.1843536209269
793 823 0.8165331445880021
793 794 0.9565559594894565
794 824 0.24774700566029767
794 795 -2.056166371357939
795 825 1.0328809866552298
795 796 -0.29764084915963157
796 826 -1.9735882667804643
796 797 -0.027962310318239484
797 827 -0.701315395892529
797 798 0.5692722685705235
798 828 1.2253215501876171
798 799 0.8440801626860368
799 829 0.6290263331891361
799 800 -1.7657068791792556
800 830 0.5739133857968116
800 801 1.1143304006762769
801 831 0.48902889174611897
801 802 -0.052511873560314164
802 832 -0.2660876294012543
802 803 -0.14390651423974044
803 833 -0.5324162249054099
803 804 -0.07979532954638478
804 834 -0.05754544248891534
804 805 -0.5983096632508385
805 835 -2.564777376717568
805 806 1.364848762246696
806 836 0.175394846321374
806 807 0.4761411891095839
807 837 0.45515814589676834
807 808 0.4654535571193007
808 838 -0.2805425735450102
808 809 -0.4129899057132387
809 839 0.12579564692562575
809 810 0.795343886253563
810 840 -0.16153209047667855
811 841 0.6858030242823113
811 812 0.1226394757952262
811 840 1.056297879833978
812 842 0.8209475165582213
812 813 1.262848529457372
813 843 -0.4088408374675113
813 814 -0.4693183720079922
814 844 0.783702694772395
814 815 0.5121702821804627
815 845 0.08314413690271333
815 816 1.767845765731644
816 846 -1.0355127292272397
816 817 2.3868598769308904
817 847 0.43078914098822285
817 818 0.19617773645248138
818 848 0.5480664188487232
818 819 0.5982609031361265
819 849 0.6343570676418006
819 820 1.5479261607669703
820 850 0.37577897420693246
820 821 0.7123524134699645
821 851 0.8692108894349391
821 822 0.5223680313692457
822 852 0.09441514441959463
822 823 0.3158895319872771
823 853 -0.9641678919577181
823 824 0.8368053481603895
824 854 0.6893592628117812
824 825 0.9617904343785804
825 855 -0.5647631903277542
825 826 0.527841394177489
826 856 0.03480798287966129
826 827 0.06445431630505613
827 857 1.2106758898378946
827 828 0.8347319545564624
828 858 -0.11016818783792047
828 829 0.7216165392970821
829 859 -0.5017060601818352
829 830 0.9453749544801423
830 860 -0.017900524631552124
830 831 -0.6264277404945263
831 861 -0.12062693878416471
831 832 0.22865797275680252
832 862 -0.2837528367004553
832 833 1.8846715219452053
833 863 0.10238138323968288
833 834 0.12530703032712037
834 864 -0.8230899168845908
834 835 -0.31352532232471186
835 865 0.0063700120346649874
835 836 0.2706038195438185
836 866 -1.1831507900673994
836 837 -0.8279690862373901
837 867 0.22064586717662643
837 838 -1.4095429468318006
838 868 -1.280122492712452
838 839 -1.2079800934348002
839 869 0.3349725328187063
839 840 -0.6767190986899461
840 870 -1.5411372003181616
841 842 1.5851357083461948
841 870 0.8122363887716975
842 843 1.8267319364596115
843 844 0.12717272657695491
844 845 0.46332130572875
845 846 -1.5937650629378246
846 847 -1.3346535945026936
847 848 0.41918130736977444
848 849 -0.5895490236527355
849 850 1.2759502213855523
850 851 -1.5705141420731812
851 852 1.5032193023797888
852 853 -1.0166994042442627
853 854 0.30906772681662714
854 855 1.110989231718298
855 856 0.6127276900963612
856 857 -1.4412511875345684
857 858 1.9614829500539457
858 859 -0.45535639149914364
859 860 0.448326082623202
860 861 0.17736741670601755
861 862 1.2568474850195412
862 863 -0.43022607827992887
863 864 -0.14419541449088108
864 865 -1.9670617972467828
865 866 1.6559319607742848
866 867 0.19166792622772297
867 868 -0.10428654591883431
868 869 -1.3480839717279838
869 870 -0.05501797012604543
