900 1800
1 31 -1.5523126851183369
1 871 0.4466569454278491
1 2 0.0522414663833985
1 30 0.612359492935562
31 61 0.9334627097233156
31 32 -0.7444576234506832
31 60 -0.49978060086939713
871 841 -0.007297668671167003
871 872 -1.3448211292043848
871 900 -1.909386824880503
2 32 0.7672797912074564
2 872 0.6804455245896902
2 3 0.4844144227524509
30 29 0.7719976535920979
30 60 0.44102874456215946
30 900 -0.8053187993508815
32 62 0.11131555549050313
32 33 -0.6784478277064113
872 842 -1.1671086072477026
872 873 -0.8140285327958121
3 33 -0.025766379914475963
3 873 -0.19123167564367238
3 4 1.0538761364255032
33 63 -0.7337274744973477
33 34 -0.8366725929752182
873 843 1.8418037926711095
873 874 -0.5765968838779328
4 34 -0.09967255158718077
4 874 1.3413970987730288
4 5 0.3806188903039016
34 64 1.3286376192533862
34 35 -0.19047083097437914
874 844 1.4804077431363154
874 875 -0.07908727101077903
5 35 -1.3586797765869807
5 875 -0.06245706409314858
5 6 0.14657289985648506
35 65 1.310657016869672
35 36 2.533971257267525
875 845 0.15547413760542605
875 876 -0.8201245906907021
6 36 -0.5236834661947813
6 876 -1.1325305313444591
6 7 0.5104650020060177
36 66 -0.13549385056334942
36 37 0.5052943387193288
876 846 0.5049383270551085
876 877 -0.0238409773250811
7 37 0.6656111156402412
7 877 1.1409497812040852
7 8 -0.551015409315917
37 67 0.8923043373878798
37 38 -0.15891883161981663
877 847 0.17746947041878108
877 878 -1.020243161709153
8 38 -0.5848698049174937
8 878 -0.15013999677255785
8 9 1.1202441569565689
38 68 -0.7814480874881511
38 39 -0.0017090900110360964
878 848 -0.17175108226385608
878 879 0.1320526564123943
9 39 0.868493940441225
9 879 0.4276379980558941
9 10 -0.09499937740460193
39 69 1.245524992022228
39 40 -0.29346571414206674
879 849 -0.2574282853934762
879 880 -1.0710578457847726
10 40 1.0872375591783778
10 880 1.1450720435851685
10 11 1.2111871233060625
40 70 0.9472236807112528
40 41 -1.153222855578763
880 850 -0.17421335347239555
880 881 -0.2940802895454903
11 41 -1.1989567369010732
11 881 -1.2021769665237778
11 12 0.7985349407792672
41 71 1.290745141085634
41 42 0.35382155099289353
881 851 0.781762413492938
881 882 -0.823108051105793
12 42 0.7656159065113015
12 882 -0.6869289364796114
12 13 -0.7436892132922154
42 72 0.647846494045747
42 43 -0.5696780404752386
882 852 -0.7298567124830063
882 883 0.43871530783986
13 43 0.29610056047297717
13 883 1.5134110805460648
13 14 0.4091926055568205
43 73 1.133416691043352
43 44 -0.10920823225378437
883 853 0.9832167761610991
883 884 -1.841732604038734
14 44 -0.08535171691408149
14 884 1.1208978407976609
14 15 -0.20756245584260974
44 74 0.08971936365490417
44 45 -2.063638741192073
884 854 0.13227972686268144
884 885 -1.6178866319535303
15 45 1.1945939728397372
15 885 2.2303775057608557
15 16 0.4470999809474745
45 75 0.8165213145636897
45 46 2.8725852462819055
885 855 -1.2551556230367005
885 886 0.36836725299385004
16 46 -0.21249611715073344
16 886 -0.25321512555521775
16 17 -0.5135757461355761
46 76 -0.06533856086608963
46 47 1.1075404369256048
886 856 -0.5406874219350247
886 887 0.31306957006124386
17 47 -1.3192069754676048
17 887 0.20141717315471855
17 18 -1.3646521795757978
47 77 -0.5447997835710835
47 48 -1.0208316709511327
887 857 -0.44288744408304853
887 888 -1.3771987149938776
18 48 0.48340772051058783
18 888 -1.6533275335682662
18 19 -1.2378597503837776
48 78 1.747939272652938
48 49 0.04145484224219372
888 858 1.247357803979462
888 889 0.22490783474890969
19 49 0.5430697996238997
19 889 -0.5471701109784676
19 20 1.3678196518780192
49 79 0.9113969595873568
49 50 0.21454472864927768
889 859 -1.6335319051907904
889 890 1.1106388911763725
20 50 0.16091196351655085
20 890 -0.8796534030251789
20 21 0.8616810540267363
50 80 1.4051472568523877
50 51 0.7217380803989752
890 860 1.093008859376171
890 891 1.1493373302630736
21 51 0.3025938936495395
21 891 0.0031034228167138686
21 22 1.4366128551303743
51 81 -0.8587586058271465
51 52 -0.5604180635592294
891 861 1.136512039778703
891 892 -0.3313472955541712
22 52 0.304739778155775
22 892 0.36087939913380973
22 23 0.7200582757047239
52 82 1.8425673612157238
52 53 0.041540762751878735
892 862 0.2691021810405575
892 893 0.13190618483594643
23 53 -0.2209858570986897
23 893 -0.8480168482807442
23 24 -0.012331542235853638
53 83 0.914443027888961
53 54 0.16555418483947512
893 863 -0.15563157900509322
893 894 0.5708243364436897
24 54 1.3814422048222694
24 894 0.42483381790902985
24 25 -0.4778062539639821
54 84 -1.320786642543508
54 55 -1.6742076391928429
894 864 1.0254717601211987
894 895 1.3177798273584367
25 55 1.2864449885157807
25 895 1.4819914069061735
25 26 1.6395897484933386
55 85 0.30611687067685367
55 56 -0.7550016763881554
895 865 1.0074276904171315
895 896 -1.1794163762412815
26 56 0.6935231248595192
26 896 0.8872548677820893
26 27 0.6484521307507708
56 86 -0.8763654887373018
56 57 -0.3500910805059427
896 866 -1.6598147329428683
896 897 0.10443792951790978
27 57 0.34872135057471554
27 897 0.619571765964541
27 28 0.40264584144122645
57 87 -0.9092877762485903
57 58 -1.3707546586012527
897 867 0.722815920291721
897 898 -1.6030225105255562
28 58 0.3934112449543422
28 898 1.3835527387539208
28 29 -2.786149928135108
58 88 1.4480581508523338
58 59 -0.3306092806355585
898 868 -0.9327692728440524
898 899 -0.18275284411106268
29 59 -0.482683782033502
29 899 0.41662018973656867
59 89 -0.21227466294490477
59 60 -0.5756489082354473
899 869 -0.34770121081174055
899 900 -0.14135350626550136
60 90 -0.4933237062847969
900 870 -0.024388554085950073
61 91 -1.2749573820348266
61 62 0.21374575517436267
61 90 0.44520414724336727
62 92 0.3938163492949769
62 63 0.565118628138634
63 93 -2.7496052718902426
63 64 -1.298333419976239
64 94 0.11803152926908034
64 65 2.4949027531208077
65 95 -0.5768251104351102
65 66 -0.3985756054227393
66 96 -0.9384759582625497
66 67 1.034510654845244
67 97 -0.2814821892291718
67 68 1.0528287437117343
68 98 -0.022024947169184086
68 69 -1.6142929826620658
69 99 0.7817760065852029
69 70 -1.2677023155689582
70 100 0.09194928915354249
70 71 1.424130029432087
71 101 0.39427974367951524
71 72 -1.295271359129287
72 102 1.7201620819801942
72 73 -1.3667811089832538
73 103 -0.62497346835673
73 74 -1.303566241662491
74 104 0.3412164559393414
74 75 0.49857113581702295
75 105 0.6968036917513722
75 76 -0.953187716308745
76 106 -0.39127803226948515
76 77 0.48320931971770337
77 107 1.1137798600576747
77 78 0.2810551953355904
78 108 0.6219035115583378
78 79 -0.8325195646874686
79 109 0.04967839969322833
79 80 -0.07500992767939227
80 110 0.747007503000279
80 81 2.1225352305578697
81 111 -1.5622470642100958
81 82 -1.3066426849337924
82 112 0.6306478691253864
82 83 -1.2902045356608443
83 113 0.2871504931497509
83 84 0.7524674387353472
84 114 0.45004162879392196
84 85 0.5499201914004535
85 115 -0.09763030746699823
85 86 -0.8097452074556551
86 116 1.225764025924419
86 87 -1.4143818077177261
87 117 -0.7944257150926445
87 88 0.9884548230646033
88 118 -0.18869185662922303
88 89 -1.216824562030374
89 119 1.1878002862429056
89 90 -0.718769519343449
90 120 0.014090913936764978
91 121 1.3045031996650358
91 92 0.7208219894133916
91 120 1.0443156217227099
92 122 -1.5079025768299619
92 93 1.2987659800325209
93 123 -0.5591705528087173
93 94 0.5616487830084766
94 124 -0.05801162655897704
94 95 -0.1524163964319191
95 125 1.1021067754518143
95 96 1.1787595011309218
96 126 -0.2507310360988408
96 97 0.3878419226923844
97 127 0.6788464105926298
97 98 0.302908913306512
98 128 0.6767597476850382
98 99 -1.0199200231694132
99 129 0.5384272167231446
99 100 -0.29378842015292334
100 130 -0.9959681671722258
100 101 1.9575596877600672
101 131 -0.9146275483406441
101 102 0.1785611504529031
102 132 1.0510027944379938
102 103 0.12230150805207778
103 133 -0.644168893152183
103 104 0.9852492164734019
104 134 1.4188829707139563
104 105 0.4662980561218702
105 135 0.12961029526620182
105 106 0.9827415914940392
106 136 -0.6837664572637313
106 107 -0.37665701662241247
107 137 -1.4634818109882821
107 108 0.6970022804063742
108 138 -0.08758901803448306
108 109 -0.22281858372882443
109 139 0.3210814332676053
109 110 -0.6871894204831832
110 140 2.0212064745646523
110 111 0.24213351073929346
111 141 -1.2314025503407628
111 112 0.6801725143331816
112 142 0.6955114759997039
112 113 -0.1531258054245866
113 143 -0.1245377745789365
113 114 -1.6559070344569988
114 144 0.6604331859335458
114 115 2.475402435101782
115 145 -2.4504671284217245
115 116 0.5620527003337091
116 146 -0.3329440992544807
116 117 -0.6758958567491914
117 147 1.0951510246936216
117 118 -0.5163547116540698
118 148 0.7877938126670434
118 119 0.6988060857861305
119 149 -0.6549235558592309
119 120 -0.44750747700780047
120 150 0.24978902001895154
121 151 -0.05590363622112851
121 122 -1.234232594420785
121 150 -1.655347804356647
122 152 -1.3189472378773122
122 123 1.324294168427386
123 153 0.3301978618107806
123 124 -0.0997945966254142
124 154 -0.9861940243026291
124 125 1.4088217170015633
125 155 0.04355159070864151
125 126 1.1299774311868127
126 156 1.4947978580356653
126 127 0.18832711317427478
127 157 0.7829539001475958
127 128 -0.023140431890210506
128 158 -0.6157881322150581
128 129 -0.43514074473408254
129 159 -0.7430744084250277
129 130 0.13765663449072324
130 160 2.4346561008347174
130 131 1.0385427152941238
131 161 0.518903822548388
131 132 1.7604280355064084
132 162 0.5836797859077266
132 133 -0.09714667884966428
133 163 0.6709336623672424
133 134 0.4932547311192941
134 164 1.0137873545222456
134 135 -1.1266311890252678
135 165 0.8590996022128552
135 136 -0.8206591369179743
136 166 0.46715943918240743
136 137 -0.4044215526327847
137 167 -1.308097346180495
137 138 -0.19356912865443815
138 168 -0.32592737367624386
138 139 -1.8060041593624665
139 169 -2.17118996740515
139 140 -0.07098291817961401
140 170 -1.672633481266445
140 141 0.6825413184998017
141 171 -0.3773240215630192
141 142 0.7965191269215767
142 172 1.7096516918465756
142 143 -1.1326963873199647
143 173 -1.3779637893934544
143 144 0.30870958005130167
144 174 1.222343378837833
144 145 0.44985371393854323
145 175 0.607480263382383
145 146 -1.564052169996822
146 176 0.693942778658126
146 147 -1.439865075267503
147 177 -0.586715380198097
147 148 -2.142274773435029
148 178 -0.035086442007719
148 149 -0.12814758916264976
149 179 1.0856360652166965
149 150 -1.3447474729859936
150 180 0.02277281931552572
151 181 0.5194586116254968
151 152 -0.995704787293861
151 180 0.32647496700877565
152 182 0.556987607606692
152 153 -0.23403760419159925
153 183 -0.21079774667208923
153 154 -0.6939679728116332
154 184 -0.771943846352619
154 155 2.6946135449872965
155 185 -0.30849827574025357
155 156 -1.5532506514093751
156 186 -0.6559480882136836
156 157 -1.4382375443461388
157 187 1.1896746370511053
157 158 0.3870170137111262
158 188 0.3141950464821494
158 159 0.8772323556147595
159 189 1.248163372910723
159 160 2.102151685329302
160 190 0.7456687869266757
160 161 0.4528805345582021
161 191 -2.1987209675492427
161 162 0.31583451528338
162 192 0.3897191257768503
162 163 -0.25949584905942824
163 193 1.091659713418305
163 164 -1.306499735333809
164 194 0.36206092420784025
164 165 -0.09877280792211925
165 195 -0.22661264637170955
165 166 -1.1833975060349358
166 196 0.2436079053273106
166 167 0.21321138460755512
167 197 0.7995405901035384
167 168 -0.05868007981428695
168 198 -1.0978405274691023
168 169 -0.022728717011616148
169 199 0.23434151478458348
169 170 2.234485206757286
170 200 0.41933741988054574
170 171 -0.006732083244454944
171 201 0.44529394715115456
171 172 1.1521146329097887
172 202 -0.14393019212667996
172 173 -0.6698800000339608
173 203 0.2070877381746405
173 174 0.4453485181190576
174 204 -0.7237854247029128
174 175 0.8434297489098086
175 205 -0.23283419092076216
175 176 -2.52222984375143
176 206 -1.676162021214757
176 177 2.541329542836638
177 207 -0.868607295046542
177 178 -0.5417688257592942
178 208 -0.5160257927532919
178 179 -1.163760082501226
179 209 0.2841839022658701
179 180 -0.6332814129086243
180 210 -0.5388684868977703
181 211 0.10448023984640775
181 182 1.0084786465310582
181 210 0.7229434344356354
182 212 -2.0731356890974006
182 183 -1.7017416274146666
183 213 -0.39474379795637377
183 184 -0.1944646374605107
184 214 -0.177046091748589
184 185 0.1626088351060165
185 215 -1.7820086394096388
185 186 0.8153343812224794
186 216 1.0460947955584559
186 187 1.1374775285461005
187 217 0.17660878240017344
187 188 0.8161559460453276
188 218 0.896948188378096
188 189 -0.5051257070660388
189 219 -0.5823678983600428
189 190 0.3194746947647534
190 220 -1.0038354329964212
190 191 1.3203584957133974
191 221 0.40866330865864214
191 192 -1.2215924535558986
192 222 0.5636358607979904
192 193 -1.8058799497328883
193 223 -0.40709624518231746
193 194 0.010802948788927775
194 224 -1.8057082710590289
194 195 2.0946743817560787
195 225 0.53329359298176
195 196 0.11977521114827581
196 226 -0.018603083590700113
196 197 1.5837054681904437
197 227 -0.4128414191623182
197 198 -1.0448018271501498
198 228 -0.45135971962493804
198 199 0.7139617178135937
199 229 0.8487305561271195
199 200 -1.4384029886509349
200 230 0.7271014523724622
200 201 -0.2589446188448555
201 231 -0.07687728896326236
201 202 -1.5490546412050683
202 232 -0.4911674999223591
202 203 -0.7445509707102712
203 233 1.903072624232063
203 204 -0.3979576723114391
204 234 -0.31058357246427126
204 205 1.3974052341393415
205 235 1.9454082277042362
205 206 0.730604607199693
206 236 0.20177117801992406
206 207 1.0934864049472555
207 237 -0.015079574878797294
207 208 -0.7521455607650636
208 238 0.8369173810868591
208 209 0.5905390035385997
209 239 -0.800960555361082
209 210 -0.16730345470088376
210 240 0.6211359171648598
211 241 -0.5817782782992426
211 212 -0.2268992982957988
211 240 -0.4688627145538097
212 242 2.6138885233993876
212 213 -0.0749602817592618
213 243 0.6764790653893203
213 214 -1.0318072794733615
214 244 -0.32944732552263334
214 215 0.7648149107115781
215 245 0.729580713458957
215 216 0.07442217940237884
216 246 1.1824231320737197
216 217 -0.14525657530361935
217 247 -0.8314380035596374
217 218 0.5210129482087039
218 248 -0.0440362887003044
218 219 -0.10194368127285014
219 249 -1.0441301394976217
219 220 -0.14416877633213304
220 250 -2.2465147749766086
220 221 0.11976960824859087
221 251 -0.8722559154176242
221 222 0.7391157354377663
222 252 0.1357517044785343
222 223 -1.200946854502663
223 253 -1.3238655321020685
223 224 0.6246178404542574
224 254 -1.8397393328537193
224 225 0.4203923215649263
225 255 0.7129442865086882
225 226 0.13680298484265227
226 256 -1.2099112462843225
226 227 -1.4160964693652152
227 257 0.8870122517352333
227 228 -0.409621779756741
228 258 0.19815695171552636
228 229 -0.3445953244588201
229 259 0.9594076504312246
229 230 -2.454813187978166
230 260 0.49155482222756475
230 231 1.3219347334150249
231 261 1.3854399961591823
231 232 0.38326323701521
232 262 -1.1331457349051985
232 233 1.0071206238063048
233 263 -0.9123957237363086
233 234 -0.020443582179955507
234 264 0.41262915616261536
234 235 -1.1320121542565729
235 265 -2.459266086190937
235 236 0.9036999801774985
236 266 0.13444171067210883
236 237 2.5454664118608896
237 267 -0.8898909023990152
237 238 -0.4526494235139857
238 268 -0.5291841110202349
238 239 -1.1580583525628185
239 269 1.2741707375014095
239 240 0.8180321023152061
240 270 0.03650700859394586
241 271 -2.9535214306338755
241 242 0.46606017483453493
241 270 -1.230717144501722
242 272 0.8916448033947411
242 243 1.0341261843280336
243 273 -1.1675018344180457
243 244 -1.5946227770654482
244 274 -0.06320679494422725
244 245 -0.3118351914634265
245 275 -0.5304178502312651
245 246 0.6068123598562084
246 276 1.0746982642651892
246 247 1.1361175768670344
247 277 -0.12378232940809292
247 248 0.8509320926633741
248 278 0.7162763824908538
248 249 0.1117429815183416
249 279 0.27604015804236315
249 250 -0.028694783480760093
250 280 -0.026692020294972828
250 251 0.078114156944141
251 281 0.15304385759626477
251 252 0.8635095033453266
252 282 1.978864185552838
252 253 -2.4214381566250163
253 283 0.18808412715381317
253 254 0.20978053554144616
254 284 -0.7754559406761242
254 255 -1.0743741420336843
255 285 -1.4656735363321696
255 256 1.1607857909616195
256 286 -0.8925765868034596
256 257 0.8154762315007845
257 287 -0.8056398607990912
257 258 -0.199554847948405
258 288 0.5136043706846207
258 259 0.6022414881762788
259 289 -0.8630070582997408
259 260 0.3346211811749363
260 290 -0.16733473953148045
260 261 0.21992818250441407
261 291 -0.04742067355563073
261 262 -1.3037996470275102
262 292 1.3734453551787635
262 263 0.5430157197236328
263 293 -0.13410201201792318
263 264 -1.4550476742720224
264 294 -0.15494242365173594
264 265 0.46677324190411146
265 295 1.8286185026784971
265 266 -0.12796081478018742
266 296 -0.7693941480879938
266 267 0.7576486480029081
267 297 1.519626025993634
267 268 -1.950759481562367
268 298 1.0380792338510894
268 269 -0.054754346981443755
269 299 0.208927132398211
269 270 1.1839532821477272
270 300 0.29242419929123686
271 301 0.7831452248254672
271 272 -0.8213734162748265
271 300 0.764636892131649
272 302 2.112250831680911
272 273 2.5586279755001082
273 303 0.014605874583885022
273 274 -0.9619645997595682
274 304 0.47292345568703653
274 275 0.3055328681351887
275 305 0.0025697675029377597
275 276 -0.29308098672497185
276 306 -0.3001470534375379
276 277 -0.5619984885074006
277 307 -0.02337902472848231
277 278 0.749463065872612
278 308 1.923578375907374
278 279 -0.7373537125900749
279 309 -0.6077962083316242
279 280 -0.306476579864699
280 310 0.6316745862799529
280 281 0.3706965713891061
281 311 0.9550086619485265
281 282 -1.2263512573420468
282 312 0.0710485613035419
282 283 -0.29943251137325605
283 313 -0.5535685919802654
283 284 2.5910101110220554
284 314 -1.2627541497091042
284 285 2.0941500872731877
285 315 0.2816108306517283
285 286 0.35803710224536106
286 316 -1.0668027895666383
286 287 -1.3620347952572138
287 317 0.9362505519925108
287 288 1.3423242651949814
288 318 -0.7510981375665178
288 289 0.29967266020175987
289 319 1.1497962147010987
289 290 0.42699752732386986
290 320 0.8776322472110489
290 291 0.25345408462638
291 321 -0.8358879234178394
291 292 3.2551230568325855
292 322 -0.12307896654768262
292 293 -0.8535560909443451
293 323 -1.2859389494183449
293 294 0.9850992143167245
294 324 -1.4596957300637832
294 295 -1.5199676330001954
295 325 0.14198968754686844
295 296 1.5313406996074552
296 326 0.7764680808492561
296 297 -1.412143264113433
297 327 -2.5323144267576905
297 298 -0.38238232157803503
298 328 -2.4913829269316987
298 299 0.8797410125768944
299 329 -1.8235379094770814
299 300 -0.6812954692272554
300 330 -0.9274848371495832
301 331 1.2470408060696527
301 302 0.4178133915217279
301 330 3.00373164717129
302 332 0.5992177135169692
302 303 0.924064465772832
303 333 0.4887383671871934
303 304 1.6972411877002798
304 334 -0.5806446157711543
304 305 -0.9089690608600098
305 335 0.4655096259958673
305 306 0.6840301578685967
306 336 -0.04571554493712898
306 307 -0.5808017077385356
307 337 -0.3509295214949366
307 308 -1.947721264813107
308 338 -1.614294797934317
308 309 2.16186155033442
309 339 0.25778507083839497
309 310 -1.4470746574045836
310 340 0.7253832988478945
310 311 -0.18121521737977087
311 341 -0.23547462461517882
311 312 0.5396781011384649
312 342 -0.7922539242329847
312 313 0.9305331864697354
313 343 -0.44153460978617753
313 314 -0.21234851561624596
314 344 0.06981447264318115
314 315 0.328077641361701
315 345 0.49002439696279904
315 316 -1.89104690321735
316 346 -0.6074177641017022
316 317 1.055929257834253
317 347 1.6355242459854784
317 318 -1.1795545156995733
318 348 0.011439410984360297
318 319 -0.023737395697132558
319 349 -0.44915170040143615
319 320 2.011735038618991
320 350 0.8976041184047439
320 321 0.9434863470146386
321 351 0.07421653505940493
321 322 2.128678317408487
322 352 0.7564445042075557
322 323 -0.6194248233340834
323 353 -2.222208245902445
323 324 -0.8957779877270554
324 354 1.8194187718630324
324 325 0.1425147668556033
325 355 2.2413594671103914
325 326 0.626220312158539
326 356 -0.8414779393012907
326 327 -1.2771164609901233
327 357 -0.7508021508285092
327 328 -1.63466190420735
328 358 -0.03740683961894585
328 329 0.059659776748304916
329 359 -1.0050154680899748
329 330 1.098088025893469
330 360 0.12515385494157974
331 361 1.50675415240323
331 332 -3.1869994467679295
331 360 -0.3221855027613626
332 362 -0.421856485239071
332 333 0.5326284708876311
333 363 -2.144357760834679
333 334 -1.644064163392918
334 364 -0.5099157278075104
334 335 -0.05006004759477382
335 365 -0.596899727881441
335 336 0.2795686504683671
336 366 0.7463872764466554
336 337 1.575314537373163
337 367 -0.6399268833031256
337 338 -1.4107186648954515
338 368 -1.7837040334770033
338 339 0.7689900870524135
339 369 0.014081705417372083
339 340 0.7889315242601167
340 370 1.9725171737185567
340 341 0.6732300087406189
341 371 -0.6665132659245637
341 342 -0.7113195723662518
342 372 -0.33108556220219404
342 343 -0.3232139554021968
343 373 1.3073157432964702
343 344 0.7636491794995963
344 374 0.20973002034337207
344 345 1.5783175062119035
345 375 -1.0077669360282804
345 346 -1.0456904606139754
346 376 -0.10353274404317764
346 347 0.2525885139185235
347 377 1.2003563091928522
347 348 0.6895853297468252
348 378 2.533929134399193
348 349 -0.5061169100074373
349 379 0.13716387068195923
349 350 2.010584699955557
350 380 0.4032306105666365
350 351 -0.1106489184038217
351 381 1.4278500224020445
351 352 -1.162607075958946
352 382 1.1599464442015883
352 353 1.3905495482460737
353 383 1.1418928771798584
353 354 -0.4863183562764863
354 384 0.2100784824089579
354 355 0.5722595171735676
355 385 -2.95488664403698
355 356 0.38524006277735695
356 386 1.5432927468513014
356 357 -1.3810078897010596
357 387 0.7473134520243758
357 358 -0.9207662576087995
358 388 -0.47855158990442487
358 359 0.7948123774168032
359 389 0.8896086889062809
359 360 0.31801068186142334
360 390 -1.4572694494268335
361 391 0.16082328191322626
361 362 -1.8392498257397072
361 390 -0.4491169117823438
362 392 0.7825846880073969
362 363 0.9978046453771044
363 393 0.2507994277496819
363 364 0.04608077705738169
364 394 -0.4995980985304022
364 365 -0.7671486226169589
365 395 -0.23612275116009243
365 366 -0.6928325839831648
366 396 -0.1896943523982757
366 367 0.6857285457117019
367 397 0.19385116511718567
367 368 1.0727651148489783
368 398 0.7463402776130569
368 369 0.38562373174001746
369 399 -0.5184166862271944
369 370 0.6219110470792313
370 400 -0.21117649239763878
370 371 -0.14147721433065133
371 401 -0.9591835926245146
371 372 -0.6354816959918659
372 402 0.9360209042064491
372 373 0.3194964747575184
373 403 0.1300877786108954
373 374 0.4583291676330687
374 404 -0.7204385032789955
374 375 -0.4142799296267543
375 405 1.4212149419315185
375 376 -0.669745138259403
376 406 0.7242256513171145
376 377 -0.7528498228855267
377 407 0.41981495465801455
377 378 -1.7549872678369713
378 408 0.5911656972790003
378 379 -0.9278871718569982
379 409 0.38348825961462507
379 380 0.14014659310012553
380 410 0.8369392903067666
380 381 -0.12116964136697311
381 411 0.1559738898146526
381 382 0.7772593042789064
382 412 0.5931679753491435
382 383 1.3248455027120956
383 413 0.05087385757583471
383 384 -0.15478602310026435
384 414 1.476516024436307
384 385 0.2550780747105247
385 415 -0.6411504585513036
385 386 -0.37512947849275224
386 416 0.9526401400224492
386 387 -0.12439564417112069
387 417 1.0740955685358016
387 388 0.7540465957929038
388 418 1.0960351493966929
388 389 1.2316275499535714
389 419 1.5141422725191624
389 390 0.45130781327851177
390 420 0.2604087000869429
391 421 -0.855381788524644
391 392 0.1479845955409772
391 420 -1.6499101933486366
392 422 -0.2556849579127948
392 393 0.670126765006399
393 423 -0.33803118435825935
393 394 1.2878887502615752
394 424 -0.7894716323418838
394 395 -0.10032935471455486
395 425 -0.6833539620836137
395 396 -1.299828788656909
396 426 -0.4778643451332182
396 397 0.450032645565101
397 427 3.4583769514472533
397 398 1.3073363105181524
398 428 -1.1654832466864142
398 399 2.7049365230905473
399 429 -1.560737082344451
399 400 1.106421787002751
400 430 0.8094091171416453
400 401 0.2826625313800072
401 431 -0.20941869098753849
401 402 -1.688034019773768
402 432 -0.2319900548662712
402 403 -0.19150191802965882
403 433 1.235970007884291
403 404 0.9250256468369558
404 434 -1.897879706178285
404 405 0.6087612385561985
405 435 0.8261298043427588
405 406 -1.8429109256612806
406 436 -0.22964983634918076
406 407 0.9387876810692839
407 437 0.8313714890998495
407 408 0.09720691799756155
408 438 -0.9689734782904069
408 409 1.423849930877339
409 439 2.4867286034817613
409 410 1.0442151831199606
410 440 -0.01872872162916015
410 411 -0.725795454074029
411 441 0.728888385667866
411 412 -2.1676436786146662
412 442 -0.5041721001368693
412 413 1.1940920497577732
413 443 -0.5822821658214371
413 414 -1.1456230100518536
414 444 2.105454439095893
414 415 0.03279545424528133
415 445 0.5317965571874055
415 416 -1.4346215586004352
416 446 -1.2485595470144173
416 417 -0.3392791430349026
417 447 1.1687505583149589
417 418 1.4114733211976853
418 448 -0.7547521923435164
418 419 0.5134339946954667
419 449 0.31792364660086897
419 420 1.8660758310221497
420 450 0.642145759426305
421 451 -0.33532598968280525
421 422 1.9664805750746688
421 450 -0.5654655855999925
422 452 0.5092856408538842
422 423 0.6819864232270815
423 453 0.9158183490250417
423 424 1.761589445631882
424 454 0.4343421796832438
424 425 1.2408521948438727
425 455 0.9945946183840927
425 426 0.6842455153055954
426 456 -2.257052256698974
426 427 -0.7857045536800962
427 457 2.068254664050711
427 428 1.4360296190625075
428 458 -1.3480827531682884
428 429 0.5599739367265961
429 459 1.8636788507097448
429 430 0.21285422648174235
430 460 0.8275269262242366
430 431 2.479043031559114
431 461 0.7817962519790915
431 432 -1.326852669340347
432 462 -0.4979644692077132
432 433 -0.7225683356362697
433 463 1.1051605284168955
433 434 -0.5581272301755664
434 464 -1.8809681321314122
434 435 0.44503399351514533
435 465 2.2122436464897954
435 436 -1.2428494542587178
436 466 1.0150397506552524
436 437 0.696620070571912
437 467 -1.417530335037553
437 438 -1.0145206618973963
438 468 0.1866133176919746
438 439 0.5006784399959386
439 469 -1.3234040737722248
439 440 -2.08057000614444
440 470 -0.17305634004734535
440 441 -0.75112776372939
441 471 0.18491147449499676
441 442 -1.8246520199943206
442 472 0.42013320268935167
442 443 -0.5556315566016226
443 473 1.6712046973127017
443 444 0.39351861762189166
444 474 2.0892454129947264
444 445 0.1676428735714966
445 475 -0.1296133012252501
445 446 0.5369198880386601
446 476 -0.46487819325594404
446 447 -0.143035312471034
447 477 -1.4214765230516704
447 448 0.10202572275285636
448 478 0.12716981696561194
448 449 -1.0011786918201397
449 479 -0.4012768157473014
449 450 -0.4327110027741364
450 480 -1.015660831459312
451 481 -0.22777592973778804
451 452 -0.5722409245024321
451 480 2.1235457187426627
452 482 0.08997898759031162
452 453 0.6869812118943972
453 483 0.7696901394583634
453 454 0.07513394150935998
454 484 0.4362201030366993
454 455 0.8500794665269573
455 485 -1.2715893068913378
455 456 0.5639180395422332
456 486 -0.23148443524458084
456 457 0.13812666113142794
457 487 -0.0002208644109120242
457 458 1.9356161239025613
458 488 0.013576532858495487
458 459 1.6339292833539947
459 489 -0.3139341316496144
459 460 -0.6241950145674472
460 490 -0.5433712902837369
460 461 1.1810492336425968
461 491 0.5587498259479452
461 462 0.4542624126169229
462 492 0.18913891024727864
462 463 -0.3134268894332191
463 493 -0.088651694788422
463 464 1.1890024918363198
464 494 -0.9899167233789663
464 465 0.7262209417842042
465 495 0.35538449280826256
465 466 1.499593054547912
466 496 0.004495789882392348
466 467 0.10957821135080001
467 497 1.2078042587761075
467 468 0.2355756563707677
468 498 0.00782744459038065
468 469 0.2117360931285172
469 499 -0.8334655780920066
469 470 0.21242717238109785
470 500 0.13742197029506945
470 471 1.9146384268509875
471 501 0.7266922265564815
471 472 1.637163725054951
472 502 0.4093785854695042
472 473 -0.4508085226133962
473 503 -0.7947394136066496
473 474 2.28874172135547
474 504 0.36650813534501797
474 475 -0.5589897319029168
475 505 0.7626223905440223
475 476 0.49200176408359386
476 506 -0.42086061519639273
476 477 -0.6673039760386269
477 507 1.6231034786538068
477 478 -0.8165229987785584
478 508 -0.08941801417121172
478 479 -0.3805053519937937
479 509 -0.8060572858614212
479 480 -0.0889313494760799
480 510 -1.4329777909665633
481 511 -1.1567421778461748
481 482 -0.013848550543123726
481 510 0.555760401652679
482 512 0.7115123410492149
482 483 2.304578404038383
483 513 0.1418096623867614
483 484 0.6060953473745082
484 514 0.47035441496794744
484 485 -0.5411813983663682
485 515 1.4566057408678164
485 486 -0.23190899926785108
486 516 -0.44015260970107073
486 487 -0.4955381951456044
487 517 1.0367003615884718
487 488 0.6305236304295363
488 518 0.5035335338447833
488 489 1.4594124935054116
489 519 2.025749249295728
489 490 -0.26884371942617724
490 520 -0.7149600148101867
490 491 0.4453783405118759
491 521 -0.10289354899337497
491 492 1.0739817300845427
492 522 -0.6843430039562226
492 493 0.9851044505843547
493 523 -0.9763613125976619
493 494 -0.8216805877723965
494 524 -0.40733325984347346
494 495 1.0784288721935646
495 525 1.9696096738597393
495 496 -1.5425083717993358
496 526 0.37789624453313214
496 497 0.19319086455229406
497 527 0.5073384828531597
497 498 -0.13713245629075532
498 528 -1.3496530552548824
498 499 -1.5058476015388689
499 529 1.0078774748555361
499 500 -1.904290119894574
500 530 0.9233570078226159
500 501 -0.6595567690629788
501 531 1.2115480231305265
501 502 -0.9870919098448416
502 532 -0.9155626791831498
502 503 -1.2390279839381464
503 533 -0.024440891109280757
503 504 -0.7440877304193219
504 534 1.6887794461427015
504 505 -1.4393259490713137
505 535 -1.421286024327024
505 506 -0.884546031523311
506 536 -2.8991087622453295
506 507 0.5704175856570388
507 537 1.711949156147598
507 508 0.07720563295939219
508 538 0.16045661628562063
508 509 -0.2448173221839535
509 539 0.43925197380233555
509 510 -0.9372382288231862
510 540 0.4834758166926259
511 541 -1.5567084700670895
511 512 -0.4834366390948796
511 540 0.5949627223648926
512 542 -0.43060846488283616
512 513 1.1110327533313982
513 543 0.5591275578317743
513 514 0.13866766747136733
514 544 -1.5295196487710312
514 515 -1.3899736942929581
515 545 0.08177661473819822
515 516 0.3636225095543252
516 546 0.10971494285931649
516 517 1.7653529479283305
517 547 -0.9219893098422737
517 518 -0.06239060092198724
518 548 -1.6493416328996575
518 519 0.7144409112730378
519 549 0.5510607377543872
519 520 -1.644318341803151
520 550 1.9307373855652734
520 521 -1.6605254549799227
521 551 -0.8456359970990007
521 522 -1.1484288009885837
522 552 1.4110437387833883
522 523 0.1307077518937554
523 553 1.0447418633028283
523 524 -0.33049774775358726
524 554 0.11292355216034197
524 525 -0.8493168100336749
525 555 -1.5185004772468456
525 526 -0.0490687478678935
526 556 -0.5168176194259794
526 527 -2.247666581311001
527 557 -1.9340881561228707
527 528 -0.9359248129477428
528 558 -0.11472804560713505
528 529 -0.6813662477359292
529 559 -0.8607091485918683
529 530 1.0909446016268896
530 560 -0.031179302849616022
530 531 -1.2538482328626976
531 561 1.2189718370040352
531 532 0.30141396788792135
532 562 1.6045588867114164
532 533 0.8229097087716908
533 563 -1.013822529984754
533 534 -0.5881940334746357
534 564 1.0986897162934648
534 535 -1.0412606667891795
535 565 -0.8531511739921043
535 536 -0.04897610667232672
536 566 -0.3266017955534883
536 537 -0.9152972444127861
537 567 0.09414620158700408
537 538 0.09652313254591256
538 568 -0.3630063672823593
538 539 0.5889308897400498
539 569 0.2877759896568779
539 540 0.6279252210770512
540 570 -0.5175756822027682
541 571 0.03747787984686461
541 542 0.17771240451474207
541 570 0.6543182379110029
542 572 -0.3015119903993269
542 543 -0.01018121430870795
543 573 -0.33549861533487213
543 544 1.2190097535997781
544 574 -0.36860812168367146
544 545 -1.2454170902868835
545 575 0.2290451608717172
545 546 1.1364505029569283
546 576 -0.17704324243827435
546 547 -0.36227593300866184
547 577 -0.5191512737070314
547 548 -1.5371499628474605
548 578 0.012379010003913981
548 549 -1.4880271492698753
549 579 -0.4419808135037809
549 550 0.3067428725367906
550 580 -0.4370131900991502
550 551 0.29321434514269856
551 581 -0.033064432754500765
551 552 -0.5251445721954898
552 582 -1.0350639948480855
552 553 -0.8212524388498555
553 583 0.4794013754030988
553 554 -0.4712192802893685
554 584 -0.3193493562714308
554 555 -1.0650172132374773
555 585 1.0684898418582243
555 556 -0.4610942230376665
556 586 -0.05915887335192758
556 557 0.1683345179694002
557 587 -0.5716906040153628
557 558 0.17096257430744344
558 588 -0.8773387631416953
558 559 -0.09241001648132705
559 589 -0.3580838362783664
559 560 -0.2815838586722251
560 590 0.7990732659414347
560 561 -0.2974284672307935
561 591 0.9543836802872401
561 562 -0.6955087237240498
562 592 0.7997835185268913
562 563 1.0872263534216449
563 593 0.6600020451449593
563 564 1.0067306831733553
564 594 1.2889098650149826
564 565 0.26083327151007457
565 595 -0.2908244990270837
565 566 1.239102456278755
566 596 -0.5674203557887268
566 567 0.3065042027948307
567 597 0.5416688125063981
567 568 -0.9720113592269951
568 598 -0.8563580112423491
568 569 0.1180254482318584
569 599 -1.1999728906323168
569 570 -0.7579983892289034
570 600 -1.1526755589834345
571 601 -0.2823785656090388
571 572 1.5881366112927944
571 600 -0.021140303921785532
572 602 -0.4726706394640877
572 573 -0.5424221020427603
573 603 -1.2415099873389688
573 574 -1.6180264525080879
574 604 0.5191342686243343
574 575 -1.0731180771798743
575 605 -1.0223960196745505
575 576 0.30107400653319677
576 606 -0.4049318089468684
576 577 -1.18854505380703
577 607 0.4107564819792632
577 578 0.4983761308648513
578 608 -0.7826472361837473
578 579 -0.09508011768696419
579 609 0.11361426316555212
579 580 -0.4780338706281713
580 610 0.8950595424758427
580 581 0.23024296271168626
581 611 0.10211744321486164
581 582 -0.611591939205114
582 612 -0.35419249222272403
582 583 -0.9434199413537694
583 613 -1.0454419901387024
583 584 0.5878535037385533
584 614 -0.5798920992185036
584 585 1.1119091850798322
585 615 -1.459809517128466
585 586 2.499416956561613
586 616 -1.9021811451317572
586 587 0.0036953522580439814
587 617 -0.6315787748195205
587 588 -1.6903999123987634
588 618 -1.6253259608326116
588 589 -0.28322357756394795
589 619 -0.09367075776848116
589 590 -0.6808035553921883
590 620 -1.4014541573957882
590 591 -0.896978115624798
591 621 -0.8614874924764989
591 592 0.012181168039661986
592 622 -1.2208230451330069
592 593 -0.5442571827118099
593 623 0.0010197593326789548
593 594 -2.026213759322827
594 624 -0.048307459210951524
594 595 -1.1441615864461276
595 625 0.6765618917155107
595 596 0.23003482453498775
596 626 -0.017234455185884404
596 597 -0.1554921548706802
597 627 -0.023070405445217265
597 598 -0.9040241204608471
598 628 1.2923687861349544
598 599 -0.01626794427553447
599 629 -0.9656386655884035
599 600 -0.27774437663132356
600 630 -0.11689154333685306
601 631 -1.207781654886604
601 602 -0.970971947044734
601 630 -1.3286552758249535
602 632 -0.8755045620261873
602 603 0.4923880593129316
603 633 1.3237296552751592
603 604 -0.4917890292855488
604 634 -2.29285296707868
604 605 0.8315404916022666
605 635 0.1156869715170485
605 606 -0.9049970456119086
606 636 0.4711414320962034
606 607 0.5393863770981646
607 637 1.4338648024138159
607 608 -0.39736365486212766
608 638 0.31609490001022444
608 609 -0.5510149046829764
609 639 0.25469974783279303
609 610 -0.5818468340154075
610 640 -0.3949880285490987
610 611 -0.20402628329973813
611 641 0.1409514666222309
611 612 -0.3209774717562774
612 642 -0.4445011639515884
612 613 -0.5209217677089076
613 643 -1.2511750631681293
613 614 0.5424741078940667
614 644 0.22881487833440767
614 615 -2.0231777143371503
615 645 0.815966206900153
615 616 -0.7387649178877289
616 646 0.8694564900414445
616 617 -0.2209519152259018
617 647 0.6802400191172261
617 618 -0.06033452683987724
618 648 -0.7399934909801165
618 619 -0.5336979018697722
619 649 -0.381939266852543
619 620 -0.2781527795607766
620 650 0.945618594554877
620 621 0.6774744830290487
621 651 0.471968937386012
621 622 2.0586203666532974
622 652 0.1731395354048879
622 623 -0.6305837274414271
623 653 0.46755376146824323
623 624 -0.8771700960270474
624 654 -0.9258155115558028
624 625 -0.3425606468567766
625 655 1.7394332000562456
625 626 2.4297513948941147
626 656 0.5444788771911443
626 627 -0.31558058430377317
627 657 -0.5389430120723482
627 628 1.4885474229503572
628 658 1.3373726980468645
628 629 0.49108578109322065
629 659 0.038577395307358285
629 630 0.19487571736267206
630 660 -0.6095690544217273
631 661 -0.3786730016829034
631 632 1.1434753537922184
631 660 -0.8827565059819704
632 662 -0.2536270378676492
632 633 1.0161559923399526
633 663 2.139913885819554
633 634 0.35379755056725726
634 664 0.7534472274706816
634 635 0.30334581677815065
635 665 0.7176689635327299
635 636 0.18877664816558798
636 666 -1.4857812280445448
636 637 -0.15491905881500265
637 667 0.8525977965499287
637 638 0.08666883618527696
638 668 -0.6354134668184145
638 639 1.1158963492558978
639 669 0.6492539678083611
639 640 -1.6851415794290612
640 670 0.2851006696885138
640 641 0.23655715915246261
641 671 0.8049556248262265
641 642 1.956739173117875
642 672 1.0949894840645666
642 643 0.8177498477382438
643 673 -0.6692535683739456
643 644 1.0075433635699844
644 674 0.9209202493816439
644 645 0.41198756302506184
645 675 0.08084185547167365
645 646 -1.112100944851286
646 676 -2.078523804235237
646 647 0.366065689831863
647 677 -2.0459585590381315
647 648 0.31347297276453207
648 678 0.5063024774036087
648 649 0.9774548577293724
649 679 -0.2942205897200694
649 650 -1.6557346435526779
650 680 0.21518077464320273
650 651 1.9966605876333112
651 681 0.5683802031019878
651 652 -0.510956743219929
652 682 -0.9850329052036664
652 653 1.778225711364961
653 683 -0.6850680114094257
653 654 0.3288633850473153
654 684 -1.6917059190122903
654 655 1.0248268323198588
655 685 0.10878238245019951
655 656 0.20759845192633922
656 686 -1.2871213992031572
656 657 0.48905328822426036
657 687 -1.2008311606519853
657 658 -1.1418064155078278
658 688 0.6894500254355027
658 659 -0.004891418610234282
659 689 0.5402482492233038
659 660 2.9099950793112117
660 690 -1.8047711484349482
661 691 0.849557244018152
661 662 -1.2072758971546877
661 690 0.18478514199271004
662 692 0.138007500346513
662 663 0.47722024648140615
663 693 0.6676629336992677
663 664 0.15649686499103876
664 694 -0.6912424186810437
664 665 -0.14987268949241775
665 695 1.5062370130586178
665 666 -0.29635397327252483
666 696 0.04147918202025566
666 667 -1.572979498121773
667 697 1.1954698842098745
667 668 -0.5744319999238169
668 698 0.35497961673118555
668 669 -0.9475889291445273
669 699 -0.06832244831314001
669 670 1.0730060018028094
670 700 -1.2293029788769458
670 671 -0.7719656002979738
671 701 1.1392270815176404
671 672 -2.0905647931734666
672 702 -0.23256012938462073
672 673 -0.5136571856286929
673 703 0.8729664548105645
673 674 1.481085005388305
674 704 0.3738819470445988
674 675 -0.11448778673276655
675 705 -0.2269362821090083
675 676 -0.08558761669783514
676 706 -0.4978248609413924
676 677 1.1780114795410723
677 707 0.9357301313068123
677 678 0.8683794640973735
678 708 1.1079032390404295
678 679 0.3849979294771547
679 709 -1.4000262130552008
679 680 -1.7574191199023186
680 710 -1.2416238436892661
680 681 0.3040697274957045
681 711 -1.5112864401537711
681 682 -0.7879067644606119
682 712 -0.1149001422406814
682 683 0.1906038254919713
683 713 0.9278070714042249
683 684 0.307799438320278
684 714 -1.2255886477538382
684 685 -0.10529684756807849
685 715 -2.2065191543583644
685 686 -0.13535915472882903
686 716 -0.9114675354698396
686 687 -0.44583912020428396
687 717 0.3760104330420464
687 688 -0.4708311615361455
688 718 1.4659284262638705
688 689 1.5982669896879413
689 719 0.35529153075909575
689 690 1.0745781680590993
690 720 -0.5193312328812549
691 721 -1.2680703878867332
691 692 0.2561726336216762
691 720 0.8554799510898452
692 722 -0.3116175879950077
692 693 -1.221045966731981
693 723 0.33653439627237564
693 694 -1.9227447080104163
694 724 -0.28486859930026437
694 695 -0.8864652052414239
695 725 -0.35979281145886094
695 696 -0.33542069053141016
696 726 -0.1224740160339477
696 697 -0.4698465435081462
697 727 0.43125411613743736
697 698 -0.5325198962846173
698 728 -1.0513277423961431
698 699 0.6264369004582805
699 729 0.6888572347903642
699 700 -1.1552459308658398
700 730 1.7640303643998099
700 701 0.05501428444938665
701 731 -0.12472989326052389
701 702 -1.0273939043427143
702 732 0.05875944200714672
702 703 2.316219900774389
703 733 -0.2410348121127035
703 704 -1.2802903526977154
704 734 -2.78980198737459
704 705 0.382490975862293
705 735 -1.5292189610952638
705 706 -0.7457729679472267
706 736 -1.3123016047856586
706 707 0.0037005756520018217
707 737 -0.4080452786830778
707 708 -0.226163105469071
708 738 -0.7893219359802225
708 709 1.6884449209790735
709 739 -1.0155414896998554
709 710 1.964085661763715
710 740 -2.2407229912991378
710 711 -0.6939526358419632
711 741 0.24709331369357249
711 712 1.9157520488197226
712 742 0.6245152280764876
712 713 -0.14731584410385534
713 743 -0.373642739464375
713 714 -0.6058322282152715
714 744 -0.17655268988509115
714 715 0.5067840695401188
715 745 0.02509695042167191
715 716 -1.9971730581093563
716 746 -0.5397385845513352
716 717 0.6965609011209264
717 747 -1.5234752852638431
717 718 -0.6432325725623799
718 748 -1.2741129869485501
718 719 -0.42371601169531087
719 749 -0.6784598549084794
719 720 -1.0830200028910566
720 750 0.4317056934643097
721 751 0.9234309187163029
721 722 0.13099131503740477
721 750 0.5868690624658486
722 752 0.15451981214516983
722 723 -0.9333390395129968
723 753 -2.096958753880118
723 724 -0.1237519430703491
724 754 -0.39565570630521407
724 725 0.1780422273375161
725 755 0.46399741283994805
725 726 -0.7390047552987166
726 756 0.5039260528052375
726 727 -1.1197678717549298
727 757 -0.5933628008697012
727 728 0.5991205325571819
728 758 0.7112169405576952
728 729 0.9589799598574572
729 759 1.366946167308203
729 730 0.45813854135935345
730 760 -0.8041453207381818
730 731 1.5073687036552306
731 761 0.23716464043218732
731 732 -1.4755577003133526
732 762 0.2645280799126486
732 733 1.1058458743948871
733 763 -1.5820941211367703
733 734 0.3157340792930964
734 764 -0.8819036739958107
734 735 -0.01571662549573996
735 765 0.6974509559266685
735 736 -1.573321207702475
736 766 -1.7937407312204987
736 737 1.721075568782921
737 767 0.45443908476581946
737 738 0.9834727312283648
738 768 0.6590072301517405
738 739 -1.2263380920309896
739 769 -0.19010558151995863
739 740 0.08263572582015755
740 770 -1.558203668465442
740 741 -0.1362339827384842
741 771 0.9008543459683209
741 742 0.6671241612689387
742 772 -0.37769195625197394
742 743 1.1019403076840595
743 773 -0.24971538393601606
743 744 0.8520214477348825
744 774 -0.2347048787347501
744 745 0.09249633804159337
745 775 0.9761710582070944
745 746 1.5037157969886896
746 776 0.004599646806675376
746 747 0.16469555167749508
747 777 0.6638829583169444
747 748 -0.8414034447644738
748 778 -0.6278950110514862
748 749 0.191014875254191
749 779 0.0972311318720746
749 750 -0.008228779130575006
750 780 0.2589509577395319
751 781 -2.184692032154553
751 752 0.9551603328601157
751 780 -0.4827262264813284
752 782 1.1430254339950454
752 753 0.1563017488321583
753 783 0.7408601675073717
753 754 0.7007213054756185
754 784 0.7915748703814627
754 755 -0.36997308468766127
755 785 0.1162927268371335
755 756 1.1162501503864268
756 786 -1.433635656825052
756 757 -0.5050740908310029
757 787 0.9849211953755707
757 758 -0.28467692218097096
758 788 1.260207347933124
758 759 -0.4127557360046277
759 789 -1.9829499868113725
759 760 0.5480197279462424
760 790 -1.0121203658676858
760 761 -0.07300177527270142
761 791 0.5705599510309278
761 762 -1.9196361344810635
762 792 0.013038957188269031
762 763 0.4491969408327222
763 793 1.0690318755902466
763 764 -0.0992857148853712
764 794 0.5655083933822644
764 765 -0.7721427344618181
765 795 1.8410700200080659
765 766 0.837989973033538
766 796 -0.3839608948219222
766 767 0.20057537936831046
767 797 0.21503554911974507
767 768 -1.409798669743826
768 798 -0.6915219985449593
768 769 0.6196763948567967
769 799 1.4479890784139724
769 770 0.032038087742446215
770 800 -0.05477656246495397
770 771 0.603014850424484
771 801 0.2607205130273894
771 772 0.8248919956464272
772 802 0.5135076117757662
772 773 -1.4379712185157758
773 803 1.262807838735663
773 774 0.643802706568901
774 804 -0.019788024029687018
774 775 0.3554284264797349
775 805 0.5546446039544299
775 776 -0.17590036344309085
776 806 0.7242171859883975
776 777 -0.9596730659542264
777 807 0.3444315616936627
777 778 0.3244741805162343
778 808 -0.26638205032082213
778 779 -0.27429736988331394
779 809 2.4914009303969387
779 780 -1.730689017527201
780 810 2.1279505007134154
781 811 0.5096085871272175
781 782 1.437515904385465
781 810 -0.486110300872575
782 812 -0.21227416789681766
782 783 2.581650438406213
783 813 -0.031963660341343125
783 784 -1.2333372712832793
784 814 0.3498026684417211
784 785 0.8821037443601147
785 815 -0.8833726103087628
785 786 -0.9308839668475243
786 816 0.35883924981855353
786 787 0.45747729543934956
787 817 1.4670128946649004
787 788 1.3819585701594965
788 818 0.5889158984325467
788 789 -0.9485033199255064
789 819 -1.1274954463421818
789 790 1.787532201109095
790 820 -0.0976497719555876
790 791 -1.3719502001223496
791 821 -0.12001961282984527
791 792 2.1466607064738277
792 822 0.05178068118010164
792 793 -0.8645245586114724
793 823 -0.5829210706658821
793 794 2.2782345139302023
794 824 1.530037562875683
794 795 -1.5968265085709903
795 825 -0.2047528842542385
795 796 0.14348866666790933
796 826 -0.4082614294068095
796 797 -0.17014254046268656
797 827 -0.6441946454747944
797 798 0.602786880139677
798 828 1.5467884270955083
798 799 -0.6942591718486081
799 829 -0.14600876804815852
799 800 -0.2915198930341441
800 830 -0.23120699649373028
800 801 0.07041298207790506
801 831 0.1132027857787064
801 802 1.570737432010031
802 832 1.0309030665403536
802 803 0.1547638849733475
803 833 0.3240024338198104
803 804 -1.402439619531095
804 834 -1.684411576647226
804 805 0.672467633747882
805 835 0.8684277224010778
805 806 1.251559591741281
806 836 0.5904821102544031
806 807 0.19563975294234592
807 837 0.4053525275858108
807 808 0.7763208437153059
808 838 -0.4022147404219749
808 809 0.1836020309231734
809 839 0.27640895050677133
809 810 -0.3870245591401827
810 840 -0.5149493026454924
811 841 0.35786278267412924
811 812 0.3801861729554822
811 840 0.16604315347868615
812 842 0.5548442704876212
812 813 1.5219003960815902
813 843 0.8307135872872231
813 814 -1.4781276067284006
814 844 1.8485510033123926
814 815 -0.040884814934912674
815 845 -1.6758103352066425
815 816 -1.4002917587299701
816 846 0.18688126551899623
816 817 0.9122465682674155
817 847 0.5809945380336979
817 818 -0.7647373767424704
818 848 -0.5547343522667253
818 819 -0.3101492341622984
819 849 0.6265574163534865
819 820 -0.3669829574131044
820 850 0.7728770825361361
820 821 -1.099763897631354
821 851 2.379599810093746
821 822 1.0574036658767778
822 852 0.33601223699935634
822 823 -0.34733323797016463
823 853 -1.1851011435097338
823 824 1.4025831252034537
824 854 -0.3507420167573757
824 825 0.5584393528316002
825 855 0.03587840257682868
825 826 1.5657167651088206
826 856 0.7679117254357642
826 827 -0.6182825119684607
827 857 -1.1540805147377315
827 828 1.1020483646435673
828 858 -0.14258256025333219
828 829 -0.39821102858655566
829 859 0.9644650055094927
829 830 -0.842465986899329
830 860 -0.28582907901206744
830 831 0.8720344279207367
831 861 0.9993082575065788
831 832 -1.073100552001236
832 862 -0.7808582236127014
832 833 0.3662855565031882
833 863 -1.0623504698342727
833 834 0.04563260896401474
834 864 1.855701566524864
834 835 -0.3404382284319388
835 865 0.6323122288347186
835 836 -1.2896979639859534
836 866 -1.4117287054001058
836 837 -0.27295095617585585
837 867 -0.46973376491548524
837 838 0.19490483998789798
838 868 0.6992781057679212
838 839 0.5769079893153631
839 869 0.4779062300235407
839 840 0.1584544597447255
840 870 1.0397420101248338
841 842 -0.6913720012797303
841 870 0.8736275182546364
842 843 0.5036534044592565
843 844 0.3919783159986477
844 845 0.6392663616464246
845 846 -0.4284788023762876
846 847 0.37503403943063846
847 848 -1.234398690131323
848 849 -1.673782154904613
849 850 0.8874036783942629
850 851 0.8272372051701713
851 852 -0.19834379219693957
852 853 0.07917027129590548
853 854 0.540905954512917
854 855 0.6998647696059348
855 856 -0.957786506250482
856 857 0.3025621068290015
857 858 1.8092014213632688
858 859 -1.2223767898952689
859 860 -0.43438181160137174
860 861 -0.057306577739000046
861 862 -1.3316788349881146
862 863 0.43650029547986574
863 864 -0.7148045209865764
864 865 -0.07059295641772896
865 866 -0.2758803820139956
866 867 1.198472144029986
867 868 0.791074454268094
868 869 -0.2554306444451104
869 870 0.8138334794985338
