900 1800
1 31 0.20220020506462028
1 871 -1.2410985801944179
1 2 -0.6946988910916039
1 30 0.8478221900238649
31 61 -0.1932672106895051
31 32 1.2635074336242025
31 60 -0.8161766243119095
871 841 -0.012453659332776059
871 872 1.0820530635220544
871 900 1.0882958175400141
2 32 0.16734234908433157
2 872 -0.2540127977791971
2 3 0.017517011615596316
30 29 1.253011817765349
30 60 0.7127914709499359
30 900 0.932504189957811
32 62 -1.0656895258076813
32 33 0.020172923630561595
872 842 0.4833989770632926
872 873 -0.9945831583541297
3 33 -2.0023941428307905
3 873 0.2695272278321478
3 4 -0.6539108974268268
33 63 -1.0739737897688302
33 34 1.2883175617013767
873 843 1.147638843460285
873 874 -0.7623122444134127
4 34 0.17724410817244565
4 874 -1.567982667913862
4 5 0.3551542332905676
34 64 -0.8457783989820863
34 35 -1.0452287380895402
874 844 0.025506781846519375
874 875 -2.059910146791448
5 35 1.6437242856708578
5 875 0.12643179570136667
5 6 0.06085926760764867
35 65 0.11451951050270205
35 36 -1.7782614787698938
875 845 -1.2716163836153793
875 876 -0.5358684424172273
6 36 -0.20684337074424844
6 876 -1.0185902180112203
6 7 1.3930236019712916
36 66 -0.6527912143854037
36 37 1.565964142183342
876 846 1.7212122647519006
876 877 -0.4943554574482797
7 37 -0.1981989171357599
7 877 1.455324506086092
7 8 -0.567527518281995
37 67 0.9211698946930853
37 38 0.9300477148653733
877 847 -0.4218479148462968
877 878 0.11061764261017727
8 38 -1.043689980527912
8 878 -1.3890939695922713
8 9 -0.4472227963114365
38 68 -1.332631641364106
38 39 -0.5619590544461459
878 848 0.5629605832528153
878 879 0.3958906642789071
9 39 -0.40625249699338173
9 879 1.1221527742334862
9 10 0.0457417288174458
39 69 -0.5226528904845138
39 40 -0.9671492723396419
879 849 1.2525662050143467
879 880 0.237017905733557
10 40 1.403759919403186
10 880 -1.248326228500218
10 11 0.12286434304231528
40 70 0.7332522160428009
40 41 -0.804879894615672
880 850 1.4475108152921559
880 881 0.8465587540365703
11 41 -1.327688228708376
11 881 1.4236717274270716
11 12 1.414727213450269
41 71 0.5438479169283279
41 42 -0.273693145836257
881 851 1.0014473855355626
881 882 -0.21950634645782918
12 42 -0.5061074819715117
12 882 -0.8405742453478722
12 13 0.4978291758567192
42 72 -1.184381568712958
42 43 0.3778899204728638
882 852 -0.8966134290790688
882 883 -0.19087708158790487
13 43 -2.636149466460907
13 883 0.031725130571221664
13 14 -0.027349316361822133
43 73 -0.3153704490699037
43 44 0.002486370046863874
883 853 1.3368153485508807
883 884 -1.0515520012007231
14 44 -1.5326788220687633
14 884 -1.2419963194641408
14 15 -1.2280773376955634
44 74 1.3998575433846192
44 45 -1.6361439443126617
884 854 0.20059188827190672
884 885 -1.1929835411832068
15 45 0.8760754631137778
15 885 -1.3691615735134819
15 16 0.44558139387263435
45 75 0.09922688908593556
45 46 1.2710537819461418
885 855 -0.37980646042076127
885 886 -1.1384513292943952
16 46 0.3757812784301341
16 886 0.2275872319547855
16 17 1.7935639964110535
46 76 -0.21939846403621352
46 47 1.4574121481449378
886 856 0.8962157115339141
886 887 -1.3981157844670582
17 47 -0.7115193380552252
17 887 -0.4426716134537351
17 18 1.252541799855205
47 77 0.3287337399439266
47 48 1.1066360214829334
887 857 0.5545734335303554
887 888 0.38728738440721955
18 48 -0.005919290871472711
18 888 0.5232869704427144
18 19 0.505281091912333
48 78 -1.367727139138664
48 49 0.34381669502948214
888 858 -0.9867316120790974
888 889 0.9223011619534811
19 49 -0.38877116443500315
19 889 -0.2773539117091726
19 20 -0.12725775849621082
49 79 -0.003969504724226921
49 50 0.23684166351959132
889 859 -1.4577393857161276
889 890 -2.091209079357294
20 50 -1.5205093793752287
20 890 0.30356511917696516
20 21 1.2306067904635571
50 80 0.43709050931733323
50 51 0.8014130155361713
890 860 0.2670985693946558
890 891 1.265002342934852
21 51 1.0308837372862418
21 891 1.9428913306655606
21 22 -1.080498387668912
51 81 -0.577754252894838
51 52 0.5609850000666058
891 861 -1.0231732610197393
891 892 -0.6784697620896282
22 52 0.2239041344739864
22 892 -1.5017252837612802
22 23 0.5708827309193181
52 82 0.5480321528946042
52 53 0.37557906704186994
892 862 1.7574466714183716
892 893 0.4115248996283318
23 53 1.6617614107831338
23 893 -0.25210090702606325
23 24 0.3239194582235695
53 83 -0.28320516041730087
53 54 0.42396168932792355
893 863 0.6130082557905933
893 894 -1.0416075530888314
24 54 -1.152094197031786
24 894 -0.8838700679150991
24 25 0.22832397269312976
54 84 -1.6455208235898797
54 55 -0.0911614430831827
894 864 -0.9325110543595618
894 895 -1.0511351923915127
25 55 -1.1994238922615819
25 895 0.17456508551717545
25 26 -0.00028727802811767824
55 85 -0.9152552449025352
55 56 0.656069484339732
895 865 0.7425147600847918
895 896 0.99129025133022
26 56 -0.9485458793242796
26 896 -0.6035650738663592
26 27 -1.1973485055514472
56 86 -0.7838395032475799
56 57 -1.5255971582163979
896 866 0.5488359722818507
896 897 0.5979904102915091
27 57 0.6558409271163761
27 897 0.5261001996958704
27 28 0.10421995166115475
57 87 -0.6961086405715116
57 58 -2.07362543549895
897 867 -1.5240260607171472
897 898 0.25305797940314906
28 58 2.086496555741637
28 898 0.5356654441705074
28 29 1.1812131138434563
58 88 0.46294086629665915
58 59 -0.7481773294165689
898 868 -0.6333276696320272
898 899 0.2854162657682864
29 59 0.9070520773191629
29 899 1.5923839137932958
59 89 0.4605389612504728
59 60 0.47233941902467386
899 869 0.14975942635641248
899 900 -1.345580295848154
60 90 -0.03453588592030786
900 870 0.35680176704129746
61 91 -0.20719606845878563
61 62 -0.3806312204539248
61 90 1.5509643001771605
62 92 1.5311506703390279
62 63 -1.8104256411487616
63 93 -1.34420692475916
63 64 -1.3894953733111493
64 94 0.2462471625536352
64 65 1.6300381566331588
65 95 -1.4217202995031306
65 66 0.1216366519692799
66 96 1.8811756327029496
66 67 -1.2568703492095983
67 97 0.22648193387306223
67 68 -1.343007337377656
68 98 -0.4798125313450839
68 69 0.09046826529803093
69 99 -0.8188035557989405
69 70 0.44025928943556275
70 100 2.5667542750279164
70 71 -0.5160454064791541
71 101 -0.22224465954016787
71 72 0.12262002683373784
72 102 -0.9598170204481019
72 73 -0.3526052132706931
73 103 0.25880102363110075
73 74 1.3893057557404012
74 104 0.3355854578583111
74 75 0.4123086979995305
75 105 -0.8054990484383349
75 76 -0.9731677104894549
76 106 -0.0059744749044515644
76 77 -0.5138328011642523
77 107 1.2912720130057727
77 78 1.8041427927117941
78 108 1.9533156927446227
78 79 0.3371087069167908
79 109 0.7409616689208735
79 80 -1.438059459373912
80 110 -0.20546862895155144
80 81 -1.9487446430282145
81 111 0.22979894034125434
81 82 -0.8934160097017305
82 112 -0.13884665716243383
82 83 -1.0934290232599257
83 113 0.4089736793249384
83 84 1.1326842759671663
84 114 -0.45625866150029887
84 85 0.350251246493867
85 115 0.43918829065298703
85 86 -0.23533917660199535
86 116 -1.6435845728128844
86 87 -1.4607288124695157
87 117 -2.7838359073471897
87 88 -0.13660586034058272
88 118 0.7352490584048594
88 89 -0.288925637062657
89 119 0.09094769470232086
89 90 -1.6258776623819482
90 120 0.761448225562163
91 121 -0.5073540459559905
91 92 -1.3048847290420473
91 120 0.2510475959124388
92 122 1.1638868579218966
92 93 -0.06472893742214345
93 123 0.5984311764993473
93 94 0.43360062975058106
94 124 -0.2784384067609614
94 95 -2.1442266336096405
95 125 -1.174324587013934
95 96 0.09520414483996577
96 126 1.3978892523548128
96 97 0.36381736589151825
97 127 -2.6745760546921016
97 98 -1.3049567306978227
98 128 0.288543734312836
98 99 1.152146056525886
99 129 -1.0848550086082966
99 100 0.52811607057113
100 130 -1.068319738432682
100 101 -2.8319911107179414
101 131 -2.0223546183409105
101 102 1.1406461968237585
102 132 -1.088422739651783
102 103 0.3943440971239227
103 133 0.16531067210422154
103 104 -0.05784410751114614
104 134 0.4527885978613255
104 105 -0.07724915541553232
105 135 0.045511740144018646
105 106 -1.094359163534451
106 136 -0.22011660222492863
106 107 0.8632307869715635
107 137 1.6401950698400558
107 108 -0.16902084918036914
108 138 0.6490926013367971
108 109 0.21011560957435504
109 139 0.4761601277750803
109 110 0.4748077729068553
110 140 -0.15377012990772057
110 111 -1.3873389908239222
111 141 0.4524346086436142
111 112 1.1815581577582035
112 142 -0.3718930395361965
112 113 0.6725846901097265
113 143 -0.06543394029811636
113 114 -0.2589486356648735
114 144 -0.008677038542833334
114 115 0.052374976316206454
115 145 -1.3782719041923315
115 116 -0.9471723413794119
116 146 0.8213303936674783
116 117 0.21250525716230212
117 147 -1.0849136362198686
117 118 0.872711221032124
118 148 0.1967069231741287
118 119 0.5506820221518874
119 149 0.40954224184889293
119 120 1.1693273951117564
120 150 -1.632575451131571
121 151 -2.45557401954656
121 122 1.5495489935940785
121 150 1.3399496152244519
122 152 0.03104662886103056
122 123 0.07716482774347093
123 153 0.34513601833834506
123 124 0.6412223838504154
124 154 -1.4189577233569717
124 125 0.0019496123692231489
125 155 0.535454512479807
125 126 -0.7542756964032443
126 156 1.1904163976246658
126 127 0.2953727565670749
127 157 0.26714926179913207
127 128 -0.22865796002810254
128 158 -0.8942215611833421
128 129 -0.65414401636663
129 159 -0.8664865910532312
129 130 -2.272640346349096
130 160 -0.4618427059212337
130 131 0.24835269097784926
131 161 0.5230446989899995
131 132 -0.11119063676237421
132 162 -0.13589102171652392
132 133 -0.10790206973181189
133 163 -0.29860922191118405
133 134 -0.38212891881624506
134 164 -0.5527878231268708
134 135 1.2212210899003006
135 165 0.7549870739469623
135 136 -1.3187632771105324
136 166 -0.17451053926933435
136 137 0.2920854059273648
137 167 0.12921471256313607
137 138 0.07636446640934126
138 168 -0.5278435640319433
138 139 0.06709005101777121
139 169 2.5441885411812915
139 140 1.682803443625962
140 170 1.4459644486103176
140 141 -0.25787092757335317
141 171 0.5484279798730403
141 142 0.3054763132958725
142 172 -0.85797518374877
142 143 -1.7683561135180466
143 173 -1.713376018615764
143 144 0.194715263151388
144 174 -0.2609461695205921
144 145 -0.8336678966194886
145 175 -0.5281041311622193
145 146 2.237396152844804
146 176 -0.49968387479365256
146 147 1.293263948514815
147 177 1.1388708103501963
147 148 1.1947834369075807
148 178 1.5225744688645562
148 149 0.3276804792650501
149 179 0.062199526506752624
149 150 0.7074278463667737
150 180 -1.2401530669392309
151 181 0.5798863191967485
151 152 -0.516194284810474
151 180 1.3276586599532263
152 182 0.24369030743288012
152 153 -1.3419237014368164
153 183 -0.351872684736524
153 154 -0.7508329477436715
154 184 -1.0248245206270665
154 155 -0.6319988003872691
155 185 -0.44313073891638305
155 156 -0.9217870378061074
156 186 -0.7199932349618534
156 157 1.139678869263804
157 187 0.3655324258504806
157 158 -0.4323100818246145
158 188 0.26902759817920935
158 159 0.19819416006435045
159 189 0.08117682547345151
159 160 -0.4205179142580881
160 190 1.3001550718997252
160 161 0.4735529632832889
161 191 2.6809565618309548
161 162 1.1996127202206242
162 192 -0.3654995868725373
162 163 -1.5983561730675355
163 193 0.7151633468650211
163 164 -0.1725382440007016
164 194 -0.6363034355895194
164 165 -1.282526700258705
165 195 -0.300535928319227
165 166 -0.24296958978201658
166 196 -1.9743235086598279
166 167 -0.6349237884105889
167 197 1.0499759686161467
167 168 1.0257522628991638
168 198 -0.3985439730902022
168 169 1.2146410378184536
169 199 -0.5734300073264347
169 170 -0.27337696572506487
170 200 1.442574053450533
170 171 -0.32178473496794013
171 201 -0.36903024646511073
171 172 0.3933505839739106
172 202 -0.7115307789313922
172 173 0.25100075637809555
173 203 0.8020385437384498
173 174 0.4883554774294583
174 204 -0.530947429910584
174 175 -0.31147524598090587
175 205 0.2627420101508106
175 176 -1.5560784297046826
176 206 0.3622278231588216
176 177 0.9778582028197521
177 207 1.8736614474487203
177 178 2.166070817514392
178 208 2.152086180538989
178 179 -0.39957641424497403
179 209 0.21331187602108623
179 180 1.7182990377259073
180 210 -2.1555448715633756
181 211 -0.1398627108809603
181 182 -0.17243216271651113
181 210 -0.7856421186905074
182 212 0.8545038055754512
182 183 -0.14967269951774095
183 213 0.0017542871029259369
183 184 0.11838653533923982
184 214 0.1759892566666459
184 185 -1.2522700853192965
185 215 -0.40014280671407226
185 186 -0.5888617808614174
186 216 1.7598248921016895
186 187 1.57303065554858
187 217 1.1177333088072379
187 188 0.3409084699736122
188 218 -0.2466985813716111
188 189 -0.9315956213479508
189 219 0.21282908643853138
189 190 -0.12454290873639096
190 220 -0.16636309886717987
190 191 -0.1020666301435909
191 221 0.012048102212548076
191 192 -1.8570490904088484
192 222 -0.22757229376990984
192 193 -0.6334967099559753
193 223 -1.1706248567434099
193 194 -0.25212401536547063
194 224 0.6487312359712878
194 195 -0.48085652469782675
195 225 1.3224246226251108
195 196 -1.1048608768257115
196 226 0.785944294243048
196 197 -2.2518945966820016
197 227 -0.08613469474556452
197 198 -1.1074957354696777
198 228 1.0556568645579905
198 199 -1.0866719922595682
199 229 2.4575037880390753
199 200 -0.06576122955507882
200 230 -0.19885465643978648
200 201 -0.6598077806114486
201 231 -1.6385108861201794
201 202 0.29571852649232366
202 232 -0.635175090917784
202 203 -0.6621226300262748
203 233 -0.57625367279535
203 204 0.6587547754823259
204 234 -2.687784380398176
204 205 0.46218814191182184
205 235 -0.4171571310814981
205 206 -0.9055008730247568
206 236 -0.6967046148246041
206 207 0.6725291387300574
207 237 -0.34239708405203306
207 208 -1.9478774749832648
208 238 -0.9028700550486075
208 209 -0.822922801632868
209 239 -0.9962639910175471
209 210 -0.4271791246377926
210 240 -0.4122780856601272
211 241 -2.801440536084305
211 212 0.18290684476865432
211 240 0.779900982075384
212 242 -0.509025575609336
212 213 -0.5333928380986859
213 243 0.5679414624049096
213 214 -0.5557008752661549
214 244 0.9617839579488989
214 215 -0.03012410730962996
215 245 -0.7765670855248215
215 216 0.05726725293117337
216 246 0.9610736794443041
216 217 -0.5166501237961859
217 247 -0.7358361873797704
217 218 2.061231212710096
218 248 0.15562721531830445
218 219 -0.9399902018836149
219 249 -0.6053926267223573
219 220 -0.7157954838623363
220 250 0.11379698496766631
220 221 0.44622271319713214
221 251 1.6305228234765765
221 222 2.8682047274814293
222 252 -0.5950575791673555
222 223 -0.8249109112340767
223 253 0.712253350597853
223 224 0.22125019854617645
224 254 -0.6219033364621516
224 225 0.70455398920754
225 255 1.440778986016647
225 226 0.45739521842810327
226 256 0.24255840279576715
226 227 1.2268580709051087
227 257 0.4097026499816412
227 228 0.2375561460552043
228 258 1.6458838715675188
228 229 1.436050144762456
229 259 -0.09885578861696917
229 230 0.3013804693408092
230 260 0.13777651267221636
230 231 0.7608672394451214
231 261 0.001798434740697565
231 232 0.5029843518315422
232 262 0.25381330898021
232 233 0.8798139776854601
233 263 -1.5820097761205278
233 234 1.5697872251857772
234 264 1.067388721577543
234 235 0.781468455228664
235 265 -0.9890342537186765
235 236 0.07401824583597824
236 266 0.6791543370042947
236 237 -0.1376640684419832
237 267 -1.9376123568590087
237 238 -0.09016541572575337
238 268 -0.2719394145319819
238 239 1.3960346102737626
239 269 0.6166448890437112
239 240 0.1664033172513012
240 270 0.34939934749053014
241 271 0.7435413661989029
241 242 -0.6567288542472227
241 270 -1.1568830274160047
242 272 -0.4131044592107845
242 243 -0.7638837605682897
243 273 0.3066463466762599
243 244 -0.017715633294953938
244 274 1.2073354058747658
244 245 -1.9620173765190263
245 275 1.7722405129404903
245 246 1.3466354522286772
246 276 1.1148979086200441
246 247 0.4447502767160332
247 277 -0.26660060383752593
247 248 -0.06339509246037157
248 278 -0.15726185720032082
248 249 -1.6956346157692532
249 279 -0.4177461308397861
249 250 0.23525692841868923
250 280 -0.32298654317872105
250 251 -1.3556889166264334
251 281 0.51377987645497
251 252 1.5046784760854452
252 282 1.893535796191378
252 253 0.8766041634429523
253 283 -0.24498770383703913
253 254 0.3389332083866887
254 284 0.9755131225226957
254 255 -0.9919584724132694
255 285 0.7356948081421335
255 256 2.7582734177543102
256 286 1.342658011742672
256 257 -0.2738414088949697
257 287 0.042192370924260265
257 258 0.4755557501516177
258 288 -0.3061808439470074
258 259 -1.735027086158793
259 289 0.28454357734844676
259 260 -0.7969977798517425
260 290 -0.24042903431806223
260 261 -1.3693385143119052
261 291 1.340700130135572
261 262 -0.9622725922763168
262 292 0.801019218468925
262 263 -0.6517743293653333
263 293 0.16588181325799345
263 264 -1.1378142045472985
264 294 -0.6737257644679303
264 265 -0.3666095571682003
265 295 0.4796923884602914
265 266 -0.0037986077417871667
266 296 -1.1439471028831618
266 267 -2.646258075184055
267 297 0.5182941904830773
267 268 -0.5939306764087513
268 298 -0.1466566740466909
268 269 -0.3452408033839214
269 299 -0.29736567482153586
269 270 0.020789537565432822
270 300 1.6494385097544366
271 301 0.8842926854911933
271 272 -0.3132414930985658
271 300 -1.7407227368943392
272 302 0.4050522497941073
272 273 1.794936555054269
273 303 1.6172700961241167
273 274 -0.5556645824656139
274 304 -0.8076530717078524
274 275 -1.744832872832705
275 305 -0.19210192019258787
275 276 -0.3442000622154713
276 306 1.3272128504027396
276 277 0.7209855026159431
277 307 -1.745795897828608
277 278 -0.1133891116164599
278 308 -0.6177429490898657
278 279 -1.2917651399659182
279 309 1.1503761732838378
279 280 -0.39322610927223667
280 310 0.7514356276901897
280 281 0.8422471066426823
281 311 1.178481514148666
281 282 1.1441826379676734
282 312 0.8802711837729853
282 283 1.0933595466817905
283 313 0.2689350044212738
283 284 0.4608183399971908
284 314 -0.16560147773087022
284 285 -0.4545022917762527
285 315 0.5060676434365248
285 286 0.9435051032014877
286 316 0.7411179726687014
286 287 -0.5214781782484371
287 317 -0.050681457604815724
287 288 -0.37160300094267906
288 318 -0.9264212764300311
288 289 -2.490500836516533
289 319 -1.5602657424762365
289 290 1.114271002415042
290 320 -0.11633933731520016
290 291 -0.2864492956386796
291 321 -1.0951241156139182
291 292 -0.9875916756341114
292 322 -0.9007516489131256
292 293 0.5174340998095842
293 323 -0.18299180916154953
293 294 0.14290607346483597
294 324 0.1266187722175557
294 295 1.15166669881465
295 325 0.3975367338437818
295 296 1.401165304895555
296 326 -0.5434692112719701
296 297 -0.45741661256470323
297 327 0.6658517625423844
297 298 -0.40776851682444326
298 328 0.45761591412455993
298 299 -0.6186905035254546
299 329 -1.068895932582921
299 300 -0.8961472592270087
300 330 0.8652182304158075
301 331 -0.4360669913943664
301 302 0.5324032869923341
301 330 0.15185128057346184
302 332 0.4893226415453697
302 303 -0.2463310386824108
303 333 1.0627634211365198
303 304 -2.270052608210798
304 334 -1.092784448843674
304 305 -0.30891844368507754
305 335 -1.3994328438228316
305 306 0.26210656185800235
306 336 -0.5481448350539727
306 307 -0.9383303023441651
307 337 -0.5729584733356823
307 308 0.24157266623207974
308 338 -0.4342755854624942
308 309 -0.2638621965022081
309 339 0.010658656190322649
309 310 0.6683971012984463
310 340 -0.10596264425977775
310 311 0.4167203748879036
311 341 0.8923320070856986
311 312 -0.6710859803755385
312 342 -0.29867129947649634
312 313 0.1393201266344747
313 343 0.25976781892079215
313 314 0.4208627714191211
314 344 -0.31877679781528745
314 315 -0.6933951484968749
315 345 1.3227240467503305
315 316 0.7890840538645861
316 346 -0.7142104578636302
316 317 -0.7801641226372724
317 347 1.6972928541531496
317 318 -1.2474163027004228
318 348 -1.5310133837555655
318 319 -1.456455600808021
319 349 -0.06358516932263923
319 320 0.19003825811824782
320 350 -0.30106789691209357
320 321 -0.26967979984437723
321 351 -0.6860604994893177
321 322 -0.22227771061150592
322 352 -0.3228693255386877
322 323 0.8387152180723557
323 353 -0.924570569363044
323 324 -0.217852082432031
324 354 0.16464541310954908
324 325 -0.42875119969894687
325 355 -0.38968374665153394
325 326 0.9637126024129694
326 356 -0.0946840313666094
326 327 0.11245642560553436
327 357 2.201402401828514
327 328 -0.8668352797209303
328 358 0.4218728647464901
328 329 -1.2383278368046746
329 359 -1.0353364510286236
329 330 -0.6975408641287884
330 360 -1.468920235519266
331 361 0.38775674347489714
331 332 -0.5286546948981026
331 360 -0.5998676105032943
332 362 0.7696216304305318
332 333 -1.038915238071414
333 363 0.61638813489503
333 334 1.5857566456346117
334 364 0.713537960798029
334 335 0.501320246204193
335 365 -0.8156118169401879
335 336 -1.0822536159735394
336 366 -2.4352142910585877
336 337 1.0282387372471204
337 367 0.7405681970730873
337 338 -1.691198414778701
338 368 -2.7590288443756203
338 339 -1.563035216570614
339 369 -1.0586692563591071
339 340 1.7955351116639768
340 370 0.6680977441846992
340 341 -1.094588649467403
341 371 0.5793720642745408
341 342 0.35140795466315505
342 372 -1.3079828676854799
342 343 -0.05046199231645732
343 373 -0.8100655352684548
343 344 1.5752330507300356
344 374 -1.253880668489013
344 345 0.44682771924374676
345 375 0.8789530830637782
345 346 -1.4457716152790674
346 376 0.33430235441938216
346 347 0.3641844984850691
347 377 0.24572423775556437
347 348 -0.23221313815769232
348 378 0.42259835897997644
348 349 -2.8026689510292755
349 379 -0.7103418308921606
349 350 -0.2012803444820377
350 380 -0.03899692558061777
350 351 0.8896093421374319
351 381 0.09698754812411353
351 352 1.0737149168364768
352 382 1.4440656306586277
352 353 2.1753118299703593
353 383 1.5945902088219501
353 354 -1.040620283480812
354 384 0.577215909112156
354 355 -0.44191798719779685
355 385 0.6765461677342473
355 356 -0.28069108864304215
356 386 -0.2436450135948207
356 357 0.43853660418994167
357 387 0.3849144602628475
357 358 0.4178378523290376
358 388 0.2671181298185558
358 359 -1.3203286544487665
359 389 -1.1231058725984462
359 360 1.318854015735184
360 390 -1.8420889213212597
361 391 0.035661627852342295
361 362 0.020433975806738423
361 390 -0.20748122788801487
362 392 -0.5110030328523396
362 363 -1.3082959167457604
363 393 1.1960462776879388
363 364 -0.6464796575679627
364 394 0.4116468421951867
364 365 0.6757291256339227
365 395 -0.8696515521510124
365 366 0.05984400699667616
366 396 1.06190458151572
366 367 -1.120577522827784
367 397 0.8056118160231549
367 368 0.597307622158455
368 398 -1.6424942364116661
368 369 1.060663602236105
369 399 0.21513979074750184
369 370 0.5073114536542256
370 400 0.1753722255272113
370 371 -0.5830292784733115
371 401 -1.0874816864180692
371 372 -1.504272841593081
372 402 -0.9490312842318908
372 373 -0.548052717354812
373 403 1.0667252069944388
373 374 -0.34579052875364913
374 404 -0.19694552785781494
374 375 0.20953085887054954
375 405 0.8250998070770319
375 376 1.3360976139225398
376 406 -0.09309704583903566
376 377 0.14105763022154794
377 407 0.7430491912156814
377 378 -0.10733832619269322
378 408 0.43677161426759575
378 379 -0.7888802202773824
379 409 -2.1673840445439114
379 380 1.3337214953542698
380 410 -0.3341940773942886
380 381 0.24027239734322897
381 411 1.3359977732083868
381 382 0.049717382466016626
382 412 0.8860117576662717
382 383 0.515758156035444
383 413 0.8881111022548761
383 384 0.8656387803369682
384 414 0.1608120815581374
384 385 -0.5083258925862612
385 415 1.5620536190809002
385 386 1.6664365389331024
386 416 0.42058064859743555
386 387 -0.22517189245846417
387 417 -0.9568783767101781
387 388 -1.0278621116340365
388 418 0.5158631365266279
388 389 -1.5429190447149321
389 419 0.586337330804615
389 390 -0.0400428931623583
390 420 -2.229199811552342
391 421 -0.6686341301776282
391 392 2.9900081565518706
391 420 -1.1217358274373295
392 422 -0.33793381428513425
392 393 1.650517206654004
393 423 1.0978759528524222
393 394 0.8329487347906873
394 424 -1.0031604751874765
394 395 -0.08922950996800033
395 425 1.404918559723678
395 396 1.7960832046735187
396 426 -1.4542813779052821
396 397 0.312211611494223
397 427 -0.3612897311839188
397 398 -0.555524614855051
398 428 -0.11997736230927071
398 399 -1.5039607731979439
399 429 -0.4248985692100296
399 400 -1.7062638147049327
400 430 0.9296982376085408
400 401 0.595271677093193
401 431 -1.13004484505123
401 402 0.45838819005346587
402 432 1.3759369869574898
402 403 -0.15931132411917343
403 433 -1.183143305731535
403 404 1.224130730468016
404 434 0.004225632373876411
404 405 0.8083457527937613
405 435 1.763383848873167
405 406 1.185940616435202
406 436 -0.45146308641549165
406 407 0.5451970570641687
407 437 1.4443535196971444
407 408 -0.7398454716362246
408 438 -1.6366638925275012
408 409 1.718642833320062
409 439 -1.1059280659601716
409 410 -1.2029407976475723
410 440 1.7453954344282367
410 411 0.22679403967891915
411 441 -0.804521528312052
411 412 -0.7349593423319079
412 442 0.5244581451288821
412 413 -0.41556008134299005
413 443 -0.13120449826913022
413 414 -0.11726153387152584
414 444 1.59006634338118
414 415 0.4970105080740422
415 445 0.8768875516721784
415 416 0.2534096588781778
416 446 -0.45305503062222574
416 417 -0.40185926333261707
417 447 -1.9766778233557039
417 418 -1.4464264671926585
418 448 -0.33180970837952717
418 419 -0.04859388774475498
419 449 -1.37995194744598
419 420 0.12675007091679963
420 450 0.5007106842191305
421 451 -0.05013829452679326
421 422 -2.0870054910602893
421 450 -0.1784073666363276
422 452 0.6992078802179315
422 423 -0.8388200837513445
423 453 -1.2792767488630732
423 424 0.2709937970562011
424 454 -1.652851890314614
424 425 0.16947608253172153
425 455 -0.8764281577608747
425 426 0.37077714253516864
426 456 0.34629316792316817
426 427 -0.9092507781769751
427 457 0.2965539401621005
427 428 -0.4496473295302239
428 458 0.5388051506643554
428 429 0.9754286017236903
429 459 -0.41430620505207655
429 430 0.5736907047984373
430 460 -0.09483722901077672
430 431 0.8735021511535951
431 461 1.6335971546692691
431 432 -0.5928382530426657
432 462 0.9068268705952732
432 433 2.102501853944924
433 463 0.7928578450316743
433 434 2.123305631120633
434 464 1.1800503380892657
434 435 -0.033993225193836026
435 465 -0.9236446145545552
435 436 1.3293483637533017
436 466 -0.07014572230707228
436 437 1.0541916620444316
437 467 0.37071673061879523
437 438 0.1342699177712198
438 468 0.08998159300481459
438 439 1.4709483208949028
439 469 -0.9212306694935728
439 440 -0.7546309295602327
440 470 -1.5821533107843853
440 441 -0.16403117329587966
441 471 0.5926601880591483
441 442 1.7855232709180544
442 472 0.5246397906465795
442 443 -1.1410664994032207
443 473 0.6080578518887179
443 444 -0.5006388360711826
444 474 0.2991583739976019
444 445 1.1889504033520597
445 475 -1.3715845139561833
445 446 -1.6801241512275964
446 476 0.49427393493766264
446 447 -0.5203183963556048
447 477 -0.8086139571435533
447 448 -0.1383607992441274
448 478 -1.184034710574115
448 449 0.3621140847403773
449 479 -0.20038383247806443
449 450 -1.2801084626851296
450 480 -1.4453099619790681
451 481 0.4461656273429005
451 452 -0.23493142166303774
451 480 -0.6070201901521275
452 482 -0.3156166072462909
452 453 -1.0622858873426286
453 483 -1.8619444310011528
453 454 -1.2529521980084684
454 484 -0.8971818824902366
454 455 0.04082490634695748
455 485 -0.18727932535743885
455 456 -1.0218476935411898
456 486 -0.04477697355989113
456 457 0.2968752138339855
457 487 1.9577694170718065
457 458 -0.714541867799461
458 488 -2.083643917987834
458 459 0.39237708455587716
459 489 -1.062389714391855
459 460 0.682303929169548
460 490 1.604487738075816
460 461 0.45794567736716785
461 491 -0.08310932705129738
461 462 0.739736624039568
462 492 -1.5466188010741388
462 463 -0.8082695578245112
463 493 -1.011164428749467
463 464 -0.0397584787031068
464 494 1.4987547999722979
464 465 0.9357447797093441
465 495 2.5223623681557834
465 466 1.669892924507839
466 496 -0.7553273037296444
466 467 -0.21999778313575558
467 497 0.015217987843484186
467 468 1.4833078660340175
468 498 0.5083482722727308
468 469 0.04836352684700645
469 499 -0.5219938231426703
469 470 1.2413418628466804
470 500 1.4576862028591864
470 471 0.37384600293088277
471 501 -0.4561671846739553
471 472 -0.2201988042502687
472 502 1.0326665503772021
472 473 -0.4544876295237137
473 503 -1.9694751343840127
473 474 -0.37969521741356405
474 504 -0.9333930164372696
474 475 -2.3226673753597953
475 505 1.85041488914626
475 476 0.027279743598651932
476 506 2.098512120726385
476 477 -0.2141601173177658
477 507 -1.6290468988427116
477 478 0.2509837980958713
478 508 0.6313295619173586
478 479 -1.0056699482168365
479 509 -1.3478254383370365
479 480 2.5341666938524887
480 510 1.1614861534397312
481 511 0.6266566790622942
481 482 -0.014095284682161459
481 510 2.2853311603370177
482 512 0.7377425368835764
482 483 1.4265493483009624
483 513 -0.591666793733553
483 484 -1.241376580936588
484 514 -0.17434519230509868
484 485 -0.34453839967459743
485 515 0.44678686928636246
485 486 0.2941466720642041
486 516 -0.07261946322661147
486 487 -1.2419286792122557
487 517 -0.20328924916177651
487 488 -1.7485966287816088
488 518 -1.4046132869025851
488 489 0.27119677103950407
489 519 -0.9241301746984367
489 490 -0.6679872361040406
490 520 0.5116279046105884
490 491 -0.19856662751200227
491 521 -2.1617412980689616
491 492 0.12621430028232997
492 522 1.9503435179196265
492 493 0.3057653505434917
493 523 -0.42686456600231587
493 494 0.05372557507465289
494 524 0.48515917414834625
494 495 0.32778000936526397
495 525 0.9077976127652924
495 496 -0.3002630635852309
496 526 -1.5689923609245024
496 497 -0.8446840544335169
497 527 -0.3588029480955275
497 498 -0.39345177411214344
498 528 0.1575959085415838
498 499 -0.5433548588653337
499 529 -0.3349689185448715
499 500 0.015913587709323062
500 530 0.9800494359561571
500 501 0.8256639649442651
501 531 1.0798833678757627
501 502 -0.5118356270259554
502 532 -0.4425966603890127
502 503 0.991474405295815
503 533 -0.37500104585326827
503 504 0.5469619815662008
504 534 -0.22392274528083295
504 505 0.020334239813228253
505 535 -0.13123066176736847
505 506 1.5929373326937992
506 536 -0.8839668842392066
506 507 0.41072225683613134
507 537 -0.8598054522088464
507 508 0.4637162029205909
508 538 -0.5739808169069317
508 509 0.6462303212343049
509 539 0.14810781519196672
509 510 0.36564656064799106
510 540 -0.8520374663424124
511 541 -0.17370203299636447
511 512 0.9027758988738874
511 540 -0.7790945475895579
512 542 -0.5034348018088579
512 513 0.5629953883814575
513 543 -1.9372786299960303
513 514 -0.5166826639990613
514 544 -0.5307692235414533
514 515 0.495161423068494
515 545 0.5101894175276579
515 516 -0.544677701250912
516 546 1.8468107449586841
516 517 0.18229426237863197
517 547 -0.37751936226744554
517 518 -0.393733207935484
518 548 0.2672061470345303
518 519 -0.7120361712112606
519 549 0.7083224811596769
519 520 0.4108876597464374
520 550 -1.1518652690225264
520 521 -0.44659398957616486
521 551 -0.1857316624359493
521 522 -0.005684112165180644
522 552 0.3604691652685606
522 523 -0.3454464355038011
523 553 1.1429701087962731
523 524 0.17688800490892126
524 554 1.15706392297721
524 525 0.5286962589097822
525 555 -0.8585357686586215
525 526 -0.7003817043091545
526 556 0.5725516820399947
526 527 0.5846914156888192
527 557 1.358554238266576
527 528 -0.8819738305304823
528 558 0.34432788433266037
528 529 0.4675148104187044
529 559 -0.33195833335887953
529 530 1.4021150860245304
530 560 -1.1671182191859841
530 531 -0.5778143358266935
531 561 -0.239418010039379
531 532 0.7122028824515068
532 562 0.9415747325870366
532 533 -0.827213630854442
533 563 -0.9759425166756412
533 534 -1.992031984713356
534 564 0.5635943546320247
534 535 1.8933152703896783
535 565 0.6446867906384158
535 536 0.5230992313726138
536 566 0.24002400786153397
536 537 1.137716168338361
537 567 -0.912420897351584
537 538 0.2666858777296197
538 568 -2.2726061312004533
538 539 -0.7927087410746421
539 569 1.5904674662956122
539 540 0.399399148017592
540 570 -0.9197517282635665
541 571 1.1617945559066405
541 542 -1.1502392111620063
541 570 1.0132341359487569
542 572 0.2916289775348635
542 543 -0.3381566264830064
543 573 2.727819497225437
543 544 -0.1716796615083818
544 574 -1.108119062686427
544 545 0.6715881643280751
545 575 1.6045443449475072
545 546 -0.7302322031927312
546 576 0.09960355373693089
546 547 -0.1706957280590326
547 577 1.6533938173944969
547 548 0.7542143107968574
548 578 -1.7311046838628674
548 549 1.437902824403217
549 579 -0.5719326109477942
549 550 0.4147875911217522
550 580 0.18749677250397923
550 551 -0.34714254266015
551 581 0.2943194952469662
551 552 0.6536948191936255
552 582 -0.8416276601687862
552 553 0.3270736754196097
553 583 1.3857219392841134
553 554 -1.4856294589461876
554 584 0.5692921644932883
554 555 0.43990459339848215
555 585 1.5568178723801775
555 556 0.23798442150341204
556 586 0.050304488420790806
556 557 1.457078430839171
557 587 1.4621813085551447
557 558 -0.046337522083683455
558 588 0.38496995569100495
558 559 -0.6487472991520181
559 589 0.15982480813762642
559 560 0.184601290675795
560 590 0.0011600151744710677
560 561 1.3004827652570152
561 591 -0.5233504432133406
561 562 1.2452279877995158
562 592 -0.17994716624125393
562 563 -0.4341767608061512
563 593 2.0189282016458003
563 564 -0.32693159744002376
564 594 1.1902577624654638
564 565 2.0753137668735877
565 595 -0.8739114395864112
565 566 1.7734516017636777
566 596 -0.14629565346550316
566 567 -1.231835782316623
567 597 -1.5015413641117799
567 568 -1.8470708239342823
568 598 1.6102209765644944
568 569 1.6222724407879001
569 599 -0.23817936776763404
569 570 1.5964660707876113
570 600 0.48484581035877733
571 601 1.9914417966176838
571 572 -0.4914372086848768
571 600 -0.39398445379937863
572 602 -0.22981694473303346
572 573 -0.08414628290836841
573 603 0.3897388218451915
573 574 -2.7834739754479334
574 604 -0.33553660660557394
574 575 -0.3908278298882215
575 605 0.23747812882238425
575 576 1.2204106947556748
576 606 0.78866254896033
576 577 -0.012807997464043668
577 607 2.1639668983607674
577 578 0.7287408609267538
578 608 0.9430702175141593
578 579 -1.27713987031793
579 609 -1.515758758838746
579 580 0.5769871051594126
580 610 -1.4431084454580612
580 581 0.9336165298804198
581 611 1.0005121492814584
581 582 -0.6540481602613168
582 612 -0.38919263142720933
582 583 0.48517181448166274
583 613 1.9163962965971282
583 584 0.22587678428344102
584 614 -0.015813080394022898
584 585 -0.7624335733915515
585 615 1.2920948250228197
585 586 -0.8494593609383265
586 616 -0.1784288032274412
586 587 -0.45208593182194357
587 617 -0.4216688678916668
587 588 1.1369844164804501
588 618 0.9532158010253966
588 589 -0.7324204076104945
589 619 -2.3103619374587776
589 590 0.07506274016475768
590 620 -0.1909832869462562
590 591 1.0870254985792625
591 621 -0.4999516019344562
591 592 -0.040656043339206215
592 622 -0.3237815902305161
592 593 -0.7876703575012118
593 623 0.9614919219089452
593 594 -0.7686125117963016
594 624 -0.5668680882645434
594 595 0.291931537195015
595 625 -0.1868821461139319
595 596 -0.6650303113225903
596 626 -1.194908289817546
596 597 -0.5564385749653051
597 627 -1.1915728447034286
597 598 -1.4082302340229
598 628 -0.10666961219986218
598 599 -1.0061903538791257
599 629 -0.5328147999071184
599 600 1.603859643875088
600 630 1.892998588795303
601 631 1.794897712073648
601 602 -0.4968790999180122
601 630 0.43375588851322394
602 632 -0.6145265435404997
602 603 -0.778123190711966
603 633 0.2655481968812896
603 604 -0.070798391045844
604 634 0.5683503183603131
604 605 0.00730024394513597
605 635 -1.2879712481624903
605 606 0.6118358028558474
606 636 -0.3562326734746798
606 607 -0.22844777446094608
607 637 0.10292177901855641
607 608 0.5534488850218898
608 638 -1.9247468222330233
608 609 -1.4515386885323158
609 639 0.5896415964494295
609 610 0.0394860972415879
610 640 -1.4814388469682152
610 611 -0.48667763304806083
611 641 1.4247879653361668
611 612 -0.7141206082285618
612 642 -0.03339371829302284
612 613 0.06667994821592337
613 643 0.19611116657811223
613 614 0.5155543751337551
614 644 -0.6266831372314319
614 615 1.441713913668857
615 645 0.6931865762768243
615 616 -1.2945661408199383
616 646 0.4447186615357233
616 617 -1.2654450989270871
617 647 -0.22178451170331828
617 618 -1.143833766466492
618 648 -0.9790929730360126
618 619 -0.6089635641010169
619 649 0.7328337138988562
619 620 -1.5322356802683763
620 650 0.5863102841260628
620 621 0.8688334912945375
621 651 0.39744776690098976
621 622 -0.3423299365684819
622 652 -0.09168028492912324
622 623 2.0932307675752044
623 653 -0.6377214141330103
623 624 0.2382009890860562
624 654 -0.9654426755238045
624 625 0.1766376848457681
625 655 0.4477700394497588
625 626 1.3144468993451885
626 656 -0.4832675692290565
626 627 -0.7760950091878842
627 657 -0.19288959845170756
627 628 1.1165215954357555
628 658 0.4193521356694083
628 629 0.21787599025417378
629 659 0.39351756407107363
629 630 1.7887923399894976
630 660 -1.0508756272254702
631 661 -1.343955097575381
631 632 0.671987166756384
631 660 0.8084645068375478
632 662 -0.04814739977126738
632 633 0.1409818545430158
633 663 -0.5892916189124316
633 634 -0.8063735885216982
634 664 1.391411696351709
634 635 -0.5386772286191713
635 665 -0.07669054700955248
635 636 -0.7901009537672
636 666 -0.08863004330548467
636 637 1.4608707059432169
637 667 1.1644223641016773
637 638 -0.3320735409506601
638 668 -0.15520766409137238
638 639 -0.14406420923216706
639 669 -1.3742280312911248
639 640 -2.3467037692748223
640 670 1.7404025808012238
640 641 -0.44217938490771574
641 671 -1.0360669874579003
641 642 -0.2214467782794687
642 672 0.573426992987816
642 643 0.7393926404028126
643 673 -0.9454764465858239
643 644 -2.344052076514948
644 674 0.3378428974230875
644 645 -0.6473914985238924
645 675 0.33664137473769506
645 646 -0.9181052083578919
646 676 0.07855680289005654
646 647 0.6819941234044368
647 677 -0.4030278242741579
647 648 1.1019739979107153
648 678 -0.13428573066742608
648 649 -0.841770056111501
649 679 -2.085235158346192
649 650 0.5540047013326628
650 680 1.0060020601573205
650 651 -0.6857991738528625
651 681 0.09585008571526975
651 652 2.3375121631306572
652 682 0.3885130126753009
652 653 0.14656506131848396
653 683 -0.06345011100360003
653 654 -0.03678132038466699
654 684 0.7533258712331804
654 655 0.521419550243041
655 685 -0.30789264802013805
655 656 1.34220462988033
656 686 0.311650637839107
656 657 0.07865970528491906
657 687 -1.4591069999200006
657 658 -1.7080157998540617
658 688 -0.24978037132343184
658 659 0.372065291176391
659 689 -0.7399746506085535
659 660 -0.40719791707406716
660 690 -0.9242359929914373
661 691 -0.007405899718072955
661 662 -0.757181683753771
661 690 0.4717442174718352
662 692 -0.09960089910574925
662 663 0.10325074571007804
663 693 2.22099139965139
663 664 -0.33317745856569403
664 694 0.6194816700424812
664 665 -1.531061997750764
665 695 -0.476169131371461
665 666 0.9004071223446736
666 696 0.141732562548912
666 667 -1.9542885789821924
667 697 -2.1539405057491483
667 668 -1.0628777460724343
668 698 -1.851904291334781
668 669 1.054147201124581
669 699 0.7086314148716664
669 670 1.483626968022769
670 700 -0.3469379247880586
670 671 0.4896213181335465
671 701 -0.3845104211552527
671 672 0.46445982185388796
672 702 -0.488012281594722
672 673 1.2051782716112853
673 703 0.39918553017774144
673 674 -0.44018325976206163
674 704 1.0491929985857387
674 675 -0.9677249270823421
675 705 -0.047976481428454
675 676 1.398962633956053
676 706 -0.5892660789708828
676 677 0.7988570010858601
677 707 -0.17693671009534662
677 678 0.4508258796919311
678 708 0.18706349329642782
678 679 0.7032477822290114
679 709 -1.144488485417262
679 680 1.7393716136728308
680 710 0.19955609105173494
680 681 1.4154492834106072
681 711 2.1947606580133505
681 682 -1.1309757563290093
682 712 -1.4377206236608544
682 683 -0.27222179115571576
683 713 -0.4637354100116887
683 684 0.41829958965134256
684 714 0.882594766922703
684 685 -1.0735647498048415
685 715 -0.4938456542679957
685 686 1.373209540118356
686 716 2.1347948875261817
686 687 -0.573236927890554
687 717 -2.6753840977132826
687 688 -0.5115705568975417
688 718 0.2135698006158574
688 689 -0.10882087310001229
689 719 -0.5082753275039377
689 690 -0.47479316555712126
690 720 1.0609505680461249
691 721 0.9072879626552124
691 692 -0.4868655279820786
691 720 0.7492347003357859
692 722 -1.0864424222684683
692 693 -0.8411292981187493
693 723 0.24924153978034028
693 694 -0.5323267184544712
694 724 0.3838784442571369
694 695 -0.5433000324756031
695 725 1.664051839762462
695 696 1.2675903007183382
696 726 0.08840343437747802
696 697 -0.090195147296376
697 727 -1.9025847966623524
697 698 0.6361825236914744
698 728 1.0691857349777505
698 699 0.18367513437349586
699 729 -1.6235605012838323
699 700 0.7544992163424984
700 730 0.6702431281422007
700 701 1.1864259035649265
701 731 0.759598711391574
701 702 -0.09778206405502791
702 732 -1.3953292849399594
702 703 1.687596512309461
703 733 -0.01846773819629927
703 704 1.0296005983368264
704 734 -0.29687584672666645
704 705 -0.098206747762611
705 735 0.2076225581183216
705 706 -1.8072354893500004
706 736 -1.4223056590323226
706 707 0.40709179336705903
707 737 0.8904380678368943
707 708 -1.599646654942932
708 738 -0.8159199154373785
708 709 -1.9572229223482536
709 739 0.48500795344162045
709 710 1.836993246211799
710 740 -1.1801470333467958
710 711 -0.35777537388750275
711 741 0.2630955993853653
711 712 1.3847000448135867
712 742 -0.12909189993411407
712 713 1.7227074456296674
713 743 -0.039335202715940085
713 714 0.7670048284889032
714 744 0.16498247507090277
714 715 2.131743436452918
715 745 0.25885210560755195
715 716 -0.20502333553212515
716 746 -1.3466693337460152
716 717 -0.9392976366644957
717 747 0.35477039097637897
717 718 -0.061246082966182155
718 748 1.4818815003268737
718 719 1.366941143865268
719 749 0.17349223605046935
719 720 -0.6690553858987346
720 750 -0.5583451684040271
721 751 1.3754137348958686
721 722 0.8746435358339738
721 750 1.3766677699752947
722 752 -1.2196983657318556
722 723 0.20026348836051802
723 753 -0.649288456304016
723 724 -0.46438160972552245
724 754 -1.3833221194646728
724 725 0.17138298915663994
725 755 -1.3053993502424441
725 726 0.03437669826570563
726 756 0.32621617937645714
726 727 -1.0681393758578654
727 757 -1.4372138033415933
727 728 -0.1563166698844844
728 758 1.3659282499306609
728 729 0.8634650214963902
729 759 -1.119216252781802
729 730 -0.5102601451805493
730 760 -1.0566714168555413
730 731 -0.09490273834899966
731 761 0.6514844169124792
731 732 0.4076345272811818
732 762 -0.2183636015760295
732 733 1.218031269054738
733 763 0.754799906965303
733 734 0.8228177996064056
734 764 0.3204595327454867
734 735 -0.8519300261413804
735 765 -0.7040475541698924
735 736 2.2135675926583236
736 766 1.0563554222420022
736 737 -0.34326189624139625
737 767 0.13168830328602668
737 738 0.6572782362627115
738 768 0.8191351919427139
738 739 0.33397260788515043
739 769 0.0784839202877741
739 740 0.09143214928449961
740 770 1.2998899855735178
740 741 1.2024145714813264
741 771 -0.01660782442459015
741 742 -0.524420503083249
742 772 0.7477321469322764
742 743 1.0009446304822116
743 773 -0.183101965351832
743 744 -0.23783853547600434
744 774 0.3858053012598867
744 745 1.4888712480605153
745 775 0.7236443816020287
745 746 -0.5239628212128278
746 776 -0.15618205231671137
746 747 -0.016573503696916587
747 777 -0.3054784433915809
747 748 -0.7359324987266288
748 778 0.305813548327837
748 749 1.9921729009715718
749 779 0.031024710228422864
749 750 -0.42335523779686485
750 780 -0.4672133199895134
751 781 0.5965852979729583
751 752 0.2804378826921123
751 780 -2.21655015906139
752 782 -1.1245465703191844
752 753 -0.9536762020925061
753 783 -1.0011717831859706
753 754 0.3428032683944835
754 784 1.4554675061302411
754 755 0.19456423715717336
755 785 0.06573523377962678
755 756 -0.34068443066732884
756 786 1.4105923316511249
756 757 -2.83059845252425
757 787 0.20824998205641848
757 758 -0.9096913174070985
758 788 0.2558813762569617
758 759 0.8408723681138388
759 789 -0.24674254894318526
759 760 -0.3767450778946359
760 790 -0.14751619027915114
760 761 0.5097291877228493
761 791 -0.42511783770371825
761 762 -0.2450862808383817
762 792 0.0649521550364894
762 763 -1.1944964870818762
763 793 1.48645812066927
763 764 0.3036340229403221
764 794 0.29739331346233683
764 765 -0.591789812865563
765 795 -0.12865993227969688
765 766 -1.2329507154560317
766 796 -0.3064474703675579
766 767 -0.0713124958955784
767 797 -0.5443742621856621
767 768 -0.3120509080643762
768 798 -0.2697312504113341
768 769 -0.36994698188058645
769 799 -0.5622028279920686
769 770 -0.9907820268603994
770 800 -0.6114265504508178
770 771 -0.14996892652108101
771 801 1.1548708872161066
771 772 -0.22718749407556565
772 802 -0.750307645039129
772 773 0.9473664732985144
773 803 0.2150204520522574
773 774 0.974598870045434
774 804 -0.7277373922710496
774 775 1.886104625047023
775 805 0.49877593807632264
775 776 0.6203276084002098
776 806 -0.085340541848779
776 777 1.2313083226481576
777 807 0.6807981604668984
777 778 -0.14014767571830183
778 808 0.4101414917405906
778 779 -0.585143813506164
779 809 -0.024852450834215906
779 780 -0.8595416870482191
780 810 -0.8611568457819841
781 811 0.24322510484481907
781 782 0.6176224995102071
781 810 0.5436071409260115
782 812 1.0322915787517586
782 783 0.4827069475269438
783 813 -0.5223506744230746
783 784 0.6548514419125023
784 814 0.6916674928113122
784 785 -0.40459188638496085
785 815 2.0845974966058956
785 786 -0.1730775858605942
786 816 0.02328964560033882
786 787 0.2996211577807715
787 817 0.6925890759147976
787 788 -0.3073692447488889
788 818 1.1193223220756041
788 789 0.13900647914743988
789 819 0.39804337030951004
789 790 -0.9275620696619312
790 820 -1.2523091765137375
790 791 -0.8051909025378401
791 821 0.19213049323898934
791 792 -0.6469066583651878
792 822 0.6786790596616313
792 793 1.7108587445805838
793 823 -1.1078288471554802
793 794 0.2825538454619779
794 824 0.1693636367002111
794 795 -0.31863440644613295
795 825 -0.6455770028283763
795 796 1.2585336957875763
796 826 0.7680554056108635
796 797 -1.0809909480511688
797 827 -0.8089801356270829
797 798 0.16144817105318449
798 828 0.52208429741919
798 799 -1.1050474987983514
799 829 -0.6274427931958503
799 800 -0.7688563752684403
800 830 0.6605885319262
800 801 -0.8431658305784373
801 831 -0.2961355408078473
801 802 0.19160219012203458
802 832 1.0588764070865913
802 803 0.2761031234844413
803 833 0.7988414682358733
803 804 -1.7184566270447956
804 834 0.00724954718902552
804 805 -0.7864111541681604
805 835 0.9024828617503008
805 806 -1.2662634808173503
806 836 1.0403737907405388
806 807 0.822447295308688
807 837 -0.8313697700432288
807 808 -0.20780022809553733
808 838 0.45424159967233957
808 809 0.023467577578361976
809 839 0.46717452667997894
809 810 0.6641692493748406
810 840 -0.5316689962577229
811 841 -2.1672986673738124
811 812 -1.877611382609946
811 840 -1.599863901771693
812 842 0.021307918158086556
812 813 0.9412146977875087
813 843 -1.4839840131425655
813 814 2.1153329412347874
814 844 -0.0961802516144234
814 815 2.395522500183163
815 845 1.6646881254456434
815 816 0.786974678801694
816 846 0.7046890931543426
816 817 -0.42052419046654793
817 847 -0.3653798403595248
817 818 -0.9564955010173588
818 848 -0.9787680588103277
818 819 -0.7107108448230827
819 849 -0.322267156680819
819 820 1.2697449253875925
820 850 0.3273601259190346
820 821 -0.05227810896516517
821 851 -0.4839071302141855
821 822 0.17959013051997105
822 852 0.3426396192575282
822 823 -0.08669509799602959
823 853 0.9412684094672593
823 824 0.6139358066045784
824 854 -0.8984474636857961
824 825 -1.1652070877994594
825 855 1.341862887949901
825 826 -1.3445682360004416
826 856 -0.511173763030775
826 827 1.728881003397899
827 857 0.9850595229793783
827 828 -1.7265287975746682
828 858 0.9900965948959466
828 829 1.0914400455438789
829 859 0.9966696036877933
829 830 1.3705981616622538
830 860 0.2237107232426034
830 831 0.19761030630246637
831 861 -1.6142021656442345
831 832 -0.3305835721027285
832 862 -1.0817171402489125
832 833 -2.1433728177761235
833 863 1.3491530970949785
833 834 -1.7865890454579414
834 864 0.14667720522712127
834 835 1.7054383192142863
835 865 -1.7097097858203931
835 836 0.8496305501651199
836 866 -0.26243736466815626
836 837 -2.0921685604037425
837 867 -0.4238223884101546
837 838 -0.1480561455598389
838 868 0.00865530093241059
838 839 -0.07556672977501717
839 869 -1.2850099058976452
839 840 -0.5780328802994572
840 870 0.16581262045172482
841 842 -0.8105662636797419
841 870 0.5646582355501379
842 843 2.296338186056644
843 844 -0.8177353094288181
844 845 1.2370133495593596
845 846 -1.3989942245645044
846 847 0.4674533389309266
847 848 0.12954158456859735
848 849 2.276238658110921
849 850 0.7416904525123346
850 851 -0.8802464228617277
851 852 0.21191070601659265
852 853 -1.877947760037045
853 854 -0.9809078804204211
854 855 -0.5256760406938938
855 856 0.4434175981914028
856 857 -0.9287846465489111
857 858 2.0282072406676552
858 859 -0.8351370823203268
859 860 -0.7398818834638706
860 861 0.5797339831056671
861 862 -0.6599080809144975
862 863 -0.18592809063522187
863 864 -0.41993817231911107
864 865 0.20019310367923118
865 866 -0.6119867643724627
866 867 0.011566195243870989
867 868 -0.13678704460174865
868 869 -0.3731580512346528
869 870 -0.06202999044711965
