900 1800
1 31 0.1364428396504969
1 871 -0.32214237977678695
1 2 1.0573202811671976
1 30 -0.7158040869174617
31 61 0.18774667488690117
31 32 -0.19366924413535963
31 60 0.9645855390609818
871 841 0.9455436765897363
871 872 -0.8270875481560843
871 900 2.057970272210465
2 32 -1.4658829377145546
2 872 0.4532240998303924
2 3 -0.7497500581608448
30 29 -0.774937895868609
30 60 -0.11483780551384422
30 900 -1.1104220890783867
32 62 -0.18227594557583862
32 33 -0.9768811021579968
872 842 -1.0215108062637344
872 873 0.37535139348024654
3 33 -0.3894516351995506
3 873 -0.916045500924373
3 4 -0.31890251758820254
33 63 1.5716391337338167
33 34 -1.1681603557163236
873 843 0.03607320637917599
873 874 0.7185626678334507
4 34 0.5526167873166572
4 874 -1.3932173377371824
4 5 -0.5681034062513686
34 64 -0.48985067321471043
34 35 0.691351419358734
874 844 1.13208848922305
874 875 1.165008115867381
5 35 -2.2375195676365878
5 875 -0.6690250425771986
5 6 1.1792024409943755
35 65 0.6138150684525439
35 36 1.0252636617092254
875 845 -0.2576891791953208
875 876 0.06514267627239104
6 36 -0.023038973816300025
6 876 -0.20862736626834125
6 7 0.9312099840614068
36 66 0.9133170032036289
36 37 -0.5830521597792059
876 846 -0.09583592995110253
876 877 -1.2783900420394043
7 37 0.7008612847128789
7 877 2.7287474676427235
7 8 -0.8173566809294607
37 67 0.3613238499032337
37 38 -0.2216430006090846
877 847 -0.5828743940673714
877 878 -1.5447119343673017
8 38 0.7888206367052696
8 878 -1.170177800795521
8 9 -0.3368459624157115
38 68 1.2348663427683186
38 39 1.752584785592725
878 848 -1.6457953846025657
878 879 0.49510569461463316
9 39 -0.3384081816308188
9 879 -0.23661799229620745
9 10 0.7660450733048012
39 69 1.642642765015614
39 40 -1.9243533939656792
879 849 -0.8915419650998332
879 880 -0.10548744773784752
10 40 0.468105096168196
10 880 -1.7989522982374486
10 11 0.552799263218919
40 70 0.9675458372638315
40 41 -0.8597011047669947
880 850 0.1867059054942308
880 881 -1.0374819521720646
11 41 0.5907761411246337
11 881 -0.31802680149114665
11 12 0.4430720633596825
41 71 -0.6943289328046053
41 42 -1.2504706360650664
881 851 0.00994223634928961
881 882 -0.14221011245133838
12 42 0.10358699051827616
12 882 1.5138003381845897
12 13 -0.5163529521691116
42 72 -0.32717221901313276
42 43 0.3574708129003191
882 852 0.31058723538524496
882 883 0.38673895020796106
13 43 1.3961013660063353
13 883 -0.25066239741634194
13 14 1.692676501521997
43 73 0.8089680364413209
43 44 -0.4222729338786287
883 853 -0.4138984352949645
883 884 -0.6539489040472709
14 44 -2.1426170881334228
14 884 1.6493176473396955
14 15 0.11974848659517856
44 74 -2.4509492374082007
44 45 -2.03291052797093
884 854 -1.538638605026662
884 885 -0.1304063488706668
15 45 0.8067079910279829
15 885 -1.0988904425606185
15 16 -0.243410063819661
45 75 0.3064245469771857
45 46 1.349680021092283
885 855 -0.44537004639079947
885 886 -0.9108097794726867
16 46 0.6892004557546357
16 886 -1.1676355445434654
16 17 1.8252908306584879
46 76 0.9266762604987697
46 47 -0.4721927482392577
886 856 -0.6425734959052968
886 887 -0.28559891176111557
17 47 0.22417638219753921
17 887 -0.7665029834551934
17 18 0.6429670533716835
47 77 0.09954192622309944
47 48 -0.7835672795163778
887 857 -1.4242036263010793
887 888 -0.6334442175395693
18 48 0.17130730305829306
18 888 -0.07291708171417707
18 19 0.4635019341580477
48 78 -0.0031051358148519747
48 49 -3.3669657921227207
888 858 0.5097903577621445
888 889 -0.6832720755067883
19 49 0.5537270775541253
19 889 1.1460576635595838
19 20 1.1362697294695934
49 79 0.7862196393955893
49 50 -0.2887699708943224
889 859 -0.3104440859142812
889 890 -0.7111958285960667
20 50 1.5567600674198194
20 890 -0.025921016499436605
20 21 0.6297538028953675
50 80 -0.041900211582122045
50 51 -0.3538464975514134
890 860 -1.0894709307947048
890 891 1.3125077300015355
21 51 -0.5172678945767429
21 891 0.28813232475235756
21 22 -0.0264776468251484
51 81 -2.6900533063018592
51 52 0.8146332921616705
891 861 -1.1031704024704916
891 892 -2.238025662631584
22 52 -0.5213533359842065
22 892 -0.7487810991234608
22 23 0.12971449055743653
52 82 -1.047746118686273
52 53 -0.5358965886328347
892 862 -0.5819113404404024
892 893 -0.17068702689584556
23 53 1.4067486995733458
23 893 -1.1151503909300906
23 24 0.9642804431860377
53 83 -0.31606452541163343
53 54 0.4205382029147323
893 863 0.8635105983275528
893 894 -0.07534567426729541
24 54 1.0910745615143815
24 894 -0.37814924609665734
24 25 0.17243702378408138
54 84 -0.260652504359305
54 55 1.5039765681382304
894 864 -1.999044467813223
894 895 0.2137934019949893
25 55 -0.7388667360328238
25 895 -2.793174253903015
25 26 0.015182322621747624
55 85 0.1314733665218962
55 56 -0.1822030723988478
895 865 -0.5396265726956558
895 896 0.5933707683105471
26 56 1.4187322084865752
26 896 2.0455411591709773
26 27 1.1306647439128057
56 86 1.2476383004509994
56 57 0.8331441163873718
896 866 -0.7550571891661234
896 897 -0.12704693859402377
27 57 -0.010729321665286257
27 897 -0.3502223441666215
27 28 -0.342335511114699
57 87 1.753678718372012
57 58 -1.320772566660699
897 867 0.5213034756279211
897 898 -1.3190013346819716
28 58 0.4503625218613284
28 898 0.763570464281434
28 29 0.7918900536586453
58 88 1.9821089890200954
58 59 0.23746408350885756
898 868 -1.788505659388044
898 899 -0.915566828460722
29 59 -0.2730815015452675
29 899 -1.0475285234688099
59 89 -1.7500479880077358
59 60 1.518199615657329
899 869 0.6187890906042307
899 900 1.6110799923028736
60 90 -0.1458049587894263
900 870 0.5347647343274528
61 91 -0.10350305944741915
61 62 1.3182725922238239
61 90 0.9507527048138474
62 92 2.5087516847584825
62 63 0.5080765779137032
63 93 -0.5910453790698939
63 64 0.3610066191293688
64 94 -1.1789572473107728
64 65 -1.4510858961685689
65 95 0.39926635230373
65 66 -1.2110448888679313
66 96 0.24313129889510868
66 67 -0.6190602060230367
67 97 -0.36949335656099597
67 68 1.419553047143545
68 98 0.7471095351837924
68 69 1.6253669959015995
69 99 1.0568305811294532
69 70 2.092502136058127
70 100 0.2090480239997213
70 71 0.5510370315916158
71 101 -2.0412179284562417
71 72 -2.342776162299984
72 102 2.3535117048793257
72 73 -1.1037032496489039
73 103 -0.26328025741976985
73 74 0.5390496246182065
74 104 0.8325963580551974
74 75 0.41920703954850863
75 105 0.2426692073892554
75 76 -0.4991846909143419
76 106 0.9638308265929484
76 77 0.5955252266949461
77 107 -0.20420354454814077
77 78 -0.1993862403545898
78 108 0.47359990980743666
78 79 -1.9324512376292995
79 109 1.2044393788574537
79 80 0.7910461608095047
80 110 0.09949738313403694
80 81 0.037089962531138755
81 111 -1.3579477397425535
81 82 0.18891317927540677
82 112 0.42825701547781664
82 83 0.5538636164904562
83 113 -1.0065540821519512
83 84 -0.048359459522213516
84 114 0.539272863996177
84 85 1.4248971818959117
85 115 1.3987207196247782
85 86 -0.045437080919284244
86 116 0.9134067534101783
86 87 0.37843750400267195
87 117 -0.4816134267031932
87 88 -1.6423295572577215
88 118 0.5911796137826896
88 89 -0.2860037901797273
89 119 -0.517359129968334
89 90 0.5669338143990529
90 120 -0.24092495973706862
91 121 -0.6313510153420817
91 92 -0.4313838518413462
91 120 -0.7079231873025754
92 122 0.25941084193492325
92 93 -0.2976457586866032
93 123 -0.6675636042827585
93 94 -0.36211339276493276
94 124 -0.41563811256589656
94 95 0.5098464540029821
95 125 -0.23991430941341002
95 96 -0.6151696032435855
96 126 2.301374626339943
96 97 0.7546299361910797
97 127 -0.35962084677484174
97 98 -0.151920246541045
98 128 0.8578400719199696
98 99 -1.193850481656245
99 129 -1.428913438634869
99 100 0.6814237622056023
100 130 -0.3008702004066785
100 101 0.6400489909746461
101 131 0.8380249554319038
101 102 -0.4817892994655151
102 132 -0.035648081182303046
102 103 1.5342926335269889
103 133 -0.7450198173481248
103 104 -1.777262904474947
104 134 -0.715137269490836
104 105 0.8251578370148818
105 135 -0.16500448701271211
105 106 0.49205359048095726
106 136 1.179728791021037
106 107 0.5350996055522912
107 137 0.9584171542912002
107 108 2.570600602573576
108 138 0.5880837475509159
108 109 -1.1099119836968068
109 139 1.0199267251522937
109 110 0.7618186572788453
110 140 -0.3749659628257451
110 111 -0.320446329752524
111 141 1.1116930983949134
111 112 -2.3417119262479726
112 142 0.19039428656868193
112 113 -0.7539778427982555
113 143 -0.6863431040849765
113 114 -1.6440148117446303
114 144 0.4814053932239548
114 115 -1.350634070115268
115 145 -0.9013018326722219
115 116 0.48140404335767106
116 146 0.8555775355536085
116 117 -0.027111377081619613
117 147 0.7954370711552259
117 118 -0.45645133756677
118 148 0.8505332814044226
118 119 1.4992371713093493
119 149 -1.3439080403009278
119 120 -0.7929792672071623
120 150 0.4988386988701035
121 151 -0.9096879984828933
121 122 0.5481580887537358
121 150 -0.7893723764017497
122 152 1.2974668984734643
122 123 -0.28400238621824997
123 153 0.3584153731396457
123 124 -0.511803059826546
124 154 0.774948498300746
124 125 -0.18360539110660962
125 155 0.8924575535094172
125 126 -0.5782009994220287
126 156 1.5069360823393803
126 127 0.11910272537476198
127 157 0.5314195414291695
127 128 -0.5844952162436853
128 158 -1.830241161056791
128 129 0.023569115352172324
129 159 -0.08516345381401347
129 130 -1.0090057466851199
130 160 -0.7105018747282933
130 131 -0.13410629745363634
131 161 0.1666021607900326
131 132 -0.028771229199561713
132 162 -0.9713955590018699
132 133 -0.36511876378768165
133 163 1.798991981102365
133 134 0.4136732074595425
134 164 0.13613664737982267
134 135 0.12498843186250329
135 165 -1.0312425267518268
135 136 0.23581122177514455
136 166 0.3323662690298628
136 137 -1.608303335535533
137 167 -0.3994720105108244
137 138 -0.49989406397024283
138 168 -0.9161405057736773
138 139 0.3304805369726466
139 169 -1.5577152543908284
139 140 1.6413590335783188
140 170 -0.8919152584102631
140 141 0.5992551142711295
141 171 -0.33971448009133326
141 142 2.057987306668399
142 172 -0.14405107150218877
142 143 -0.9557174088821395
143 173 0.8967275283167333
143 144 -0.5512604251958142
144 174 -1.6128879248405203
144 145 -0.5109781571688041
145 175 1.7346412178291062
145 146 -0.8583461462391263
146 176 -0.14734686135111302
146 147 -0.3907397814529102
147 177 -0.6667846974844862
147 148 -0.6883239876305272
148 178 -0.7381195617584144
148 149 0.4860562613794883
149 179 -1.5044778642737562
149 150 -1.0913577648103554
150 180 0.4213787376403699
151 181 0.8511694487839985
151 152 1.6192730975224754
151 180 -1.491523121210163
152 182 -2.324207608972754
152 153 2.521222555486968
153 183 -1.2297862415351386
153 154 -0.8722505822119349
154 184 0.7767721410176385
154 155 -0.09882189033123766
155 185 -0.48378680720638106
155 156 1.7103201533271357
156 186 -0.10373013055406878
156 157 0.5520997135944378
157 187 -0.49144949951592537
157 158 0.17669155595875408
158 188 -0.9810349960916741
158 159 0.1868752593829579
159 189 2.287485773389336
159 160 -1.3175493834497478
160 190 2.636173596470062
160 161 0.1879064033215767
161 191 -0.15866108691646696
161 162 -1.7013179403926542
162 192 0.6126421513901399
162 163 0.9266342451763856
163 193 -0.9709945939892125
163 164 1.184771562491462
164 194 -0.5361713774801835
164 165 0.8829802170025782
165 195 0.5212800463219015
165 166 -1.8176928572475228
166 196 0.3917551541364135
166 167 -1.286396219219728
167 197 -0.8156326502300616
167 168 -2.894961870718295
168 198 1.0597206463729865
168 169 0.3390161164753394
169 199 1.081443829872374
169 170 -1.106870920519215
170 200 -0.2411812703594183
170 171 -0.734161243675203
171 201 -1.567114862908422
171 172 -0.8500814166253761
172 202 -1.4579318553115703
172 173 -0.9403518645860983
173 203 0.14384204669128314
173 174 -0.7097464180397461
174 204 0.2717876246393438
174 175 2.555081919656493
175 205 -0.5506870980465126
175 176 -0.3849689538145895
176 206 1.6669869890092468
176 177 -1.3469644246733112
177 207 -0.6013541225850711
177 178 0.8141004421735727
178 208 -1.756016821618089
178 179 -0.595007826202653
179 209 0.0808873510788241
179 180 -2.0184275271787304
180 210 -0.02979255989230057
181 211 -0.069137375693831
181 182 0.6510104656211115
181 210 1.0876150370759
182 212 -0.22807540160403034
182 183 0.5511537894742197
183 213 0.8733054751458645
183 184 1.3433054978031422
184 214 -1.1865007934017744
184 185 -0.5774841291904007
185 215 -0.18888701482104223
185 186 1.6291941053746546
186 216 -0.7392737225552396
186 187 -0.38031752677131386
187 217 -1.4624608486889747
187 188 -0.7249348830258221
188 218 -0.9484946325459216
188 189 0.5797120882668951
189 219 -0.00881065179451802
189 190 -1.0354635552934452
190 220 0.6111559376581168
190 191 0.5101392488702102
191 221 1.4334157822255778
191 192 -0.12111344493923826
192 222 -0.10934200647383291
192 193 0.9459274318623935
193 223 -0.3145660154179959
193 194 0.22936967620675455
194 224 1.3195359645681561
194 195 0.27825295693215363
195 225 0.4978623198135347
195 196 -0.7277023409123652
196 226 -1.0578990181763193
196 197 0.2604142823779669
197 227 1.1616401447848108
197 198 -0.5517585109270317
198 228 -0.6959761078188481
198 199 -0.4140548886151939
199 229 -0.3609694728459492
199 200 0.1255946200206814
200 230 0.36833920280403837
200 201 -1.0797226391189507
201 231 0.00041511653786991434
201 202 1.355179944519225
202 232 0.7600793351049306
202 203 -0.5607566722835813
203 233 -0.13677159733455213
203 204 -1.6037409560374067
204 234 0.7156392195636563
204 205 0.31731686145554866
205 235 -1.1533959564647436
205 206 0.25532603204829557
206 236 0.3399208222939993
206 207 0.9211052621374058
207 237 -1.640602909619715
207 208 -0.3185607448135342
208 238 0.01190455197480657
208 209 0.2074193609485585
209 239 0.07065792491220142
209 210 -2.0071026364576032
210 240 -0.7564776612232734
211 241 1.1740526352612641
211 212 -0.8764386315275301
211 240 1.1954428557611307
212 242 -2.054912062571717
212 213 -0.6508941552461897
213 243 -1.1720120841486052
213 214 -0.7946597742040864
214 244 -0.020537940001255466
214 215 -0.7904865957976918
215 245 1.6684117133289824
215 216 -0.46239801207356734
216 246 -1.518007278788817
216 217 0.9816089097731727
217 247 0.06941959667419567
217 218 0.32382672418859443
218 248 0.9685243734724504
218 219 -0.6277960202074923
219 249 1.6260023671673625
219 220 0.5810187983338861
220 250 -0.6692286338568938
220 221 -1.3327673188545592
221 251 1.8428056500169236
221 222 -1.0508633338586537
222 252 -0.7075664413709557
222 223 0.6526599544290029
223 253 -0.4698897864988351
223 224 -0.24050802944194838
224 254 0.35755756092966606
224 225 -0.313722483070986
225 255 0.09644699819855658
225 226 -1.4786991487644465
226 256 0.599131829647681
226 227 -0.6517300213871693
227 257 0.001014127063178164
227 228 -1.5496381892527091
228 258 -0.7753082759269383
228 229 -1.0389433364106622
229 259 0.6220930435090012
229 230 0.3496435425475616
230 260 -1.205144670698264
230 231 -0.2200668867315086
231 261 0.9227851192980275
231 232 0.115578289005181
232 262 -1.3404035589701582
232 233 0.8951293744210521
233 263 -1.1596367331262254
233 234 0.6499148457580716
234 264 0.30125305771410277
234 235 -0.5526588959677873
235 265 -0.9086705058997114
235 236 -1.848868350230178
236 266 -1.2474095824485485
236 237 -0.7530451910469618
237 267 -0.7229020732265418
237 238 2.1785863935983665
238 268 0.29403274890688436
238 239 -0.9276725978398105
239 269 -0.42481170046155897
239 240 -0.18405651967878317
240 270 -1.3486540635106599
241 271 0.2754258137381134
241 242 -0.15591356503026457
241 270 -0.5931432829816319
242 272 1.362756627068339
242 243 -0.233428111101706
243 273 2.8454570053148345
243 244 1.9554639901476563
244 274 1.7000448424583245
244 245 -0.6302054323996262
245 275 -0.020569942781975815
245 246 -1.1924007847357678
246 276 -1.4353411863658636
246 247 -0.8252977336440052
247 277 -0.6651494551169886
247 248 -1.7724717073886225
248 278 -0.18047590364874272
248 249 1.114114854731689
249 279 -0.796473341175641
249 250 0.2530256324690125
250 280 -0.5190971389163966
250 251 -0.0877056030672928
251 281 0.9465456824940062
251 252 -0.18742581062343133
252 282 1.4467498791113413
252 253 1.899394340937751
253 283 -0.49106361708981805
253 254 1.9733039590403434
254 284 -1.1464261160996823
254 255 0.6192925129757522
255 285 1.5324661224826979
255 256 -0.11470869036245541
256 286 0.9799098829735728
256 257 1.582719966685345
257 287 0.5134572289786044
257 258 -0.7026248106801268
258 288 -0.7310840763669805
258 259 2.1338837764878025
259 289 1.7262948556456088
259 260 -0.17901964863548686
260 290 1.409860253370647
260 261 1.0243328120855415
261 291 -0.024397417349178996
261 262 0.08478355503161582
262 292 0.07948973703440729
262 263 0.45495136076549203
263 293 1.972466347026134
263 264 0.03619255641954828
264 294 -1.4339803815424923
264 265 -2.4013054137143777
265 295 -0.3642903693557024
265 266 -0.2976634297954327
266 296 -1.4811421812185792
266 267 -0.5349494084592862
267 297 0.8308256985929738
267 268 -0.6195447025897838
268 298 -0.04316428195256719
268 269 -2.2359215094705873
269 299 -0.015040294910724686
269 270 0.9387540355464011
270 300 0.5364551902929339
271 301 -0.5590871116910731
271 272 -0.8603475032183677
271 300 0.44123418982163587
272 302 2.1971730288022955
272 273 -0.006976808329949372
273 303 0.6035926311732552
273 274 -1.0567562856369122
274 304 0.26214203017768695
274 275 -1.8671361015638197
275 305 -0.3980816408149344
275 276 1.0998447017515025
276 306 0.5539844733644135
276 277 -0.0763885793349635
277 307 -0.33970291600403024
277 278 0.8122994208765594
278 308 0.338285840906907
278 279 0.6015858745863665
279 309 -1.0757351465861038
279 280 -1.7392288878751474
280 310 -0.38517920280980555
280 281 -0.010655247331454176
281 311 -1.3838339181131243
281 282 -1.028603668430803
282 312 -0.918555804309893
282 283 -2.766000809412158
283 313 -1.9000659166979672
283 284 0.22490877917528326
284 314 -0.25432364685072334
284 285 -0.6903014110296398
285 315 -0.6656593513831955
285 286 -0.5169350955453136
286 316 -1.1667439720955508
286 287 0.9226501690429477
287 317 0.5419226620447112
287 288 0.7612642518132017
288 318 0.28046983800711345
288 289 1.1140832815061574
289 319 0.4013676874265947
289 290 -0.8130425820942802
290 320 0.7323402960403506
290 291 0.05220816258410441
291 321 -0.27769206698610055
291 292 -1.371683243463753
292 322 0.5923685191799194
292 293 1.0595409814596055
293 323 0.7470001675534259
293 294 -0.7310415616246579
294 324 2.0209979338083484
294 295 -1.5064686168896653
295 325 -0.40429375698731335
295 296 0.27237954164176276
296 326 0.5470026615566096
296 297 -0.3545775693013801
297 327 -1.6284321411555724
297 298 -0.07549564199666692
298 328 0.01571202397793745
298 299 -0.19709681535922166
299 329 -1.1844729459755783
299 300 -1.2520467431166458
300 330 -0.14531805266879178
301 331 0.6432993664635643
301 302 0.6352298518977118
301 330 1.2964333587878853
302 332 -0.2018277710912657
302 303 0.11123439027460438
303 333 0.09241975009177164
303 304 -0.6928374211629129
304 334 -1.2681742354119574
304 305 0.5025271625466382
305 335 0.4950673454245823
305 306 0.7395318397046236
306 336 0.5401797091920496
306 307 0.11764795935576607
307 337 -1.420708012090014
307 308 -0.7987737039211594
308 338 -1.5439603542423728
308 309 1.2014855924398757
309 339 -0.4245143592674863
309 310 -0.16260341421053298
310 340 1.0911681991772806
310 311 0.1827949544188249
311 341 -1.175195569408998
311 312 0.4128643604448148
312 342 -1.2997782458557132
312 313 0.1278748385499027
313 343 0.4172943658923978
313 314 0.46545215051694994
314 344 -0.023686624051315067
314 315 -0.6862335640438688
315 345 0.31291000051542484
315 316 -0.9480833980739903
316 346 -0.0908831227355238
316 317 0.40490567267237826
317 347 1.1109339380048293
317 318 -0.32220277366201555
318 348 -1.1969331301452275
318 319 -1.8159926507283666
319 349 2.106147661711091
319 320 0.6944680336283737
320 350 -0.0775723944958839
320 321 -0.44420163946767277
321 351 0.573606078781649
321 322 1.5639286684123475
322 352 0.5232016074826057
322 323 0.04768467170856929
323 353 -0.05763103980654454
323 324 0.9096849346074187
324 354 0.9523327613316345
324 325 -0.8140584872457854
325 355 0.7690527791882075
325 326 0.4255703109691813
326 356 0.8285714690028539
326 327 -1.100563024566124
327 357 -0.0067359558934643295
327 328 0.13820399175109097
328 358 -0.03948629596905982
328 329 0.951350803727186
329 359 0.9320360584766767
329 330 1.0972914803549445
330 360 -1.998611633588356
331 361 1.7998890926951254
331 332 0.6879047910450823
331 360 -0.02612236557107668
332 362 0.1978343366283905
332 333 0.9605042405519387
333 363 -0.2587624476057621
333 334 -0.46599330618607465
334 364 1.5430987710668678
334 335 -1.9486799914449617
335 365 0.7726480703156269
335 336 0.7528746232812565
336 366 0.4677358002970779
336 337 0.035402108067518256
337 367 -1.2184439052552134
337 338 -1.002761302013316
338 368 -0.5505787169661963
338 339 0.61664580208665
339 369 -1.503905360083465
339 340 -0.08517169137424281
340 370 0.22939579344516525
340 341 1.7344982056427602
341 371 0.258396533414987
341 342 0.10481754062299536
342 372 0.3587471953892421
342 343 -0.7568978654922524
343 373 -0.3851505278634683
343 344 0.45383399753317627
344 374 -0.8098992178433396
344 345 0.009811717239222289
345 375 -0.20188786274718892
345 346 -0.6577602559157076
346 376 0.5864557526178532
346 347 -0.20168361731331308
347 377 -0.3046510314629591
347 348 -1.0009515397783506
348 378 -0.28791876840919667
348 349 0.6616395880837088
349 379 -0.2018142028486033
349 350 1.305753111637695
350 380 -0.7496052162385225
350 351 -0.8631931930162309
351 381 1.2703795510944698
351 352 -1.456610834841067
352 382 -2.2676748026666025
352 353 0.07975960186866198
353 383 -0.035231596813828876
353 354 0.6933797301051409
354 384 1.2310399157023182
354 355 -0.22880829060032848
355 385 0.14491237521898018
355 356 1.2816625452833688
356 386 1.6927223545721142
356 357 -1.0669928778019457
357 387 -0.5541691320388985
357 358 -0.246369767360952
358 388 -1.0884759840517677
358 359 -0.14879268821788286
359 389 0.765328397085846
359 360 -0.2596089905475153
360 390 -0.6180915345124064
361 391 -0.49408532529635935
361 362 0.7078416135464461
361 390 -0.16924295539312498
362 392 0.6386948088722222
362 363 1.0229537199046104
363 393 -0.7298587950451898
363 364 0.027022840408521976
364 394 -0.19149844158946552
364 365 1.296758961708944
365 395 -0.6777233752808912
365 366 -1.8145018885913216
366 396 -0.45003633987205566
366 367 -1.2582233485220982
367 397 1.1290785728541692
367 368 0.10600051268410013
368 398 0.5101714788095862
368 369 0.6585871175005813
369 399 0.03201206297400504
369 370 -0.5589995185272911
370 400 0.5198141089631868
370 371 0.6440272903052884
371 401 0.24671999111685264
371 372 0.40009053072453565
372 402 -0.06593831919743758
372 373 -0.7568696910043589
373 403 -0.41493058963014057
373 374 0.8430655756648296
374 404 0.38004721901062466
374 375 0.08572912320143396
375 405 -0.8973646586969078
375 376 -2.267674838866593
376 406 0.6490564887714975
376 377 -0.6383670453229406
377 407 2.1786147960401125
377 378 0.27680990890077195
378 408 0.9868471947588144
378 379 0.22048336794889264
379 409 0.006967416476389378
379 380 0.5415219099000198
380 410 1.2936936492343072
380 381 -0.025074451230523306
381 411 3.172420737054063
381 382 0.28709023369052056
382 412 0.4465787290922491
382 383 -0.27837460194771135
383 413 -0.8634721456405345
383 384 -0.6341806376615446
384 414 0.7043153430689661
384 385 -0.5604143419560097
385 415 -0.7383206276709648
385 386 1.1305658245234695
386 416 0.8546629659501477
386 387 -0.1731551795397157
387 417 0.9224173968243429
387 388 -0.049614595405952554
388 418 -0.046120832583411576
388 389 -0.7995925210983589
389 419 1.916769630046185
389 390 0.24456638812124654
390 420 0.9921321639819894
391 421 1.8878983156279516
391 392 -0.30485128797301514
391 420 -0.37214049068190386
392 422 -1.3224116714421448
392 393 1.086739084860745
393 423 -0.4552247365463839
393 394 -1.0090653252723314
394 424 -1.1010773989782563
394 395 -0.019426159246657883
395 425 2.5401957864533613
395 396 -1.150885103619538
396 426 -0.2225870076853341
396 397 -0.28661341774749616
397 427 -0.9872066958136889
397 398 -1.2773249669909357
398 428 -0.7229430122739705
398 399 0.8736684858348632
399 429 0.06909794115896241
399 400 -0.10886852483341568
400 430 1.3337258785050266
400 401 1.0456485318812032
401 431 -0.46356140086720043
401 402 -1.1058044833050695
402 432 0.26324632060611364
402 403 -0.7843928251175024
403 433 0.41851810396256356
403 404 0.06210749633840425
404 434 1.8192490269586052
404 405 0.6416617959673647
405 435 0.13666905490316023
405 406 -1.2084116968714809
406 436 1.5673132971772843
406 407 0.2242344132398826
407 437 -0.9030721151453885
407 408 -0.995187821498588
408 438 0.21588854536878244
408 409 0.15670357994558146
409 439 -0.39788942810340777
409 410 -0.3426191043391621
410 440 0.07821123607716299
410 411 0.35029353476319447
411 441 0.8099904278686189
411 412 -0.7723017262164018
412 442 -1.0267873954775801
412 413 0.4207572583112408
413 443 0.7340917277945436
413 414 0.35322908848065776
414 444 1.108793511100686
414 415 -1.4472320516337283
415 445 -0.2754177814567112
415 416 1.7716429948291748
416 446 0.6359942560714031
416 417 0.10288518334317331
417 447 0.37694059559492793
417 418 0.8998331235317235
418 448 -0.05313006893591811
418 419 0.07108925390971535
419 449 -1.567365429401994
419 420 0.6078128177194358
420 450 1.4536222521962059
421 451 -1.2677626044505699
421 422 0.6157444004566883
421 450 -0.6604736455382662
422 452 2.1734545194994443
422 423 0.9367877613858852
423 453 -1.0328448978833262
423 424 1.085077510863616
424 454 1.4641586523311518
424 425 -1.7282986244999152
425 455 0.6852161090595786
425 426 0.24024907590075806
426 456 -0.39651745135957317
426 427 0.3071070444678177
427 457 -0.6730888545942424
427 428 -0.034253648207735375
428 458 0.33076796373370937
428 429 -0.464046424714874
429 459 -0.8590989811221679
429 430 -0.79195906521072
430 460 0.5821967175171596
430 431 -1.0390468956015073
431 461 0.17859754866194116
431 432 -1.295418089977764
432 462 -0.5187798932533204
432 433 -1.2659306751580104
433 463 -1.7354739624216367
433 434 -1.5369734939422057
434 464 -0.07631466147844645
434 435 -0.34628123120124044
435 465 -0.8155381784244651
435 436 -0.43497991768291094
436 466 0.28064324278022
436 437 1.0063126739416397
437 467 0.7344329367292526
437 438 0.7423910790003639
438 468 0.15398962907176209
438 439 -1.1425773547583435
439 469 -1.1147668998439209
439 440 -0.2212951558477654
440 470 -1.83438418052734
440 441 0.41615666721988614
441 471 -2.2371278830740544
441 442 -2.5262503493848594
442 472 -0.06609732167080182
442 443 1.3099078278920218
443 473 -1.0574125246089392
443 444 -1.6913964484487651
444 474 0.8474078078081293
444 445 0.19248788076479662
445 475 0.09084995644362408
445 446 -1.4100675198051935
446 476 -0.97579383324022
446 447 0.0030286389845386196
447 477 1.0510629288655486
447 448 -0.8991119065683059
448 478 0.012053560115459275
448 449 -1.0082161608637323
449 479 -1.183954731386925
449 450 0.35951087627589134
450 480 0.379882275684499
451 481 -0.8082060678044892
451 452 1.1531984818788863
451 480 -1.5692345790375402
452 482 -0.3713291648669731
452 453 1.9728832969835481
453 483 -0.9853012941376299
453 454 0.21093620646471434
454 484 0.9716961613242497
454 455 -0.22992159075042393
455 485 -1.291136092922431
455 456 0.8989594846772885
456 486 -0.2236288440700607
456 457 -0.7842738690119481
457 487 -1.301583132526401
457 458 -0.2162515389037013
458 488 -0.8872497794146786
458 459 0.886126157881904
459 489 -1.9962732092799536
459 460 0.5495781625689589
460 490 1.0597865004255207
460 461 0.3716004065918507
461 491 -0.41255344972071
461 462 -1.3797258022733023
462 492 -1.0844505878196313
462 463 -0.19018217020322595
463 493 -0.32666199538451185
463 464 1.5388302224973933
464 494 -1.007391194729713
464 465 0.30300245799728903
465 495 0.4947316222796083
465 466 1.6268277768132025
466 496 -0.17733530021355656
466 467 1.0729496809404693
467 497 -1.0283732546616395
467 468 1.2024955289864347
468 498 1.204814484701931
468 469 1.1486162786379375
469 499 -0.8195745704581764
469 470 2.0606842598791437
470 500 -0.16634133766038736
470 471 -0.07530774372902803
471 501 -0.27612101311100085
471 472 -0.3654172130292268
472 502 -0.029570392269975675
472 473 -0.1484278618301831
473 503 0.7273529651381918
473 474 -0.8709787140471289
474 504 0.19411117918986748
474 475 0.06872240976058822
475 505 -1.0490775915388222
475 476 -1.808226096831134
476 506 2.040721023665527
476 477 -0.7608370482870558
477 507 -0.12933940686879472
477 478 1.4271638989430335
478 508 1.0206267186744364
478 479 -0.5009485995667234
479 509 -0.07465956776918324
479 480 0.01208228809159775
480 510 -1.9443120545448602
481 511 -1.9386281175818716
481 482 0.6993005391477575
481 510 0.6450162775096487
482 512 0.4024279168881762
482 483 -1.5317469266983743
483 513 -1.271898031538381
483 484 0.5632823140541025
484 514 -0.6343178741011608
484 485 1.3169390514394712
485 515 -0.44557124427139966
485 486 1.2963131505607834
486 516 -0.49618798136875264
486 487 0.881485400035804
487 517 0.8748509320634502
487 488 0.5518666433954552
488 518 0.7377770533867154
488 489 -0.864049391820406
489 519 0.6468313693131068
489 490 0.8492578128779618
490 520 0.9231195210507708
490 491 -0.36409002655594797
491 521 -0.5766465392193978
491 492 0.28952293896055337
492 522 0.456430165554047
492 493 -0.8110762159091804
493 523 -1.1230682153507174
493 494 0.23612286279230482
494 524 -0.5741749132037001
494 495 0.10500364103619511
495 525 1.2658691907333126
495 496 1.7554216151153081
496 526 0.9748178148253308
496 497 0.9331301912775968
497 527 1.8840699684414597
497 498 -1.2347309169109653
498 528 -0.40886277312901514
498 499 0.7737244934854964
499 529 0.6376160558782857
499 500 0.9496066545252287
500 530 -0.15963941424212164
500 501 -0.9940539823565374
501 531 0.8653817925569331
501 502 -1.0402518112340342
502 532 0.235365201446162
502 503 -1.148099711560654
503 533 -0.36845830742329483
503 504 -1.3038869249826845
504 534 0.4563087040323586
504 505 0.24187964072630033
505 535 -1.6422096635771495
505 506 -1.2384578910364228
506 536 -0.2566928291842379
506 507 1.3261350591532584
507 537 0.27216249356485367
507 508 -0.5984012173473945
508 538 -0.7222325754981967
508 509 0.23064875302417193
509 539 0.1581830848123614
509 510 -0.3274748765851134
510 540 0.570109418178812
511 541 -1.3086106309752807
511 512 -1.0592229277226948
511 540 -1.999497647177506
512 542 0.2807046528076278
512 513 -2.2411958853115848
513 543 0.19249779684589824
513 514 0.6289904534040327
514 544 -0.43648626429486603
514 515 1.3377601289424852
515 545 0.4286067564478576
515 516 0.8346578069062899
516 546 -1.5327498286323262
516 517 0.7397103398902659
517 547 0.12142748755399255
517 518 1.5141013918138226
518 548 0.5886951060113036
518 519 -0.03054920720585541
519 549 0.9310945352760551
519 520 -1.9618845036761943
520 550 -0.13130535959416303
520 521 0.736867716690937
521 551 -1.0329492391840192
521 522 1.3706602403117545
522 552 0.7323552432472138
522 523 -0.9371558203833558
523 553 -0.08431205002780054
523 524 0.7532808792163663
524 554 0.49815610846657193
524 525 -0.036816761281821445
525 555 1.145358447241289
525 526 -1.2831134375990063
526 556 1.4067924954530917
526 527 2.56511109549985
527 557 -0.34639728680497084
527 528 -0.6213114621776148
528 558 0.5790197434488937
528 529 -0.3598629356239588
529 559 0.44235110517488113
529 530 -1.7742440644037456
530 560 0.2560687531279224
530 531 -0.8422445075660634
531 561 0.6439884301218067
531 532 -0.6189754778858997
532 562 -0.1815840375343717
532 533 -0.13674389872516643
533 563 -1.2488573478113811
533 534 0.6043712880236672
534 564 0.04298823743639112
534 535 -1.0399502978228543
535 565 -1.0953113057199724
535 536 -0.6085867647519768
536 566 -0.11615470577712378
536 537 -0.29475556407136305
537 567 -0.36450849299913474
537 538 0.17706896088512347
538 568 -2.7888158673367505
538 539 0.5734572819998086
539 569 1.894699930410654
539 540 -1.2327507274499232
540 570 -0.005823683337099998
541 571 1.999382671677738
541 542 -0.019165375298760133
541 570 -1.0559489377737115
542 572 0.09577498754812379
542 543 1.3949074148656868
543 573 0.6138712320646382
543 544 0.5986337412419505
544 574 -0.7600827271337544
544 545 -0.9108553313982317
545 575 0.5841536052121772
545 546 0.11699293863930355
546 576 0.04443110745208964
546 547 0.6316888790481203
547 577 0.23387588235668907
547 548 -0.32374511521820604
548 578 0.3317117840648432
548 549 0.012988926371965206
549 579 1.2175735706371187
549 550 0.6153412429677565
550 580 1.4068752572610235
550 551 -0.22636697982510126
551 581 3.677268536101189
551 552 -1.12131509195638
552 582 -0.5989405771267544
552 553 -0.41381004159703544
553 583 -1.1984091093385663
553 554 -0.8332162942054897
554 584 -0.6114622083814627
554 555 -0.8366744642546949
555 585 0.17508097103247633
555 556 -0.06860174472885712
556 586 0.17505986535316712
556 557 0.5934166261715623
557 587 0.13322226230132014
557 558 0.2697427155238406
558 588 -1.6210095269041733
558 559 0.818095064493545
559 589 1.0868139313188028
559 560 -0.6299166308837619
560 590 -0.2842371168551858
560 561 -0.482715826620937
561 591 -0.2967406063321865
561 562 -0.10993330471216481
562 592 -0.6392717127417232
562 563 -0.12240413061229664
563 593 -0.43545530286411804
563 564 -0.18062532606869386
564 594 -0.617978530345019
564 565 -0.2834252311978278
565 595 0.7457931758504073
565 566 -0.317628903382888
566 596 0.5746021511222742
566 567 0.22288998049220388
567 597 -0.04755083924933588
567 568 1.4501221572844216
568 598 -0.26712666746625296
568 569 0.6325075162198018
569 599 -0.7065105283688246
569 570 -0.2617084885280434
570 600 -0.14967466703607546
571 601 -0.3192742221545732
571 572 0.18051661025146773
571 600 -0.7570570433248193
572 602 -0.9301457360262463
572 573 0.4991190829703069
573 603 0.8247539302160823
573 574 -0.34742004921315267
574 604 -1.5464624133345233
574 575 -0.028492334258755112
575 605 0.39478670349663036
575 576 0.45950262569733763
576 606 -1.0453889909020062
576 577 0.21778983230082877
577 607 0.14929631290260897
577 578 0.5937416995890813
578 608 0.7910054278540974
578 579 1.3643861255742291
579 609 0.08901045294788049
579 580 -0.5945880776833283
580 610 0.4892751999958269
580 581 0.9125916985461666
581 611 -1.4185047342579449
581 582 -0.022642557082273487
582 612 -0.5611753470745017
582 583 1.0067395581247827
583 613 -0.4365375420222064
583 584 -1.360484344720754
584 614 -0.4676035910429706
584 585 0.5188375495480454
585 615 0.49769069214430023
585 586 1.0884796879954979
586 616 0.4506823804693221
586 587 1.7537022961596846
587 617 -0.1356693145984953
587 588 0.2845857159348125
588 618 0.4155145479331903
588 589 0.08551166590656381
589 619 -0.4203516725316983
589 590 -1.9447637275176768
590 620 1.027227212344256
590 591 0.7924115502687731
591 621 -1.730359304137672
591 592 0.038426288226385746
592 622 0.0441025752131149
592 593 -0.8991069677393061
593 623 0.36880518267498147
593 594 1.2518277392641037
594 624 -0.3634650645713617
594 595 0.703005334727826
595 625 -1.5485686673468175
595 596 -1.5945967828124996
596 626 1.2886821675243463
596 597 -1.2072406124684623
597 627 0.1256476655347053
597 598 -1.190007094895999
598 628 -1.1197244335140137
598 599 -1.7377572551996374
599 629 0.5531203710232259
599 600 1.6234695746095111
600 630 0.2723652363235153
601 631 0.35945562776369483
601 602 -0.30018162571262563
601 630 0.7920867322181326
602 632 0.8148087186775038
602 603 -0.12548183254250742
603 633 0.15780137903128863
603 604 -0.038929262035188976
604 634 -1.2856177105409208
604 605 0.468333887016756
605 635 -1.1112979576854736
605 606 -0.829279200793711
606 636 -1.4207060379236567
606 607 -1.8095882006111086
607 637 1.1350431487268606
607 608 -1.5035141679822057
608 638 0.7139980529360702
608 609 0.2783084376019355
609 639 0.37707721581169407
609 610 0.8561934702153738
610 640 0.7808532779518452
610 611 -1.2774620186039742
611 641 -0.38524865883645637
611 612 -0.7029754457877504
612 642 -0.8477464298134898
612 613 -1.3386285142166219
613 643 -0.5821123253204403
613 614 0.9682868169915338
614 644 2.5087918315043427
614 615 0.19268376477606627
615 645 -0.31804404658154434
615 616 -0.6276903885033226
616 646 -1.3719935875022198
616 617 0.6315685243269233
617 647 1.6854817612802713
617 618 0.6212692924268233
618 648 1.7821227417791377
618 619 -0.29552463187906736
619 649 1.1721809268636874
619 620 0.4727186348959832
620 650 0.98919609825489
620 621 -2.2535703953634196
621 651 0.48347171944110684
621 622 -0.44527503042260663
622 652 -1.1868243884021177
622 623 -0.6290718688363538
623 653 -1.0495222719186097
623 624 1.286662645620685
624 654 0.6099882276967127
624 625 1.4674410906935917
625 655 -1.7963417345292003
625 626 -1.2261558024784902
626 656 -0.5362481236728203
626 627 -1.0916410025574095
627 657 -0.38005244390455717
627 628 1.1291229122581716
628 658 -1.0496370128947228
628 629 0.2980559546236731
629 659 1.0225272846681805
629 630 -0.027010343173324267
630 660 2.411592743310463
631 661 -0.05756927926396642
631 632 1.5822668686377135
631 660 -0.09840893946141985
632 662 1.3113275143956162
632 633 -0.4540775864940619
633 663 -1.1110973396407298
633 634 0.44205210585227933
634 664 0.6850533526848512
634 635 0.24692068485733595
635 665 0.2644673065529875
635 636 -1.3013956594847682
636 666 0.7212060200828315
636 637 0.8719480559975256
637 667 -1.0535487490694242
637 638 0.7720353909772631
638 668 1.3756969304361626
638 639 1.2845385559234606
639 669 -0.9509915954327098
639 640 2.0590058590326423
640 670 0.9194098011961634
640 641 -1.9354451782310598
641 671 0.7075746949703275
641 642 0.03211522436827109
642 672 -0.25846100517119347
642 643 1.9403956575142114
643 673 0.6574882728271199
643 644 -0.3860943331630674
644 674 -0.5125811283617151
644 645 -1.5029180267115296
645 675 -0.9217221793797368
645 646 0.12751166730693275
646 676 0.1542569093140227
646 647 0.4703599904673392
647 677 -0.4267587139975859
647 648 0.1463221612817835
648 678 0.44983481877068376
648 649 0.9566113075539328
649 679 0.3295258364393227
649 650 -0.864507778221
650 680 -0.12160081330064705
650 651 1.7497510987737908
651 681 0.43592565219931734
651 652 -0.03807335282675761
652 682 0.026789917391981836
652 653 0.026613764059897065
653 683 0.2350819147617783
653 654 1.0545076939611346
654 684 -1.0653189197043131
654 655 -0.157935186976129
655 685 0.13423069737284984
655 656 -0.04796652801891296
656 686 -0.47748878189886534
656 657 -0.08851513427086806
657 687 0.27687714531194973
657 658 0.2600236903849218
658 688 1.1976490868598484
658 659 0.16500749384514293
659 689 -1.015114244318271
659 660 -1.027226702184391
660 690 1.6417872605125328
661 691 -1.96213288723217
661 662 -0.11780251743821953
661 690 1.7059115187001876
662 692 0.03809017908371446
662 663 -1.0752725200222872
663 693 -0.9809523043203766
663 664 0.625147885103384
664 694 -2.779992458157459
664 665 0.2093504543974303
665 695 0.06277794291965443
665 666 -1.065249675936357
666 696 -0.07696860654231377
666 667 1.7428161700127816
667 697 -0.12066663847530876
667 668 -0.8827232198759677
668 698 -0.9147874381088639
668 669 -0.5866161586038431
669 699 2.1074231934525907
669 670 0.7931115948559024
670 700 -0.5375764847428999
670 671 1.6760090114626165
671 701 -0.5459932982454586
671 672 1.6028340570644668
672 702 0.3702247202274232
672 673 0.0681902804574175
673 703 0.5290022848279019
673 674 0.05482842370747439
674 704 0.03708910258120245
674 675 0.7486981912348437
675 705 0.09347448076115923
675 676 -0.531418418627748
676 706 -0.7215353970743507
676 677 -1.6162837129623557
677 707 1.1830015967098355
677 678 0.41361487917514506
678 708 0.1404638933279796
678 679 -2.215747872119232
679 709 -1.029377603364242
679 680 -0.6678026554855725
680 710 -0.1931010669482534
680 681 1.2199270179509807
681 711 0.39592047358772625
681 682 0.785873188346367
682 712 -1.1425818894866733
682 683 1.269585901605464
683 713 -0.01923111480192459
683 684 -0.7066265335508659
684 714 0.7529134849836275
684 685 0.8735682620065387
685 715 0.09106231286311964
685 686 -1.036873500749709
686 716 -0.4312538801413692
686 687 -1.304464567450621
687 717 1.1363970770390082
687 688 0.03195854623448093
688 718 -0.8660235555969894
688 689 -1.172790418160673
689 719 -0.7420313637899113
689 690 -0.6943829030921204
690 720 0.292518932062531
691 721 -0.5296789847738571
691 692 -1.6502401689157613
691 720 0.08922151216625447
692 722 -1.0866347819070206
692 693 0.3427416784239571
693 723 0.6715649959046425
693 694 -2.1124342394348505
694 724 -0.1176822328608735
694 695 0.8853253249911087
695 725 -0.6781064042201863
695 696 0.22171698922160282
696 726 -1.1473499512533876
696 697 0.50633028724311
697 727 -0.3813071043943219
697 698 1.1107169080693053
698 728 0.857649181574043
698 699 1.6508009416240466
699 729 1.0515585335550763
699 700 -0.6028880834576326
700 730 0.47310160968111803
700 701 1.0088927788793742
701 731 -0.06823509798332249
701 702 -0.3069121182569474
702 732 -1.0451232069693277
702 703 0.42108626231679375
703 733 -0.4052131795467189
703 704 0.16765407333481408
704 734 1.583948457856845
704 705 1.2583133394560833
705 735 -0.8130958700030996
705 706 0.09860890543518007
706 736 0.6130305545363356
706 707 -1.074228348386647
707 737 1.85896568602423
707 708 -0.8827582730962897
708 738 -1.3141201233804043
708 709 -0.5079492032493357
709 739 3.3915670954360477
709 710 -0.18254584534935442
710 740 -0.9248219944377398
710 711 0.6813858014277502
711 741 -0.19292097082744994
711 712 -0.9881278494971497
712 742 0.7779170507698675
712 713 0.2295651902577647
713 743 1.3726815959177934
713 714 -0.08706761095662675
714 744 -0.39725238668512747
714 715 0.6591328455345691
715 745 1.346994597315911
715 716 0.8142064390449686
716 746 -1.2573348058821296
716 717 -1.5145388195748986
717 747 0.9068675189575517
717 718 0.9871747294642258
718 748 -0.42810553318965483
718 719 -0.07329711481145518
719 749 0.39697260273571083
719 720 0.13056654455587433
720 750 -0.7941499403515971
721 751 0.8047793800556841
721 722 -0.29894682068819334
721 750 -1.0932543798433938
722 752 0.575001375198964
722 723 -1.448808463529646
723 753 0.773079519618086
723 724 -0.5079583448789367
724 754 0.16783250995265092
724 725 0.82237481528311
725 755 -0.5378522883496978
725 726 -0.686023834777788
726 756 0.09283936253305698
726 727 1.2498813644846287
727 757 0.424369074295652
727 728 1.4244715236958352
728 758 1.5210382947563654
728 729 0.4247557307940277
729 759 -0.825889255112118
729 730 -0.3501998152667594
730 760 -0.17847275881228344
730 731 -0.7675561362249623
731 761 -0.009245634615547747
731 732 -0.4599057126406424
732 762 -0.411797228701734
732 733 1.2277430434819392
733 763 1.0635818334259144
733 734 -1.2611292367038385
734 764 0.958816271031995
734 735 -1.351485841180208
735 765 0.11622832728345
735 736 -0.03661513624902952
736 766 -1.1758360710602724
736 737 1.8821984947124035
737 767 -1.3339513211510892
737 738 0.5904489077214561
738 768 0.7820818651832065
738 739 0.23156745127735429
739 769 -0.5886330488931211
739 740 1.224993481227087
740 770 0.4536846217115408
740 741 1.305227685732214
741 771 -0.9786885736177243
741 742 -0.7754324954233175
742 772 -0.5704157729914163
742 743 1.94685814005702
743 773 -0.5461453817243271
743 744 1.7374071704400558
744 774 -0.7340307801628285
744 745 0.989819182098012
745 775 0.5951530018251655
745 746 -0.6214143268137985
746 776 -1.193313636805095
746 747 0.49195943341433185
747 777 0.6247674237439117
747 748 -0.22736508036456382
748 778 1.9000713820030866
748 749 0.5370216934010689
749 779 -0.7242773382605786
749 750 0.8966456694693895
750 780 -0.7570265749601035
751 781 -2.2245089306323083
751 752 0.5656129924740685
751 780 -0.503891781865946
752 782 0.736704616198735
752 753 -0.5404482907721901
753 783 -1.3006528783949107
753 754 -1.3406036174932718
754 784 0.2608595796788032
754 755 -0.39552470703764525
755 785 -1.0593472807751887
755 756 1.1178921519455027
756 786 -1.090195913675491
756 757 0.11766873142635009
757 787 -0.26403009128417443
757 758 0.5579614971236643
758 788 -1.3163645071325523
758 759 -1.4614849622805044
759 789 -0.9513999937235228
759 760 -1.8784268329902747
760 790 -0.7627578869059611
760 761 1.1794815319044867
761 791 1.2989436422474498
761 762 -0.621399181266008
762 792 0.2685363823686654
762 763 -0.1175909263168274
763 793 -0.34175103156702474
763 764 0.08225529251278524
764 794 0.06010449984518524
764 765 2.0539876157822268
765 795 -1.2661492394774778
765 766 0.6976543935453181
766 796 -0.1852974838517346
766 767 1.078839485175572
767 797 0.3451522036726685
767 768 -0.16683958886336367
768 798 -0.7800844631502432
768 769 -1.6452701580542666
769 799 -0.942913964837877
769 770 -0.0563644398722462
770 800 0.5566927361122688
770 771 0.5379405809363738
771 801 1.7291541832036608
771 772 -0.3512667264419336
772 802 -2.0101774279183586
772 773 -1.3348363290840084
773 803 1.1181719869406563
773 774 -0.7741309152915972
774 804 0.8177676022923467
774 775 -0.7094402057098828
775 805 1.2627968945266965
775 776 -0.3864047609635102
776 806 0.5837857026357877
776 777 0.4190663257455202
777 807 0.04793448862714803
777 778 0.9907937954957594
778 808 -2.799708157189966
778 779 -0.5652649773578166
779 809 0.5607571460914006
779 780 -0.6939211663963064
780 810 1.0886330223529421
781 811 -0.6987570467093668
781 782 -1.6075329405194938
781 810 1.6094364753287165
782 812 0.7143780196301351
782 783 -2.607144767963972
783 813 -1.0294602783814564
783 784 -0.6202874919421374
784 814 1.5033083993698697
784 785 0.19280422622416774
785 815 1.7890966769922716
785 786 0.12025639947004428
786 816 -0.5114618390298171
786 787 -0.8765224048544831
787 817 0.44272684313458005
787 788 0.7103835851425699
788 818 2.5476522742036183
788 789 0.5725140781297808
789 819 -0.9207082580541514
789 790 -0.3792968259609517
790 820 2.0128991027900014
790 791 -0.04527169110353592
791 821 -0.86034022603084
791 792 -0.859795270249997
792 822 -1.0575732626795384
792 793 0.17113556900651988
793 823 -0.1901260067157215
793 794 -1.139950287159973
794 824 -0.09824607860122989
794 795 -1.3118551865432413
795 825 0.3183028227040037
795 796 -0.6271425131944336
796 826 -0.40926205752830946
796 797 -1.1580830481721898
797 827 -1.1110562220535494
797 798 1.2470772959863852
798 828 1.9326035857632617
798 799 -0.3625667624928766
799 829 -0.6935367471203087
799 800 -0.7845453059308526
800 830 -0.5155045424861008
800 801 -1.2452120081803715
801 831 -0.2310491773251081
801 802 -0.07362744340466407
802 832 -1.3028971141671857
802 803 -0.1364376109342478
803 833 -0.0888558732661513
803 804 -2.098819287334573
804 834 -0.3761173162414261
804 805 0.7224730304582131
805 835 0.6633057035941313
805 806 -0.3227108514700196
806 836 -0.4247032180184179
806 807 0.9362520260174926
807 837 -0.20947988248609842
807 808 0.27343180687574414
808 838 0.75525924503124
808 809 0.06139971963752511
809 839 -0.20770756042489386
809 810 -1.3983812110676355
810 840 -0.9292490386905604
811 841 -1.526274722535977
811 812 -1.5110643621604862
811 840 -0.28726559558614845
812 842 0.18863158016774872
812 813 -2.2605258822209384
813 843 0.29445610923336124
813 814 0.0852643624039209
814 844 1.1426498098061741
814 815 1.599267173766627
815 845 0.10431834252034852
815 816 -0.63656542750841
816 846 0.6702008985283704
816 817 0.15554178671345964
817 847 0.977279593173924
817 818 -1.7804892727151802
818 848 0.48891736570621247
818 819 -2.032751991336021
819 849 1.8082956471490563
819 820 -0.11700257627538521
820 850 1.1142258822614852
820 821 0.7707853723802403
821 851 0.4721139971202536
821 822 1.5887931802077069
822 852 -1.016815178952902
822 823 1.5416057168259847
823 853 0.3968376458531435
823 824 -1.3638198858150177
824 854 0.06890155897453974
824 825 -1.8553155778335393
825 855 1.2246387492002626
825 826 0.94647810412932
826 856 0.25643422104505115
826 827 1.1874910674515275
827 857 0.8772663436915696
827 828 -0.007156862757093599
828 858 -1.0933975131441311
828 829 -0.1194766338509739
829 859 0.20412841255795727
829 830 -1.521032911610952
830 860 -0.2642813051800701
830 831 -0.2805543374315897
831 861 1.8601355859009796
831 832 0.6292337033199494
832 862 1.2370210477805363
832 833 0.29985132533179876
833 863 -1.6321555091733584
833 834 -0.004176518574490676
834 864 -0.629866196348195
834 835 -1.372474587343288
835 865 -0.665796130262645
835 836 0.06238384087377318
836 866 0.6084904330243381
836 837 1.7603579322349439
837 867 -0.22131866223731558
837 838 -1.212899559340477
838 868 -1.1338321950638772
838 839 1.8248250539534243
839 869 -0.6743586506476789
839 840 0.5699734322449356
840 870 2.6446916895344077
841 842 -0.19166096485213513
841 870 1.1804197185851089
842 843 0.6888739536183465
843 844 0.508530524915845
844 845 -0.43389183744787196
845 846 1.1764285586752286
846 847 0.199549826695685
847 848 -1.3128081392223938
848 849 0.8873287315733981
849 850 1.2074493534846737
850 851 -1.0104914345335134
851 852 1.5004018279960032
852 853 -0.4721227822221719
853 854 0.8872573379935567
854 855 -1.6373793558933405
855 856 -0.9795157909744997
856 857 0.42247853145647457
857 858 -1.1018101503497253
858 859 0.3163134860380421
859 860 1.7627642079159707
860 861 -2.16136426630034
861 862 0.8835850538639516
862 863 0.6868231449685502
863 864 -0.4872139035871149
864 865 -0.4329505070665145
865 866 -1.6005994269269723
866 867 0.21596343720582767
867 868 0.8647215518543366
868 869 1.502200765406746
869 870 -0.21395394529678674
