900 1800
1 31 -1.2396945658296503
1 871 -1.0037749190362364
1 2 -1.0228794602288729
1 30 0.6688520175222554
31 61 -1.7159623818962593
31 32 -0.08290496699240957
31 60 0.43561132913459727
871 841 2.13808886726293
871 872 1.5878233694706332
871 900 -0.7700335657185855
2 32 -0.4826928553787779
2 872 1.3848818218282255
2 3 0.7684912735834082
30 29 0.6655798566315068
30 60 -0.18028430552035477
30 900 -0.22151845022968567
32 62 -0.027263005496515225
32 33 -1.5272666960457824
872 842 0.19845884638404196
872 873 -0.5142834203779606
3 33 -0.7702939805389005
3 873 2.085188914386855
3 4 -1.1225796473108591
33 63 -0.3871467853349824
33 34 -1.1235949590803023
873 843 0.1636956146037429
873 874 -1.014506208757861
4 34 0.030134499964021694
4 874 -0.05407048545472746
4 5 1.118546319219081
34 64 0.585738166508629
34 35 0.04248212051852767
874 844 -0.3476475170713622
874 875 -0.7372607217882567
5 35 0.16315438801642643
5 875 0.30006343194244633
5 6 2.1214468732580025
35 65 1.0368146933519093
35 36 0.14082999284754227
875 845 -0.0874501856791556
875 876 -0.9867820819457259
6 36 -0.08540003857898126
6 876 0.13879871740674088
6 7 1.6062367336815628
36 66 -0.03136842932978208
36 37 -0.5342529301883847
876 846 0.201417054021882
876 877 1.4720313717373281
7 37 0.7080723738510496
7 877 -0.2904186612078668
7 8 -0.15836866946116507
37 67 -0.2468136569552021
37 38 -0.7777505564684307
877 847 -1.195945967329726
877 878 -0.807679475690909
8 38 -1.2191168387323785
8 878 -0.640060895791054
8 9 1.565478570505397
38 68 0.8826622477242957
38 39 0.45523443523120793
878 848 0.8100842554137504
878 879 0.8491637884825377
9 39 0.2693838587508883
9 879 0.7045529505030975
9 10 0.603675643133512
39 69 -0.16847399063196203
39 40 0.6338205465036851
879 849 -1.505669120280787
879 880 0.0017383920359788022
10 40 -1.0930679560564576
10 880 0.6276289320973975
10 11 -1.5607776920777443
40 70 -0.9808899347773761
40 41 -0.27940281806945166
880 850 -0.6201507061714125
880 881 0.9005035009440508
11 41 0.42432110979432375
11 881 -0.676823044021719
11 12 1.088032460386432
41 71 -0.21062259407714212
41 42 -0.4886944676548958
881 851 3.2132280330868426
881 882 0.41321671290746903
12 42 0.23206701274483144
12 882 -0.13550414048967224
12 13 2.221963135237137
42 72 -0.3411048014717773
42 43 0.842085376340997
882 852 0.7994886186656864
882 883 -1.6017721105896288
13 43 0.8192815279074439
13 883 0.19200966152176652
13 14 0.5485593575902702
43 73 0.037126304392471644
43 44 -2.136480387597907
883 853 0.3998115165223901
883 884 -0.3622248508471053
14 44 0.9543754606012518
14 884 -0.9277465257706076
14 15 -1.2523632472974526
44 74 1.515125813889558
44 45 -0.25737930579537005
884 854 -1.0125413399101282
884 885 -0.1525116613220164
15 45 -0.5007104668358887
15 885 -0.667075955126778
15 16 0.6013355575092497
45 75 -0.40406292706552344
45 46 -0.35233233348261184
885 855 0.6171187562375217
885 886 -1.6047790061501077
16 46 0.301546477366685
16 886 -0.2067733342572843
16 17 -1.4323864530467307
46 76 -2.021413091043267
46 47 1.6901388863918991
886 856 0.8516973097047355
886 887 -0.6185707710605757
17 47 -0.712570988097706
17 887 1.2518755768884626
17 18 0.13306757292973379
47 77 0.8286791859242529
47 48 1.6733120833174548
887 857 -0.5760608219313812
887 888 -0.07928315082766348
18 48 0.040834461775107085
18 888 -0.22996756402234436
18 19 0.21006082558568337
48 78 -0.3191000985876337
48 49 0.6750527741394184
888 858 -0.660411958753294
888 889 -0.49616952141714205
19 49 0.5101239611026973
19 889 0.21028623672167254
19 20 -0.019031769588954525
49 79 -1.2193261815757324
49 50 0.5619861059183449
889 859 -0.8608571556976808
889 890 0.05941032668783146
20 50 -1.4148225405480923
20 890 1.6837270351053755
20 21 -2.371103773785765
50 80 -0.3238529775371785
50 51 -0.12285804477577707
890 860 0.9301011723924156
890 891 0.7781928509537479
21 51 0.7502120946507929
21 891 -1.020081962307929
21 22 1.133227196400991
51 81 0.17593144507420222
51 52 -0.21254550209092446
891 861 -0.18518764467565105
891 892 -0.4845646327946809
22 52 0.14772358976299385
22 892 -0.32892180245122543
22 23 -0.017417309588987195
52 82 0.18066648532500632
52 53 1.2856216394440785
892 862 -0.3409349966942198
892 893 -0.7643295338425447
23 53 0.42066041234195567
23 893 0.09997983984999581
23 24 0.07041876335513939
53 83 -0.5539852263904935
53 54 0.14784573135081044
893 863 0.44390447326938903
893 894 -1.152971669310326
24 54 -0.24209996581567006
24 894 -1.176980877193652
24 25 2.065998354447227
54 84 -0.8540989246585242
54 55 -1.0347811623692007
894 864 -0.8092234923024996
894 895 -0.7379261246059187
25 55 0.6094352993378219
25 895 0.4167242689695315
25 26 0.23964983090411104
55 85 -0.21299236028813498
55 56 0.4957312882474267
895 865 1.5978631931814005
895 896 0.8103817005245576
26 56 -1.2747321107551834
26 896 1.3614446318333497
26 27 -0.4268404889799216
56 86 -0.7420925292041696
56 57 2.6471855186059003
896 866 1.0003414211867308
896 897 -1.2892795346367605
27 57 -0.8934203317528554
27 897 -0.07453444625170111
27 28 0.6397530340052576
57 87 0.9583326474699307
57 58 -0.7522645959856126
897 867 1.0579288112498744
897 898 -0.8348110229966438
28 58 1.7262510821989698
28 898 0.3598016695074549
28 29 1.1018259858956132
58 88 -1.4098865485939436
58 59 0.727967902317498
898 868 -0.02496316369944875
898 899 -1.9714762852918517
29 59 0.7731508495297672
29 899 -1.3449995873921685
59 89 0.16043344265459403
59 60 1.7907179678019542
899 869 -1.0390191062447207
899 900 -1.5078284771995913
60 90 1.4144187076252785
900 870 1.1444415599222693
61 91 0.46521323003312526
61 62 0.8816809124046944
61 90 1.141587463375383
62 92 0.10942531138434296
62 63 0.03768814278702086
63 93 -0.2013262915684873
63 64 -0.21546831792377802
64 94 2.0086741342608287
64 65 0.9405911658169405
65 95 1.1776134404892447
65 66 -0.5326820640648411
66 96 0.05745478463521369
66 67 -0.3800224611108835
67 97 0.8172403856983029
67 68 1.6221953130725628
68 98 1.0240166965924482
68 69 0.13010880780051287
69 99 -1.4293488616412597
69 70 0.7780244942384731
70 100 -0.4042944862967072
70 71 0.41758973797532184
71 101 1.236757965196321
71 72 1.7568925348703577
72 102 -0.5639827204097788
72 73 1.0605118440343855
73 103 -0.5813535209580185
73 74 -0.024091388915782212
74 104 0.6758228399165879
74 75 -1.1100324035305382
75 105 -1.1227911767820564
75 76 -0.2797403425770199
76 106 1.406887762992182
76 77 1.8126984253464804
77 107 -0.09388839798459067
77 78 -0.5327362163751483
78 108 0.7773226501132285
78 79 -0.629876700810888
79 109 -1.8690772248014413
79 80 0.6467580360722931
80 110 0.7865630740239943
80 81 -1.6321028467218082
81 111 1.6186968502055301
81 82 0.247953940139265
82 112 0.21620379003587298
82 83 0.4716176000445207
83 113 0.7594957867642709
83 84 -0.21245068272713533
84 114 -0.35943346336607457
84 85 0.013063991295753304
85 115 -0.29673743756298004
85 86 -0.5954624610743682
86 116 -0.7032434322688538
86 87 0.2970136325228837
87 117 -1.3636658320049302
87 88 1.2075513054226013
88 118 0.3281861621087072
88 89 -0.46799680920201747
89 119 1.6537812344298646
89 90 0.8644584612464761
90 120 -1.0832052523208806
91 121 1.1239093935155635
91 92 0.25801069096616414
91 120 -0.11884365177569532
92 122 1.3099195792893226
92 93 -0.17518451123473872
93 123 0.040894292968387994
93 94 -0.1695574090422444
94 124 1.6048732108519905
94 95 -0.9833367562161894
95 125 -0.1630984914470865
95 96 -0.04728494824772678
96 126 1.3755947274459956
96 97 -0.03869532873964321
97 127 -1.8686048616316449
97 98 1.448073568812634
98 128 0.9440039234162353
98 99 -1.2007471696720757
99 129 -2.7269916002773598
99 100 -1.6632061872905188
100 130 0.6610149906945219
100 101 -2.0851806470280345
101 131 -1.092846036976337
101 102 -1.6159255628874463
102 132 -0.5168175889740485
102 103 0.1508292882801008
103 133 0.12157257541557105
103 104 -1.0299220679412309
104 134 1.0727554842017915
104 105 1.7686700372661335
105 135 -0.8275623935872927
105 106 -0.906090192706381
106 136 0.22040540471418105
106 107 -1.7009235921372752
107 137 -1.2508204527702336
107 108 0.049210723661375966
108 138 0.07659243945154232
108 109 2.0196071308526675
109 139 1.5239941589399035
109 110 -0.3999653331303241
110 140 1.238241986617397
110 111 1.3897205415971021
111 141 0.6274766689245822
111 112 2.5204315630220346
112 142 -0.17588062875089347
112 113 0.8273520997183342
113 143 -1.683001858981207
113 114 -0.5084216461423129
114 144 -0.12559577313575288
114 115 -0.7999909490077722
115 145 -0.5260382243910336
115 116 0.09638836725383677
116 146 1.4382413464256614
116 117 -1.4188837722457524
117 147 -0.10185357732568123
117 118 0.940018706777945
118 148 -2.123343973747751
118 119 -0.957138835856341
119 149 -0.9456446389987765
119 120 0.9095580454892295
120 150 0.05468985895925993
121 151 -1.570780170097217
121 122 0.462537169073247
121 150 0.6820408141350476
122 152 0.8157388933704763
122 123 1.3411930795425346
123 153 -0.21216225167551378
123 124 0.18999557359161648
124 154 -1.3583610843816174
124 125 0.28262187953057977
125 155 0.3243550148767167
125 126 0.7422429061356609
126 156 -2.0507821118197573
126 127 -1.2590089498128048
127 157 -0.19378173062324455
127 128 0.5274932256898497
128 158 0.18399360768691364
128 129 -0.429987730112857
129 159 -0.24061831904883704
129 130 1.7753041365882685
130 160 -0.514239645259042
130 131 0.3194674571378165
131 161 0.3232462730214497
131 132 -0.18527115752055953
132 162 2.024145611014187
132 133 0.5809668948326414
133 163 -1.275103678517148
133 134 -0.18804563920325826
134 164 0.4234645173726278
134 135 1.2640026776144522
135 165 -0.36266705377727754
135 136 -0.5570290951736527
136 166 -1.3970868351735448
136 137 -0.9615731413716324
137 167 -0.8124947997686449
137 138 0.019274539034353746
138 168 1.2389160873392475
138 139 -0.4443824800116853
139 169 0.2205454005177398
139 140 -0.3204437448294383
140 170 1.5352691129609795
140 141 -1.0926782238812163
141 171 2.4384439407950724
141 142 0.8869807096603647
142 172 -0.3498924000174638
142 143 0.2907783236624318
143 173 0.770311066903575
143 144 -0.7828936672283916
144 174 -0.5694912468187412
144 145 1.8647803820041469
145 175 0.412345822719839
145 146 0.6087699666779448
146 176 -0.8849534088111614
146 147 -0.494397888715413
147 177 0.2754374785377598
147 148 0.6275230784407726
148 178 -0.7524809138459845
148 149 0.45398230923551874
149 179 1.672859858619229
149 150 -0.06309359966148884
150 180 -0.5802263196129219
151 181 -0.43537318305834094
151 152 -0.17177056847360536
151 180 0.36557064469648193
152 182 0.021405864899850167
152 153 0.43757586193765097
153 183 2.192076163041545
153 154 -1.2249517198408264
154 184 0.501484458623144
154 155 1.6266451981214234
155 185 1.2441408865661356
155 156 -0.5322367467289245
156 186 0.20991776989443844
156 157 -1.3110003830867971
157 187 0.28370247885615557
157 158 1.3461498901716622
158 188 -0.45300136811612096
158 159 -1.003445522468232
159 189 2.198779605133531
159 160 1.4627266675879478
160 190 0.5640554209233863
160 161 -0.9225810703381285
161 191 0.15250107080016992
161 162 0.2980447173451201
162 192 1.2151199759551903
162 163 1.0403674636397338
163 193 0.7686313848272749
163 164 0.5771796755158582
164 194 -0.2166987183995598
164 165 0.37185969656253465
165 195 -0.585422337690339
165 166 0.3763522505282553
166 196 0.3267162139437764
166 167 0.7604931851714806
167 197 -1.0082303966649573
167 168 -0.2159762208020673
168 198 -0.9457262328949474
168 169 -0.6456976123785392
169 199 0.12539006459402893
169 170 0.409182486573206
170 200 1.3421288027311504
170 171 -0.4322908455041022
171 201 -0.3415517600070294
171 172 -0.9332062026111936
172 202 -0.5762477986478068
172 173 -1.1690372839567456
173 203 0.9551973116894693
173 174 1.1521062211922428
174 204 0.2945618795505939
174 175 1.6168444206516768
175 205 -0.20039982724396158
175 176 -0.3235033669489407
176 206 -0.4903430317916457
176 177 0.7675000893329348
177 207 0.6965683251933663
177 178 -0.7841491841528733
178 208 -0.9601561759569923
178 179 -0.5256941434052045
179 209 1.1254868794852442
179 180 -0.9949380697816436
180 210 -1.150390446882296
181 211 1.5865913500609548
181 182 -0.9449724012549259
181 210 -0.43681676966087796
182 212 1.3017427713961593
182 183 0.7983754789307712
183 213 -1.0320056665147568
183 184 0.5198770582737618
184 214 -0.0727101239121664
184 185 -1.183120814281561
185 215 -0.6265757850685371
185 186 -0.9379876032088292
186 216 -0.06860593904993505
186 187 -0.13630086504138977
187 217 -1.0010476457585513
187 188 0.4618678011988192
188 218 0.8936609396204135
188 189 -1.2777307329153558
189 219 0.2309283920636987
189 190 0.008521674505015807
190 220 0.42008887233365355
190 191 0.06869187112944858
191 221 0.30559669203814177
191 192 0.5687319950303733
192 222 -1.086136773527948
192 193 -0.48445310600236263
193 223 1.5778751386971137
193 194 -0.09130445211882862
194 224 -0.22210585484770914
194 195 -0.684606743492751
195 225 -0.12519206120297416
195 196 0.18275882658319714
196 226 -0.0669318683338043
196 197 -0.9373723699403879
197 227 0.18548378676108454
197 198 0.2194381345129946
198 228 -0.3026244218784445
198 199 -0.18131763441391147
199 229 -0.5982131878813148
199 200 -0.6684734813902411
200 230 1.0151128685968644
200 201 0.7141490295775094
201 231 0.5289586455710876
201 202 0.8505950466778825
202 232 -0.3269537829701507
202 203 -0.22489308206796849
203 233 -0.04990726574655555
203 204 0.21369989074476944
204 234 -0.9649982648750821
204 205 -0.8461391842220193
205 235 -0.9960422345152911
205 206 -1.4483452641827843
206 236 -2.07309479789914
206 207 -0.15570649529257755
207 237 0.2672519550422951
207 208 2.044464305066594
208 238 -0.2801598925906393
208 209 0.8414639077470863
209 239 -0.7843943913978748
209 210 0.2504821011709379
210 240 -0.23488330234764532
211 241 -0.240634994589709
211 212 -1.0330397242272789
211 240 1.9022034502065153
212 242 -1.1602465932201502
212 213 0.589500470514779
213 243 0.9708145551527588
213 214 0.49810831310115
214 244 -1.5654795923582678
214 215 -0.13449082490661585
215 245 -1.7486806958239853
215 216 -1.8505399370462803
216 246 -1.1590570996461889
216 217 -1.4314451966778678
217 247 -1.7742689291070273
217 218 0.33039677562613395
218 248 0.5603549540195121
218 219 0.4691221028768668
219 249 0.6414607238199578
219 220 -0.14354131178701132
220 250 0.964074273647534
220 221 -0.1347133161732727
221 251 0.7540286760575081
221 222 -1.3802531913246303
222 252 0.9772440663862977
222 223 -0.4681332356257668
223 253 0.0839407568953335
223 224 0.2683386158564178
224 254 -1.3544671127765358
224 225 -2.028732125922066
225 255 0.9054197142499241
225 226 -0.6464863626073342
226 256 0.4714258829831343
226 227 -1.3496946229048052
227 257 -0.35723485159283247
227 228 -0.842308459545331
228 258 0.23433400429900206
228 229 -0.02187327538285154
229 259 -0.9351847913070107
229 230 0.8220636946731059
230 260 0.6425706875530864
230 231 2.1718316551122974
231 261 0.5824268908020434
231 232 0.3057075785943981
232 262 0.07820650999421495
232 233 0.3059387198849513
233 263 -0.035866142232465224
233 234 -1.922659577820969
234 264 -1.42339818941138
234 235 -0.7147788789359912
235 265 -0.38781143273299756
235 236 -0.05419583707667568
236 266 -1.4788639695916608
236 237 0.7647072911285036
237 267 2.028890687774593
237 238 -0.6474909827836884
238 268 -1.659382907426908
238 239 0.2553113070805804
239 269 0.0724340816726902
239 240 0.8598790104156464
240 270 -1.0356092942715243
241 271 -0.2383850582035137
241 242 1.2247780744228418
241 270 0.4871710605200787
242 272 -0.6175486745071729
242 243 -0.15119901477117703
243 273 0.4655129435019746
243 244 0.7501828659317162
244 274 -0.05875166693411639
244 245 -1.2457589817156247
245 275 1.8271334558732968
245 246 0.5960448095644032
246 276 0.6656536608055322
246 247 0.19025220101521262
247 277 -1.155843260943977
247 248 0.26790465461004354
248 278 -0.621421905488727
248 249 0.36403282621138444
249 279 0.2815210488359516
249 250 -1.4516798672082427
250 280 0.8651682285223369
250 251 0.29379309536200426
251 281 0.24764572616185718
251 252 -1.0251474745961202
252 282 0.2772836384180614
252 253 -1.4618308366196675
253 283 -0.334493132021731
253 254 1.097485582105309
254 284 -0.570702547050504
254 255 0.33731162554760086
255 285 0.05870568469675131
255 256 -0.32888984208669353
256 286 -0.458743186811235
256 257 0.963087316811582
257 287 0.2576646210094403
257 258 -1.211825019335302
258 288 0.795324674903764
258 259 2.0852198729756455
259 289 1.379300672961612
259 260 -1.2611974559791035
260 290 1.4322836878560943
260 261 0.571357780561296
261 291 1.9406598011973888
261 262 0.49900685129286493
262 292 0.5854484463253553
262 263 -0.9882013225370251
263 293 1.2105427053533486
263 264 -0.6568274229142984
264 294 -0.7240037927075006
264 265 -0.7246327761806376
265 295 -0.4616579822573508
265 266 -0.4542959362536257
266 296 0.07669814511603536
266 267 0.03797945918864547
267 297 -0.15228715362883874
267 268 0.7736825438413236
268 298 0.8387507103391525
268 269 0.8711600642165623
269 299 0.4395638862370318
269 270 -1.577493122427965
270 300 1.0059921998764811
271 301 2.237330932063858
271 272 0.5682990704882973
271 300 -0.6129420073041296
272 302 -1.5168602381340794
272 273 0.3430043027707597
273 303 1.8220204196168086
273 274 1.7202524599712972
274 304 0.22562920049308902
274 275 -0.009381019351115306
275 305 -1.3209842458329597
275 276 -1.379297871294385
276 306 2.204987292258893
276 277 -0.43696379187640594
277 307 1.168314884841424
277 278 -1.2245237097569222
278 308 -0.4032972825000164
278 279 -1.934533316158617
279 309 0.2592283589928767
279 280 -0.18857711108834016
280 310 -0.6668599642532099
280 281 1.3423244027466001
281 311 1.1508138988508092
281 282 0.5969190367927781
282 312 -0.1672937514857526
282 283 -1.4640481151210498
283 313 -2.5724877202960728
283 284 -0.6119126264910508
284 314 1.5493041800717742
284 285 0.023908016325496606
285 315 -0.9883658351299508
285 286 -1.582368688279516
286 316 -0.4335174126079743
286 287 -0.21281503903422241
287 317 -3.9557348628465636
287 288 -0.605074993401565
288 318 0.6569815322924443
288 289 1.3390637716452698
289 319 -1.97218405316453
289 290 -0.8311333330177283
290 320 0.3487510943448273
290 291 -0.6693039146867623
291 321 -0.8017857904389822
291 292 0.675521601601972
292 322 0.4898724669475545
292 293 0.2754443751244565
293 323 -1.0544488642160001
293 294 0.2942136919126984
294 324 0.6149868447478292
294 295 -0.6029380180520086
295 325 -0.46830190091927043
295 296 0.21631055893478082
296 326 0.44437762942560133
296 297 -0.293586709833069
297 327 0.4240108673476788
297 298 0.4663470191371551
298 328 0.8233714399478212
298 299 0.6695209859650496
299 329 -0.6608306965370969
299 300 -0.32061693555947435
300 330 -0.6711703126284339
301 331 0.3988800116669725
301 302 -1.1331227618285271
301 330 -1.7816833953204316
302 332 -2.236087089579113
302 303 0.27368871012031204
303 333 0.35932698479286707
303 304 -1.5133271279407348
304 334 -1.1087905833615426
304 305 0.4377401017791513
305 335 -0.3707140819848402
305 306 -0.8616531875120511
306 336 -0.297544397532715
306 307 -1.8237665321461523
307 337 -0.7252616768289518
307 308 -2.0472194651098587
308 338 0.24510399958564683
308 309 0.9969947055804769
309 339 0.6310277572659783
309 310 -0.7117891838768049
310 340 0.02780974782356188
310 311 0.2151593365397353
311 341 1.2538946590400972
311 312 -0.2439956132473588
312 342 -0.07884291825647141
312 313 -0.23386410033775268
313 343 1.6880043567234597
313 314 -1.1360694971547176
314 344 -0.6617834384962836
314 315 1.1118746935250496
315 345 0.937909944903986
315 316 0.7261870400068857
316 346 -1.0937293634151597
316 317 1.526162670222519
317 347 1.6376611060118933
317 318 1.0062656990443806
318 348 -0.8476476361066203
318 319 0.5980843494846948
319 349 0.20936995722931212
319 320 -0.6501224365849498
320 350 1.397016255008677
320 321 -0.7053739047941298
321 351 0.3055993299555411
321 322 -0.4906487004278998
322 352 -0.14625713266173931
322 323 -0.008384315221062227
323 353 0.24669853237461023
323 324 0.6100735477105638
324 354 -2.0222571916742456
324 325 -0.38645206273422905
325 355 -0.5457330651389255
325 326 0.7741786730248104
326 356 -0.3343311982120254
326 327 1.0565103103869133
327 357 0.8977394954841224
327 328 -0.4820339380784816
328 358 1.8034981009411173
328 329 1.5978404745852373
329 359 1.3616599165360468
329 330 1.1924216020111333
330 360 0.23491932245786876
331 361 -0.5816451496433305
331 332 0.22832403967898104
331 360 -1.7832306119446653
332 362 -0.7903997534749138
332 333 -1.120915750481149
333 363 0.009266782999339921
333 334 0.8413103452081421
334 364 0.46699530434072584
334 335 -0.2836945149432329
335 365 -0.7615243547767643
335 336 -1.1288719070686069
336 366 1.6714586029393634
336 337 -1.4945651843393917
337 367 -1.0825137698939187
337 338 -0.6425857549971333
338 368 1.1049072629033458
338 339 0.8768494610232075
339 369 0.9002145327352408
339 340 -0.2978279614687879
340 370 0.4878116093824274
340 341 0.09536808810560422
341 371 0.22753049916762003
341 342 1.2204179592450042
342 372 -1.310540235935546
342 343 1.7333620320464973
343 373 -2.4974610659939147
343 344 0.2198008399987116
344 374 0.7997937053652111
344 345 -1.4116752454543808
345 375 0.5635934535049335
345 346 1.1585124592785838
346 376 0.6134882679088433
346 347 0.20936087669467923
347 377 -0.8536560923980689
347 348 2.603190697819349
348 378 -0.8741531778952849
348 349 -1.4457094713642547
349 379 -0.9656575504833672
349 350 3.412609968408244
350 380 0.7905256751161525
350 351 0.5804181573463773
351 381 0.8225054516054972
351 352 0.3484179882570497
352 382 -0.8497177330792954
352 353 0.08598354483301039
353 383 1.6348768443144772
353 354 -0.6887317921411922
354 384 -1.37463729424538
354 355 -0.4300852175367041
355 385 -0.0209804206361402
355 356 -0.19863553137935847
356 386 -0.7448270971953099
356 357 2.79005735990672
357 387 1.3801661875434814
357 358 -0.6289238297183471
358 388 0.6031502267792626
358 359 0.1332768958304022
359 389 -0.4710396924433179
359 360 0.4445453526899777
360 390 0.15694211519193027
361 391 -0.4919217950418642
361 362 -1.184924423323529
361 390 0.07164746354035141
362 392 -0.1927242550447276
362 363 -0.6368718685973292
363 393 -1.3806859054461182
363 364 -0.135998956608124
364 394 0.6192805596002972
364 365 0.13707087848423863
365 395 0.19734666414682117
365 366 -0.3703349139562067
366 396 -0.24361962799599698
366 367 0.8017361990817096
367 397 -1.4277516487185036
367 368 -0.7641229586172174
368 398 0.9073572545118112
368 369 -1.4160692018041687
369 399 0.30673640488117515
369 370 -1.7777785119004101
370 400 0.006558646006056956
370 371 0.2582618826798642
371 401 -0.5631081388685542
371 372 0.7771817356574091
372 402 1.9735377435464116
372 373 0.8981206845984337
373 403 0.7274845095091163
373 374 -3.3305648838517103
374 404 -0.19637737049172582
374 375 -0.5676050191501667
375 405 1.2904322796547938
375 376 -0.24926956842041123
376 406 -0.3599489378643035
376 377 -0.03625942383493351
377 407 -0.509061512938351
377 378 0.5318238119170141
378 408 -1.5427484574486874
378 379 0.09423054647549334
379 409 0.5611280916461765
379 380 -1.5659984345307933
380 410 1.5837457128745858
380 381 0.9771398563229552
381 411 -1.1204240270877057
381 382 -0.4371267287926489
382 412 -1.4553402073812638
382 383 0.8982538141715223
383 413 0.0186535908804774
383 384 0.2625841956595267
384 414 0.010532194841023476
384 385 -0.7067990136681568
385 415 -2.5704393597507345
385 386 1.2656174723829587
386 416 1.769665060822782
386 387 -1.0117023469341175
387 417 0.4869227514357792
387 388 -0.7754459732628871
388 418 -1.3834688910268065
388 389 0.08404935182467659
389 419 -0.6076234521559896
389 390 0.6833407344874424
390 420 0.7035298940003051
391 421 -1.5030043799585935
391 392 0.1551144005402699
391 420 0.4442877203918206
392 422 -0.46455461230164974
392 393 2.5452209104368713
393 423 -0.4867159558517769
393 394 -1.2848286666656694
394 424 0.6558866354573628
394 395 -0.6022088175772244
395 425 1.0291630557312779
395 396 1.4939181862383075
396 426 1.860038522354607
396 397 0.2428626895111032
397 427 0.07074051676734382
397 398 0.20588201816390586
398 428 -0.8518676379737541
398 399 1.2407183085591627
399 429 0.6555824655303365
399 400 -0.7306928182362094
400 430 -0.9704673485373156
400 401 2.357204616579458
401 431 1.1631155780999836
401 402 -1.897742503274073
402 432 -0.5350599633255
402 403 -1.7890254200020381
403 433 0.062095538844341366
403 404 1.2005761029433544
404 434 -1.0301683589287598
404 405 0.3014342213196054
405 435 -1.7103039587367435
405 406 1.73195155865945
406 436 1.36169915560418
406 407 -0.36031181709339993
407 437 -0.5498333155688253
407 408 1.5808986481040803
408 438 1.0978042311661471
408 409 0.7297873523242191
409 439 -0.392920880350374
409 410 -1.1251951376548888
410 440 0.8361975704503577
410 411 0.9942329023018808
411 441 0.6736885717449053
411 412 -0.6943813852658219
412 442 1.016344101711776
412 413 -0.8336945947947875
413 443 -0.5943810838045479
413 414 -0.5370276778631102
414 444 0.44149813855335507
414 415 1.398094066393462
415 445 0.6908981414422564
415 416 1.1644115104352923
416 446 -0.4169329784065922
416 417 -0.19175115868149617
417 447 -0.6598395121384066
417 418 0.17663229859117005
418 448 -0.9621353711073026
418 419 0.15235218784669147
419 449 1.304359547062928
419 420 -0.4095433536225631
420 450 -0.18953336232948342
421 451 0.7583373354297126
421 422 0.7922326080768117
421 450 -0.7390245376978094
422 452 -0.3177730448362454
422 423 0.22048018129436933
423 453 0.03849235756987167
423 424 -0.5164279295886318
424 454 0.31085196875194443
424 425 -0.9220080196840361
425 455 0.07218895189930166
425 426 0.08427995140953873
426 456 1.647301882482551
426 427 -0.2954488799305765
427 457 0.17305348178029675
427 428 0.23070867959357574
428 458 0.32398304482829926
428 429 -0.6018535297119176
429 459 -0.6417819925200644
429 430 -0.1613811177946751
430 460 0.1179883678389901
430 431 0.3775656799262126
431 461 -0.7019385028300293
431 432 0.6746555595001305
432 462 -1.4032099089901795
432 433 -1.1266158007232785
433 463 0.24955983267070786
433 434 1.385464817396663
434 464 -0.7472589410992426
434 435 -0.9069490957221222
435 465 -0.5604547018514516
435 436 0.6601243278240723
436 466 0.3357616301298862
436 437 -0.8876396588555487
437 467 1.0467802115715035
437 438 -2.22210499890476
438 468 -0.388370815720278
438 439 -0.3962667408943609
439 469 0.9907121857644436
439 440 0.7962632036504679
440 470 -0.9112511926116225
440 441 -0.4397627852922811
441 471 -0.5731690568527894
441 442 -0.34482698671351547
442 472 -0.6426864667560488
442 443 -0.2315882831527809
443 473 0.2655481857643956
443 444 -1.7274363057083264
444 474 -0.24658863890787816
444 445 0.7334092021235535
445 475 -1.4725366614774735
445 446 -0.9170037556650453
446 476 1.8637189548487476
446 447 0.8807047626147758
447 477 -0.4619397444141337
447 448 -0.4807171773783887
448 478 1.2764229842954375
448 449 -1.7009319064925734
449 479 0.4362329139866257
449 450 -2.3935835658539695
450 480 0.034461659696936146
451 481 0.35309299902330077
451 452 -1.2981202318825404
451 480 -0.5788823283829918
452 482 -0.26348305135223155
452 453 0.3607975352098506
453 483 0.01647261816398376
453 454 0.8810053494354326
454 484 0.6310846904345224
454 455 -1.4133996287484634
455 485 -0.7213592566024087
455 456 0.020476567100546305
456 486 0.3399418740620836
456 457 -1.5646274426933704
457 487 -1.4097710197393039
457 458 -1.8582777017798466
458 488 -0.8362192344822751
458 459 -0.4793261968813894
459 489 -2.5530385031451135
459 460 -1.5330312638700359
460 490 0.5416574293293901
460 461 -2.199711366896155
461 491 -0.6772037951128146
461 462 3.1745756421291516
462 492 -0.6775623814826036
462 463 -1.3529300920311575
463 493 -0.2840246725042636
463 464 2.108151366322562
464 494 -1.161231645343359
464 465 0.7906918286188922
465 495 -0.7774385310199039
465 466 0.2403241856744916
466 496 -0.6579271588996006
466 467 -1.008343289168648
467 497 -0.6467617232038533
467 468 -0.43911840987484047
468 498 1.1862866256597977
468 469 0.18941120623281651
469 499 -0.7371662057154375
469 470 0.3592478720141349
470 500 0.15691334517966105
470 471 0.41705751510326444
471 501 1.6717775402749557
471 472 -1.4124242282434654
472 502 -0.013215011055045193
472 473 -0.3948654567562343
473 503 -1.2101861819868616
473 474 -0.49428198813303326
474 504 1.423587812194582
474 475 0.3578244016681085
475 505 -1.0972451167026327
475 476 0.9357211969104685
476 506 2.0139361932058484
476 477 -0.8533051255817238
477 507 0.007984623520596729
477 478 -0.9026241355309552
478 508 -0.41789909459197705
478 479 -0.11702154153260408
479 509 -0.19120845772418177
479 480 -0.572630969137385
480 510 0.7427941603112912
481 511 -0.2825213634473421
481 482 0.011367414986690232
481 510 0.780437168190937
482 512 -0.6155899340827206
482 483 0.4268193814988805
483 513 -0.29022284301225554
483 484 -0.14026436782694973
484 514 -3.13524977522685
484 485 -0.15090215594643547
485 515 -0.32113815730794015
485 486 0.827886532037102
486 516 -0.0580626479147874
486 487 0.7415940517372593
487 517 0.06924340336799487
487 488 -0.013373397289244094
488 518 1.7573924425495802
488 489 1.5442903990426018
489 519 0.561687861102074
489 490 -3.8631552049748548
490 520 0.14225518813343505
490 491 -0.027880924924696817
491 521 -1.4831085641180448
491 492 -0.16132646577318732
492 522 -1.2598980693838364
492 493 -0.5566351468739391
493 523 1.4751277812130894
493 494 -0.4621843947762616
494 524 -0.638130504530995
494 495 -0.2551505415451511
495 525 -0.9535963374133354
495 496 0.22735864619253685
496 526 -0.8330251635391082
496 497 -0.7785880594976684
497 527 1.2618070881494712
497 498 1.4630059948197331
498 528 0.294393957010896
498 499 0.34103060387841094
499 529 1.4420998077370548
499 500 -0.258518495108428
500 530 0.5431774040408139
500 501 -0.1555769835713093
501 531 -0.7839875914774338
501 502 0.45774886967957124
502 532 1.007527105854735
502 503 -2.3541130409991027
503 533 0.2639021418581657
503 504 -1.2546460612009847
504 534 0.14456701744731057
504 505 1.978211098687198
505 535 -0.797065031930128
505 506 -0.3674481931419563
506 536 0.40001658333694473
506 507 -0.18735877515039312
507 537 -0.15721848839817815
507 508 -0.5704638243480228
508 538 -1.162800199959002
508 509 -0.530227079745697
509 539 -2.2277758117157873
509 510 -1.177398738780324
510 540 -0.10117185086114745
511 541 -0.7289397082066161
511 512 0.5079693964292781
511 540 -0.32792664732947585
512 542 0.37323912702423756
512 513 0.6256514269602997
513 543 -0.7585069727546726
513 514 -0.24041499450610185
514 544 -0.8098117535267022
514 515 -0.9228732114607726
515 545 -0.03733967628641442
515 516 -1.0836714025063883
516 546 -0.27670207801812713
516 517 0.6229593139000746
517 547 0.5830445058783543
517 518 0.6947001968039975
518 548 -1.8464912710844403
518 519 -0.3437427014153041
519 549 -0.6701249641179998
519 520 -1.5529636384496346
520 550 -0.7183097653910925
520 521 -0.05027262932518854
521 551 2.1972647618733077
521 522 -0.2999663946530738
522 552 -0.022762994454971174
522 523 0.9994637264869325
523 553 0.9744771743926424
523 524 1.0178106535530373
524 554 0.15439761558895412
524 525 -2.217333759686605
525 555 1.1060734221798616
525 526 0.05059098949941965
526 556 0.43080736252691193
526 527 0.5809540491305044
527 557 0.7911673585504032
527 528 -0.01597786643835019
528 558 -1.1342065022399919
528 529 1.2736828068987647
529 559 0.22087880856578115
529 530 2.2400912526929626
530 560 0.4953048209984574
530 531 1.5602481777364368
531 561 -2.1444427596018887
531 532 1.0745527272907784
532 562 0.3527668451622162
532 533 1.8127085324522187
533 563 -0.8689598209387277
533 534 -0.44559047102722943
534 564 0.9935643590072839
534 535 -1.2031518414394797
535 565 0.49268625291519824
535 536 -1.0438738388436526
536 566 -0.31466449141059266
536 537 0.596541131178383
537 567 -0.5382038591841658
537 538 -1.1309748217206526
538 568 1.2637368181167343
538 539 -1.3247884158064542
539 569 -1.1999908534798895
539 540 -0.5678719617966094
540 570 -1.199387592536628
541 571 -0.2647749215419118
541 542 -1.0542829296308072
541 570 -1.88675248429642
542 572 -0.996688394273718
542 543 -0.4580902793719112
543 573 -0.3999276786574034
543 544 -1.250024467525662
544 574 -1.3368634499171417
544 545 -2.2672573662312465
545 575 0.4449762912812241
545 546 0.1520909870850664
546 576 -0.9587750324268326
546 547 0.6459803074248717
547 577 -0.8775875675603239
547 548 -2.0481842739332277
548 578 -1.2698617617704804
548 549 1.2653626635518023
549 579 -0.4772353335184942
549 550 2.294181772909848
550 580 1.5031277973543316
550 551 -0.7865643308177173
551 581 1.056831601949912
551 552 -2.465042805441348
552 582 0.62221094724536
552 553 -0.7185614085464919
553 583 -0.43168537487131
553 554 -0.5850917897702298
554 584 0.8631503078484156
554 555 0.9651257177200285
555 585 -1.6134735927038013
555 556 0.876835063129479
556 586 -0.1001317107885895
556 557 1.0599633574578895
557 587 -0.599121323881099
557 558 2.526127875505811
558 588 -0.6512971777280993
558 559 -0.4706926781054812
559 589 -1.348794764301588
559 560 0.020504034005345003
560 590 -0.276303567682334
560 561 0.3743890646027966
561 591 0.33881087512838376
561 562 1.2895611294214353
562 592 -0.0805542133923455
562 563 0.038480760824232255
563 593 -0.02857106054588633
563 564 0.24123224984143538
564 594 0.6196642427650754
564 565 -2.4708024972471523
565 595 0.22083229718456426
565 566 1.2775880847635284
566 596 -0.6975479296189678
566 567 -0.315123095614273
567 597 1.39876618713649
567 568 -1.0685077358508204
568 598 -1.6882595537654574
568 569 -0.25385179957863085
569 599 -0.8993787274135668
569 570 1.2439351410547188
570 600 0.7813518234583048
571 601 -0.45997489210863024
571 572 -0.3782520297921542
571 600 -1.4842627501825094
572 602 0.5525805738498365
572 573 -0.12954290484630926
573 603 -0.5766650072074517
573 574 -0.729687844665837
574 604 -0.9023979851261925
574 575 1.8458300109327914
575 605 0.06120274898612013
575 576 -0.651624036881668
576 606 1.6234010739213234
576 577 -1.7072970157775484
577 607 -0.7888342836547606
577 578 -0.4272990625137086
578 608 0.07082940066427967
578 579 -0.1950219365379257
579 609 -1.1819281749797863
579 580 -1.0163444763510046
580 610 -0.2874988465024668
580 581 0.4663157951294394
581 611 0.6368234377170322
581 582 -0.6237964343758327
582 612 0.10440903103592195
582 583 0.6433944174649809
583 613 1.2107989963299757
583 584 -0.31193002676322645
584 614 1.3182409742794872
584 585 1.7817167238148182
585 615 -0.8753252872158417
585 586 -1.261212685810831
586 616 -0.09725396069952183
586 587 -0.4055153977006261
587 617 1.3474402208355276
587 588 -0.5750848976385058
588 618 -1.0017735731139379
588 589 0.7143481104484344
589 619 0.4192927789091611
589 590 -0.2804213165549919
590 620 -1.0620899492645834
590 591 -0.38601157236234834
591 621 -0.2954627858985034
591 592 -0.4549854403857544
592 622 -0.24688734310663732
592 593 -0.6504654143026445
593 623 0.17899675414475655
593 594 -0.28230541300181883
594 624 0.49737782451106094
594 595 -0.3452987076978151
595 625 0.4657316242956767
595 596 -0.3555500055566525
596 626 -0.24173538965568853
596 597 1.9760637709187638
597 627 1.4898376792992827
597 598 0.9581026404970492
598 628 2.131000186547756
598 599 0.04290558610162957
599 629 0.13134951817155452
599 600 0.9517178855207589
600 630 -0.5578458709973284
601 631 0.9092366060037677
601 602 1.703101207555813
601 630 0.2835681373930874
602 632 0.45052599483707856
602 603 -0.07389894482921305
603 633 0.34163499454451357
603 604 0.21118772870952848
604 634 -0.742747844557592
604 605 -0.99353214681818
605 635 2.6875205211316064
605 606 0.6963308816010362
606 636 0.9691562047804234
606 607 0.6657900846736798
607 637 0.8791361562333618
607 608 0.9288821574447842
608 638 0.4598683256752757
608 609 0.5559924047074973
609 639 -0.9117951126098872
609 610 -0.7330375211198689
610 640 -0.8598628731015576
610 611 2.2705739420443454
611 641 -0.5142989768586176
611 612 -0.26361065918839977
612 642 1.5859756270214898
612 613 -0.32387093124252875
613 643 -0.09139325654779064
613 614 1.4266653266412306
614 644 -0.29262433270292004
614 615 -0.5211285641013063
615 645 2.5067105581653997
615 616 0.6384309466292116
616 646 1.3379128544864616
616 617 0.5022798320627593
617 647 1.8730628333871802
617 618 -1.1952444039373769
618 648 -0.8145488117760747
618 619 -0.045670777308235565
619 649 -0.5895674214535908
619 620 -1.8034143061733228
620 650 0.5373902109842335
620 621 0.9162026077602485
621 651 -0.18252420561282237
621 622 1.5979956974098657
622 652 -0.26485708354020937
622 623 1.9650502436118011
623 653 1.0994688803730475
623 624 -0.2905577346230373
624 654 0.38324389780115753
624 625 -0.3038757196469824
625 655 0.48929829791632107
625 626 -0.8194054586117754
626 656 0.31925610305553415
626 627 1.4981112371267198
627 657 1.589223715136254
627 628 -0.8073089082022057
628 658 -0.15402657698657052
628 629 0.13958605490886383
629 659 -0.08197536535282315
629 630 -0.014769651083390567
630 660 0.20838982300364994
631 661 0.8213195311883337
631 632 -2.4434985338218045
631 660 0.8199270220314673
632 662 -2.0281031409972172
632 633 -0.1135337881443185
633 663 0.5899208713493274
633 634 -0.14077743296861353
634 664 0.13309280941044835
634 635 0.027967325527765367
635 665 -0.285358651217708
635 636 0.3430559586142876
636 666 -0.9231227016304117
636 637 -2.051949774155625
637 667 -0.10368749948682653
637 638 -0.04491582041486613
638 668 -0.882118030687915
638 639 -0.2689834900091592
639 669 0.3286014964485352
639 640 -1.829849233907587
640 670 1.6147370263055174
640 641 -1.62716129096672
641 671 0.895721055353759
641 642 -1.1831944943283523
642 672 0.7481508473926778
642 643 -1.321248781235617
643 673 -0.9735037743919946
643 644 -0.4379278790720523
644 674 -0.38803224614066634
644 645 0.7481380803757847
645 675 -0.970585194556315
645 646 1.348514392767687
646 676 0.5045013516888113
646 647 2.3040498538873955
647 677 -0.9101011605848905
647 648 -2.130840713569957
648 678 -0.4116700200734848
648 649 0.8450448986135554
649 679 -0.7202975681099056
649 650 -0.06646103970942853
650 680 -0.0309256423959624
650 651 -0.47022368475507925
651 681 0.5407639431962147
651 652 -0.8671715092829518
652 682 -0.4714753250076846
652 653 -0.8237809044626755
653 683 -1.3215297719676447
653 654 1.037897536849518
654 684 0.741546867070772
654 655 -0.7788573567893669
655 685 0.9460685659640454
655 656 0.24276607681582713
656 686 0.15072675231896254
656 657 0.21580078920484996
657 687 0.0893884179792985
657 658 -1.0137009661103762
658 688 1.9812428230076302
658 659 -0.9901880910957865
659 689 0.313920228955491
659 660 0.45299066819923467
660 690 0.1228656799819201
661 691 1.044861920078123
661 662 1.9524082826331368
661 690 0.717415942141804
662 692 2.731266969061469
662 663 -0.3799545852143562
663 693 -0.8022229803793213
663 664 0.16061803200316746
664 694 0.6021439565124694
664 665 0.44441529414927383
665 695 0.8488533270508948
665 666 0.7836798902439919
666 696 0.4100827953181304
666 667 -0.6167528707141549
667 697 -1.1780499864617828
667 668 -0.6468498969864892
668 698 0.4186765261772211
668 669 -0.19824204935835027
669 699 -0.8702977196755428
669 670 -0.6305953611304653
670 700 -1.5059244057983632
670 671 0.3945613097625337
671 701 0.2163137399191522
671 672 -0.8213900361808684
672 702 0.28537108341244805
672 673 -0.4308423898794648
673 703 0.4507124164802928
673 674 -0.16093875911674602
674 704 0.6254343432780266
674 675 1.3440774892703946
675 705 -0.4488942645786505
675 676 0.8051276666409609
676 706 -0.9303542739456996
676 677 -0.3038718638747647
677 707 -0.635483553687497
677 678 1.8030915522758852
678 708 0.7268501933855186
678 679 -0.07522545313231589
679 709 0.34805216672345
679 680 -1.0079833725394685
680 710 0.2641044097417649
680 681 0.425519430061267
681 711 0.5399824659958611
681 682 0.3202688011688683
682 712 -0.3822889558126457
682 683 0.051351680219331584
683 713 0.1272570472246303
683 684 -0.8309233256136596
684 714 0.5779271909474774
684 685 0.27659891956275456
685 715 2.2506979033605106
685 686 1.3112996739142333
686 716 -2.118549684664588
686 687 0.7426811742711491
687 717 -1.041264305920973
687 688 1.5363475293092312
688 718 -0.3611300658977518
688 689 -0.229451553362524
689 719 -0.5264135662634658
689 690 0.03547251495129282
690 720 -0.49042117433726595
691 721 -0.037331472227449466
691 692 -1.2805678598238872
691 720 0.04048969550075511
692 722 -0.8510873200752741
692 693 2.0252371007578125
693 723 -0.015235370931702264
693 694 0.5671123333768666
694 724 -1.537351250197379
694 695 1.0844293630698936
695 725 0.6284650512483401
695 696 1.0766308377309564
696 726 -0.763739974224241
696 697 -0.9696464796327695
697 727 -0.36616356549992485
697 698 0.022272389605034526
698 728 -1.8653650515074829
698 699 -1.7751468656607037
699 729 0.15606020659342026
699 700 0.7516297857150387
700 730 -0.2996693830531774
700 701 -0.590771932650273
701 731 0.5038053674130809
701 702 -0.21517990509425106
702 732 0.976274739467017
702 703 -1.136798000674219
703 733 -0.6055185911143838
703 704 -0.22764402142768114
704 734 0.5012068319116693
704 705 2.8923343711102794
705 735 -0.954328096995839
705 706 1.0256335241119108
706 736 -0.4345239518027171
706 707 0.4554962071536566
707 737 0.9497189700741689
707 708 0.5104733521449477
708 738 -0.1433134459718874
708 709 -1.3896042629081387
709 739 -0.22801717281842837
709 710 -0.6511377692872766
710 740 -0.363219144154605
710 711 1.2224699095357838
711 741 -1.0576760942921677
711 712 0.2460022843895605
712 742 -1.4057240160483941
712 713 1.134030673635165
713 743 2.069121209430033
713 714 0.6916882363825241
714 744 -1.0966068414852126
714 715 1.8325422676237262
715 745 2.770192148121811
715 716 -0.17022986748142838
716 746 0.6870524089453267
716 717 -0.7800271804584543
717 747 1.943728859690113
717 718 0.6311753765182291
718 748 0.6063854035026327
718 719 -1.1506809809983123
719 749 0.6822921295411614
719 720 -0.4636313947303884
720 750 1.737794516761484
721 751 -0.6987340027906291
721 722 1.0738488952216994
721 750 -1.4941352649089568
722 752 1.1726597178407474
722 723 0.7228994995367484
723 753 -1.6330913723256983
723 724 0.7330385810254175
724 754 0.24741417716451064
724 725 -0.2948316486362453
725 755 -0.7515977904043146
725 726 -0.1559681322612645
726 756 -0.2821953064274867
726 727 -0.6288773913315902
727 757 -0.8424357692439068
727 728 -1.0859393053802295
728 758 0.02809580746132069
728 729 -0.6032632994483692
729 759 -1.2918456424138296
729 730 2.9290552704559416
730 760 0.7702295813496796
730 731 -0.8778098121453907
731 761 -1.2461024911832561
731 732 0.2686535145664883
732 762 -1.2019950154847079
732 733 0.09960644609706826
733 763 -0.27151301090734903
733 734 0.6552187363579708
734 764 -0.8587666628498459
734 735 1.1281109470674682
735 765 -0.8577427155889719
735 736 0.1378106720860953
736 766 -0.012048047500168552
736 737 1.1624065223207927
737 767 0.09149109988560943
737 738 0.8715833894375601
738 768 0.30082413076625536
738 739 -0.7195508070580121
739 769 0.45007558963974104
739 740 -0.8282748319635524
740 770 -0.7629715161187756
740 741 -0.23506347386254606
741 771 -0.331075353395103
741 742 -0.2983252328173963
742 772 0.1677719916054313
742 743 0.3365732641376164
743 773 -2.2721263546710775
743 744 -1.3328681802629316
744 774 -1.4418682381082972
744 745 0.41141266095875884
745 775 1.6512394940268382
745 746 -1.1362572157937367
746 776 -0.0975977264125045
746 747 -1.279274655449917
747 777 0.9363639799315508
747 748 1.6709650390464468
748 778 0.3575210471463526
748 749 -0.7790351089657296
749 779 -0.3236406977743892
749 750 0.15917312756019908
750 780 -0.5366781127955457
751 781 -1.4573305261931315
751 752 -0.479055624215022
751 780 0.6016310337325586
752 782 -0.6855236971945344
752 753 -0.31207178255216833
753 783 -0.5935314386051412
753 754 0.991594840022236
754 784 1.4987001470800685
754 755 -0.4156952390770613
755 785 -0.772793828331201
755 756 0.4709036491974738
756 786 0.7950589030009496
756 757 1.2815995929124961
757 787 -0.25116204603927966
757 758 0.9916524150692614
758 788 -1.7140084906826034
758 759 -1.017155163045679
759 789 1.02634406941189
759 760 0.9745221640717315
760 790 1.1572543481980022
760 761 1.2120615204172898
761 791 0.2436648096634704
761 762 -1.3204645189172055
762 792 -0.519557483945941
762 763 0.6952484693011654
763 793 0.5881439152081278
763 764 1.162163905336352
764 794 -1.3388368621016051
764 765 -0.09214293793224786
765 795 -0.9347964010036666
765 766 0.7075621315700095
766 796 -0.4910644956560497
766 767 0.05493688874802197
767 797 -0.11853923252534868
767 768 0.5370524693730564
768 798 1.1156123745734483
768 769 -0.4594481080610833
769 799 0.9382229377316907
769 770 1.109216583219854
770 800 -2.1010058418393625
770 771 -0.3709676029255891
771 801 0.02059183931765979
771 772 0.01955217910052074
772 802 0.6724281086258403
772 773 -1.0627769573243453
773 803 1.118297176799783
773 774 0.8431423395994665
774 804 -1.4056269546870817
774 775 0.25970074151248085
775 805 -0.6448474698441992
775 776 -0.2332351410367508
776 806 0.5692828935212584
776 777 -0.8894753763059962
777 807 -0.22765505446567585
777 778 -0.899750063309415
778 808 -0.6307467098262025
778 779 0.007313656359799379
779 809 -0.4937018511283922
779 780 2.1229025086440094
780 810 -1.3217686456509052
781 811 -0.5721199259612216
781 782 -1.0977067670240928
781 810 0.7782733842455951
782 812 -1.141383229372769
782 783 -2.398911310780892
783 813 -1.3241398480422883
783 784 0.39722964169813013
784 814 1.0193487829223997
784 785 1.2705889417490266
785 815 -0.054211585844689526
785 786 2.4685345186778513
786 816 -0.9898308868087373
786 787 1.6463107972462427
787 817 -1.199488134131682
787 788 0.25850753042431185
788 818 0.8348474062137475
788 789 2.170711778223579
789 819 0.7164088691472171
789 790 -0.0820634272195366
790 820 1.2652246686679107
790 791 1.0514929905364945
791 821 -0.5473894100439479
791 792 -0.656543984264573
792 822 -0.4848081372937684
792 793 0.7781600729617589
793 823 -0.3486781472359046
793 794 1.847570974308594
794 824 -0.6837110772550514
794 795 0.8364253963253915
795 825 0.9233828896470908
795 796 -0.2817449469960655
796 826 0.8367947764196639
796 797 -0.6298009883224551
797 827 0.9372903715533593
797 798 0.3874336510288625
798 828 0.5031983410898112
798 799 -1.5505752857901203
799 829 0.98071636979927
799 800 0.07713328961321067
800 830 -0.17062804775044912
800 801 0.3550615598708779
801 831 -1.3944413470025794
801 802 -0.9130045929979395
802 832 0.9482939289517903
802 803 0.2644001571690195
803 833 -2.2714660020621538
803 804 -1.3480081361664717
804 834 1.0928600562585735
804 805 2.0353822607864034
805 835 -0.49191740344264767
805 806 0.30947080281487505
806 836 0.7783470809659792
806 807 0.2470546064793558
807 837 2.100960005844617
807 808 -0.3249307031707429
808 838 0.09878122833541872
808 809 1.5841124584957613
809 839 0.33632316880677754
809 810 -0.952954228272988
810 840 0.962238281933399
811 841 -0.89487174993057
811 812 -0.5668727587645763
811 840 -0.2618876445709926
812 842 -0.38710498172720414
812 813 -0.7155807509180754
813 843 0.42450930450933394
813 814 -0.020325779581805887
814 844 1.720247581895168
814 815 0.5671785209773624
815 845 0.9883664140552252
815 816 0.7460803125150902
816 846 -1.7438847704248703
816 817 -0.7943018160402829
817 847 -0.8152314594937288
817 818 0.5204570575873597
818 848 0.17017032599645934
818 819 -1.4301428252164534
819 849 0.10580985073579381
819 820 -0.7913019240360394
820 850 0.6112243317049365
820 821 0.19091289815716903
821 851 -1.2847502338397592
821 822 -1.1700852673166293
822 852 -0.9695054244391593
822 823 0.37010375517984584
823 853 1.0394885108568144
823 824 1.6965760324950054
824 854 1.1532964848992309
824 825 -0.2653736413169844
825 855 0.07866015966776803
825 826 -1.1347588200038383
826 856 -0.8204734461110318
826 827 -0.4922724963242402
827 857 0.1638481156832637
827 828 3.4908211375870906
828 858 0.2110356011558938
828 829 0.9763680065156498
829 859 -1.4181459249229433
829 830 0.7563618689332444
830 860 1.4247041292223859
830 831 1.2260378062785957
831 861 0.102624792891832
831 832 -0.315482443950714
832 862 -0.6421478404788196
832 833 -1.0224697590876664
833 863 1.14222010297792
833 834 1.4238168788310799
834 864 0.16422609383084652
834 835 -0.0856321029484193
835 865 -1.145752553859176
835 836 2.104597903658125
836 866 0.16980609191213974
836 837 -0.09341610091251053
837 867 1.7324931009804787
837 838 1.467098906059895
838 868 -0.08215082492900541
838 839 -0.3798032458958485
839 869 0.3042892456865649
839 840 -0.699099489886497
840 870 0.5564777466936118
841 842 -2.379086672759063
841 870 0.377470662785363
842 843 0.3378820471730879
843 844 -2.3955967468336987
844 845 -0.019136548911947483
845 846 0.9258495367089381
846 847 -0.9101859423387038
847 848 -0.10245461573130267
848 849 0.8153206025271479
849 850 -0.513536464309848
850 851 0.7857571524440039
851 852 0.9428365851154966
852 853 0.7631284624655134
853 854 0.23039538017710892
854 855 0.2657471228096521
855 856 -0.28957113171950233
856 857 0.5921562629102071
857 858 -1.437880161444201
858 859 0.006223650050518895
859 860 0.6808979505082161
860 861 -0.7048376389035526
861 862 0.9081280512038927
862 863 1.4013101273434736
863 864 -0.17619945836376494
864 865 -1.1055437552768088
865 866 -0.9347760890436547
866 867 0.45003060211694473
867 868 -1.4668701347420465
868 869 -0.8232727978196723
869 870 0.1893694133842669
