900 1800
1 31 -0.7593567470992465
1 871 0.575612439996855
1 2 2.012938516585963
1 30 1.4055072096357604
31 61 -0.8964661637449397
31 32 0.39708283948034123
31 60 -0.5185922723682153
871 841 0.5009550112272199
871 872 0.8337951398679638
871 900 -0.9301977964393873
2 32 -0.6252964113800563
2 872 -0.7540033519148054
2 3 1.1651896193328113
30 29 0.5998183483016205
30 60 -0.21642458478030707
30 900 0.1736625121673959
32 62 1.6821137386241471
32 33 -1.0410277039406974
872 842 1.010116317255765
872 873 0.9481599006921424
3 33 -0.5631947887933595
3 873 0.42879114702956883
3 4 0.6548663909173439
33 63 0.058949403273749555
33 34 -0.4423362734184224
873 843 0.5566679875589142
873 874 -0.4678643291851636
4 34 1.1533597365622448
4 874 1.1093755058541637
4 5 -0.7232460692729429
34 64 0.5628720234441258
34 35 -0.2804440016270971
874 844 0.31218357598475205
874 875 0.1047105412179977
5 35 0.7976683136305163
5 875 -0.4421334568458698
5 6 -1.2748481649283927
35 65 -0.22831573210355216
35 36 0.5062592699783885
875 845 1.0068891059809673
875 876 2.058643999413602
6 36 0.42807778363160076
6 876 -0.14474544971832382
6 7 0.3008742627820221
36 66 -1.4582808828069818
36 37 0.6090321462709016
876 846 -0.15644367426322284
876 877 -0.2639062879402667
7 37 0.494611239004363
7 877 -0.5678589513128558
7 8 0.44994432215140034
37 67 -1.0769193078895942
37 38 1.7412085661891832
877 847 0.466967597776841
877 878 0.6456036980614642
8 38 -1.603946272101693
8 878 0.713284268150654
8 9 0.6801133668178772
38 68 -1.7362557158815692
38 39 1.6613698010377613
878 848 -0.16261023125475466
878 879 -1.0963818640760186
9 39 -0.517438203784795
9 879 -1.2743724272815946
9 10 -0.6673999499764101
39 69 0.37907442465808794
39 40 1.5654396145610794
879 849 -1.7319263342804678
879 880 -0.9612200449876559
10 40 0.6281590720833288
10 880 -1.1477331443691603
10 11 -0.49939794041572744
40 70 -1.3493167980892522
40 41 1.9431511488883297
880 850 -0.8173326899289284
880 881 -0.9146933789461368
11 41 -1.332595232136253
11 881 1.0294151452173328
11 12 -0.44626009677886447
41 71 -0.5205675899538073
41 42 -0.47944114090893497
881 851 -0.948735549938103
881 882 -1.9447917536971255
12 42 -1.7572511786103389
12 882 -2.179337373477976
12 13 0.6301644238997811
42 72 0.382169785636363
42 43 0.10693645354952053
882 852 -0.38659335322256183
882 883 1.0492991009426915
13 43 2.701913921202914
13 883 1.4350999589861537
13 14 -0.5102104166853619
43 73 0.01617028073121683
43 44 0.2912116261767154
883 853 -0.43151423569292763
883 884 0.8436075039307794
14 44 -0.005284767478660194
14 884 1.124963045936142
14 15 1.2607142284348636
44 74 -0.042459014361024665
44 45 -1.466285878099308
884 854 -0.36925731785831567
884 885 2.0631148712578034
15 45 -0.45463176751557516
15 885 -0.042231762125970435
15 16 1.7859880017099716
45 75 -1.1013327590767599
45 46 -0.22819233825322097
885 855 0.8192135994278129
885 886 0.22341703850218855
16 46 1.0721756123482842
16 886 -0.774134862403209
16 17 -1.0021501422357675
46 76 -2.51966843195478
46 47 0.00927870303549891
886 856 -0.19678416839360865
886 887 2.4088149585016385
17 47 -1.1358830892579856
17 887 -0.5187201143803558
17 18 1.286847969068661
47 77 -0.0126931575433136
47 48 0.9655146872949978
887 857 0.5878622383164687
887 888 -0.4608205683278399
18 48 -0.5089515441294705
18 888 0.21799102681255206
18 19 0.13340935828807704
48 78 -0.8772431607709392
48 49 0.8559662590652868
888 858 0.026220609205355058
888 889 0.38441957265254717
19 49 1.7726553907243079
19 889 -0.45835709514254985
19 20 -0.44522549490045993
49 79 0.8468802385937447
49 50 -1.0698358613252423
889 859 0.037488190266553534
889 890 -0.05776308349418968
20 50 0.601207925631276
20 890 1.1055512150503126
20 21 -1.0155178570210939
50 80 0.1746521808999166
50 51 -0.608804825347984
890 860 0.6964676521781209
890 891 -0.563885959127278
21 51 -1.9334435303816007
21 891 -0.6316984056831049
21 22 -0.6291751967310639
51 81 -0.4861610096580564
51 52 1.8427551302239757
891 861 -1.110366076286015
891 892 -2.0587288359976035
22 52 1.2448202158289636
22 892 -1.4825329498178814
22 23 -0.6991269418713819
52 82 -0.1902248376198302
52 53 -1.7651877134143927
892 862 0.4677781233959347
892 893 -0.4466598708419468
23 53 1.0665609429423413
23 893 -0.3913666154371824
23 24 -0.0037268281958941006
53 83 1.068926520000614
53 54 -0.27848189942940405
893 863 -0.02828778643862846
893 894 -1.5260412458251789
24 54 0.11846970123890017
24 894 -1.095881643468583
24 25 -1.0574191180433545
54 84 1.256620062974894
54 55 0.41801724801949053
894 864 -0.4905055306386495
894 895 1.812282568670539
25 55 -0.012541188542468714
25 895 0.12277398993258967
25 26 -2.061920022700198
55 85 -0.36900260666891466
55 56 -0.0019597958117107904
895 865 1.2053498373446245
895 896 0.5051296742342685
26 56 1.0236816452726674
26 896 0.608916204303697
26 27 1.2582269535989539
56 86 0.6464170012564098
56 57 -0.593614973701636
896 866 -0.4695522421048557
896 897 0.6263207240417917
27 57 -0.6551581782508391
27 897 0.4279257288865749
27 28 -0.6890147238617591
57 87 0.1868031965260084
57 58 -1.003445297861057
897 867 -0.6948625847801398
897 898 0.5750344757297663
28 58 1.549932134333583
28 898 -0.03223827288313668
28 29 1.062056883165304
58 88 0.675474394777198
58 59 -1.3867739598254374
898 868 1.6337931628546967
898 899 0.05078544862494371
29 59 0.8338552492193064
29 899 -0.5064066372208429
59 89 -0.5308427347912921
59 60 0.7292477749236803
899 869 0.1359352121817568
899 900 -0.7352275203872694
60 90 0.3042378447485844
900 870 1.0780259512958454
61 91 -1.9457222298990802
61 62 0.1368628070926072
61 90 -0.4337032454038405
62 92 0.6132397093931009
62 63 0.843240146445468
63 93 2.3033898749322184
63 64 2.290555569936715
64 94 -0.1679915373371725
64 65 0.896562947773964
65 95 -0.7779867957289726
65 66 0.8933439483821308
66 96 1.1171114405838465
66 67 0.4916759220859838
67 97 -0.14154532580180967
67 68 -0.3749958649709518
68 98 -0.17112157047006152
68 69 1.0355504048563828
69 99 1.8795292497009226
69 70 1.4878232642852967
70 100 -0.03008616387630607
70 71 -0.9280131555497199
71 101 1.1116600953154745
71 72 0.3039216060032886
72 102 -0.15481860804445216
72 73 0.5700509946655391
73 103 2.2400104684211453
73 74 -1.2980068930634836
74 104 -0.532982836232722
74 75 0.251458076293019
75 105 0.3680106976866018
75 76 2.184988617717549
76 106 -1.007713226803246
76 77 0.33848839327048047
77 107 -0.5967599177731598
77 78 -0.41701913929296464
78 108 -0.9499111170188884
78 79 -0.43637166436507646
79 109 -1.0850844422931383
79 80 0.06549255628114849
80 110 -1.8192533580939203
80 81 0.7747271488080434
81 111 0.8239297331423913
81 82 -0.4665431389396001
82 112 0.9179150651363676
82 83 1.6508411054577656
83 113 -0.29856844945491956
83 84 2.125795716556519
84 114 -0.8480122027387296
84 85 -0.12388866755449643
85 115 0.09920898401849527
85 86 0.34789235535076213
86 116 1.1073517570671534
86 87 -1.0597784553090726
87 117 -1.02246605184919
87 88 0.01405190111438057
88 118 -0.10770618415700665
88 89 1.3193031892980818
89 119 -0.7178164691460921
89 90 0.6255614667675118
90 120 1.1365636276658913
91 121 2.5406150589671155
91 92 -2.3016101295749682
91 120 0.39531569792720245
92 122 -0.996832044940916
92 93 -0.009182356282955046
93 123 0.19370292033432943
93 94 0.35486949621786634
94 124 -0.8675098683980016
94 95 0.5757745170033572
95 125 0.27335431186769
95 96 0.18450365347855044
96 126 0.18996464737194932
96 97 0.4190648008735398
97 127 2.3144742694646343
97 98 0.281161797185774
98 128 -0.7727966794614263
98 99 -1.307960694792621
99 129 0.1604146424695531
99 100 0.42717202286477585
100 130 0.9097104942463109
100 101 0.48175844943869234
101 131 -0.8588778707760059
101 102 -0.6157471498066145
102 132 0.6700823909534439
102 103 2.0196484306515736
103 133 -0.961222739225627
103 104 -0.1476291000080384
104 134 0.6619604473685642
104 105 0.03647079329184345
105 135 0.4941021931679866
105 106 0.16195894866037847
106 136 0.43853076891489956
106 107 1.0565775211460662
107 137 1.4886472751798616
107 108 2.098793441647326
108 138 -0.0665297277240867
108 109 0.7166857347430132
109 139 0.8204098135738312
109 110 1.3942319141795652
110 140 0.22748993192822853
110 111 -0.9904544373720473
111 141 0.051540873788926383
111 112 0.7284276972663135
112 142 1.3335272126848428
112 113 -1.0431048025312746
113 143 -0.22942057190597967
113 114 0.6394262497075404
114 144 -0.9874470442030002
114 115 -1.660946398260479
115 145 -1.5695705824972874
115 116 -0.6827073155784037
116 146 -0.3508380793227603
116 117 0.1079408043804888
117 147 -0.5305771446316084
117 118 1.001249231434494
118 148 -0.9448569932246357
118 119 -0.6528536555320558
119 149 2.088855284733187
119 120 1.3311492128250728
120 150 -0.6829409400730571
121 151 1.1159603484800167
121 122 0.5218144162530012
121 150 0.1962396442012047
122 152 -1.4895964861542565
122 123 -2.3689053574581527
123 153 0.24729478916172146
123 124 0.2140933318084992
124 154 -0.6883242449622085
124 125 -1.5622121024833737
125 155 0.19675780164162956
125 126 -0.08514504446233571
126 156 0.26354494716239035
126 127 0.26202787489276763
127 157 0.7026987344459159
127 128 0.09240373657686933
128 158 0.37850584004055404
128 129 -0.13912509386087454
129 159 0.96005921887478
129 130 -0.4812761921219945
130 160 0.5617352989626102
130 131 0.2404106327056701
131 161 -0.8405164987168257
131 132 -0.7147744861801076
132 162 0.06423731406451216
132 133 0.8095246916780462
133 163 -0.48102896854417604
133 134 0.13361975660981845
134 164 0.405155548015847
134 135 0.26629676893174886
135 165 -1.4815346692420668
135 136 1.9581300632108107
136 166 -0.8877456656840507
136 137 0.5162451710121108
137 167 -0.20051203311070864
137 138 1.2389817589110041
138 168 -0.2243920867016961
138 139 -0.12999022618613268
139 169 0.31581221773603746
139 140 -0.2616945743752812
140 170 0.33083014085679435
140 141 -0.24134319954649394
141 171 -1.025729398445161
141 142 1.058380484542434
142 172 -0.2316035594064431
142 143 1.951813852972637
143 173 -1.0588132042282037
143 144 1.0522076676578194
144 174 0.6652175864223954
144 145 0.23369453776668203
145 175 1.5692651129973618
145 146 -0.5574980222756454
146 176 1.233142222766507
146 147 -0.5167026309841922
147 177 -1.2608552802419803
147 148 -0.9319115997617172
148 178 -1.1365978048675933
148 149 -0.5904813471961586
149 179 0.9779172357448493
149 150 0.27531957637274534
150 180 -0.9881145669328557
151 181 -0.20440305410393528
151 152 0.0526546078274437
151 180 -1.8851666891367582
152 182 -0.6162395899090795
152 153 -0.8136304894754229
153 183 0.10875259202026673
153 154 -1.2517226581062784
154 184 0.34348109256437365
154 155 -1.229150527706183
155 185 0.41055233970003485
155 156 -1.2957429124330493
156 186 0.5659030528406571
156 157 -0.23022702673736603
157 187 -0.5114399020250432
157 158 -0.1125240492031863
158 188 -0.6543862133336766
158 159 -0.8109632561468112
159 189 0.3029621174562686
159 160 1.6335797172637576
160 190 -0.9899540964426098
160 161 -0.6022261904413004
161 191 -0.493083488048143
161 162 -0.12208686539955604
162 192 0.17140278425988642
162 163 -0.4455231707271902
163 193 -0.48535016965265676
163 164 -0.8131210892204777
164 194 0.8151272719863136
164 165 0.7867565921256463
165 195 0.8372108172900836
165 166 1.102744972980439
166 196 0.9902034001361071
166 167 -0.8055062990833521
167 197 2.4119822277670484
167 168 1.7941836173895545
168 198 1.2983100520257715
168 169 1.153908575336745
169 199 -0.9030579882607839
169 170 1.7358103140083414
170 200 -0.03765228823223518
170 171 -0.4584961744925488
171 201 1.3299991302519503
171 172 -1.2175558423493198
172 202 -0.6450990747617008
172 173 -0.6922226319178025
173 203 0.027976314655207803
173 174 2.4113063483077046
174 204 -0.2451313723131863
174 175 1.2262864773648918
175 205 2.445129639350066
175 176 0.2522160328260617
176 206 1.1625130428528132
176 177 -1.881494344573675
177 207 -0.7691776309703104
177 178 2.172239707576005
178 208 1.0909389760535573
178 179 0.44050782373087033
179 209 0.7853273717445637
179 180 0.2788275570130682
180 210 -0.6029888959483151
181 211 0.43125041290419547
181 182 0.4419531705306947
181 210 -2.8700614115935648
182 212 1.6632993524784718
182 183 0.7722462391080497
183 213 0.31981394118397466
183 184 -0.4603059000236776
184 214 -0.11979738707875298
184 185 -0.41506685651185654
185 215 0.4256200382397811
185 186 0.5924614874842764
186 216 0.8247208940708135
186 187 -0.6518250075607801
187 217 0.6491411465029802
187 188 0.39384683016264177
188 218 -2.63553998056759
188 189 0.7849433463087903
189 219 0.2585678015046106
189 190 0.4540062268142547
190 220 -0.26717906205631825
190 191 -0.7494154999406685
191 221 -0.14596455510441184
191 192 2.7685361178917383
192 222 2.0594115293125763
192 193 1.3638337188676053
193 223 1.1583788847124954
193 194 -2.043247784305725
194 224 1.0255603988331463
194 195 1.2702796846723754
195 225 0.7043210728997332
195 196 -1.5069461689265147
196 226 0.4342786383593379
196 197 -0.2771413104663622
197 227 0.6726032962767953
197 198 0.12328889533010538
198 228 -0.0632762723860334
198 199 0.5021793865657663
199 229 -1.5651359226572477
199 200 1.5064829417301395
200 230 0.7733594689406079
200 201 -0.12732875684855086
201 231 -1.2640685248849433
201 202 1.8095284783784138
202 232 1.0462366931439893
202 203 1.7003210005252687
203 233 -0.959242667384578
203 204 -0.12784215340652558
204 234 0.5987622666366006
204 205 0.3958868279295084
205 235 -0.14798567225590734
205 206 -0.7181468439486454
206 236 1.6310480300507937
206 207 0.8145197207241901
207 237 -2.27629829075259
207 208 -0.34050699761660064
208 238 -2.1893321999843183
208 209 -1.4201188415306545
209 239 -1.4362487515701463
209 210 2.3113121451248633
210 240 1.3593791211878643
211 241 0.5467718170211359
211 212 0.7543425642563285
211 240 1.3867260017432
212 242 0.5493306687633348
212 213 -0.12875144740361058
213 243 0.5715506368673501
213 214 -0.3901354793378597
214 244 -0.2095262527385927
214 215 -0.24896281024154734
215 245 -0.21371189597813955
215 216 -0.04287972620063609
216 246 0.7563561775665955
216 217 -0.3352536058396181
217 247 0.673454156472557
217 218 0.040467394947054994
218 248 1.616527977519963
218 219 1.716601906822499
219 249 0.12373233897896857
219 220 0.21373491516969859
220 250 -3.152489715324872
220 221 -1.5230539323440928
221 251 0.2854081024568369
221 222 -0.2929392373532522
222 252 1.5510336072983453
222 223 -0.8040888611396545
223 253 0.5234739984722394
223 224 -0.8610330177842022
224 254 -0.1034561866869425
224 225 0.9159487887574359
225 255 -0.09455007968320825
225 226 -0.3771908352775773
226 256 -1.4059768195611473
226 227 1.9208987735131353
227 257 -1.6603942961089262
227 228 1.507780379704022
228 258 2.024588788837213
228 229 1.0224750932227928
229 259 1.7217511638628604
229 230 -1.1149742425214428
230 260 1.1986407531943413
230 231 -1.7374604439447283
231 261 1.642514227043383
231 232 -2.55875127935267
232 262 -0.9561904214066685
232 233 -2.712936767175194
233 263 0.4985101437477495
233 234 0.8267310093951575
234 264 -0.0641587897955678
234 235 0.4902599635636746
235 265 2.5173325437315146
235 236 1.4676243573242547
236 266 -1.0018526531269871
236 237 -0.10724795122040923
237 267 0.12083966570673853
237 238 0.6995179452024888
238 268 -0.06403257689003787
238 239 -0.23113117013681272
239 269 0.3731814303144772
239 240 -0.026721872441669077
240 270 0.5427039652722234
241 271 -0.46724308736504255
241 242 -1.6300673058119843
241 270 0.5331699127936962
242 272 0.4638688600398962
242 243 0.34760608911458346
243 273 -0.6326756379633588
243 244 0.9401928901941677
244 274 -0.0331463111208712
244 245 1.3333656946057844
245 275 1.5054356781315308
245 246 -0.39078395151000994
246 276 -0.09985794683272133
246 247 -0.22822088600031018
247 277 -1.9886797120175144
247 248 0.08937224749882208
248 278 -1.253959919759582
248 249 -0.3754092771349568
249 279 -0.1444499005376287
249 250 0.8432917460340591
250 280 0.4360130983960355
250 251 0.7637279097587909
251 281 0.688765983985017
251 252 0.16515885573200859
252 282 0.24971602420641262
252 253 0.20226601747427023
253 283 0.3943153354828895
253 254 -1.0382811966512577
254 284 0.4673726494318997
254 255 -0.7995211412511191
255 285 0.5495994175835145
255 256 0.015415707000663718
256 286 1.1748917604991371
256 257 0.05402569431461991
257 287 1.3376759520938803
257 258 -1.0252414177183853
258 288 2.4844860164301665
258 259 -1.3728798541703466
259 289 0.4815380014086494
259 260 1.2952764307663982
260 290 -0.4107931369627032
260 261 -0.29944368510198227
261 291 -3.0246016564058875
261 262 -0.16631968910382808
262 292 -0.4808791015826009
262 263 1.3467061566807201
263 293 -1.126317151295741
263 264 0.19231644538315784
264 294 -1.785160281339106
264 265 -0.5227628934263737
265 295 1.0814617322258995
265 266 1.1444197297376872
266 296 -0.1817264934594858
266 267 0.18508194908351294
267 297 1.7592156718844307
267 268 -0.37356827627834055
268 298 0.04423318382184477
268 269 0.42910300403609597
269 299 2.5959255062573954
269 270 -0.5798777030274872
270 300 0.39404533616943843
271 301 0.6316547143511704
271 272 0.979901704721924
271 300 0.29845433585284403
272 302 -1.3349363595527515
272 273 -1.7937285428919476
273 303 0.2844602061006905
273 274 1.0305324163049754
274 304 -1.240167467178692
274 275 -0.35056963711060884
275 305 -1.5693685561487005
275 276 1.7240060543168647
276 306 -0.20424724373440306
276 277 1.3030541161061169
277 307 -0.5102804665712253
277 278 0.05966229968705203
278 308 1.1629343157773606
278 279 0.46055067098403674
279 309 0.4818397734323663
279 280 0.05020264583632937
280 310 0.4516984788446253
280 281 1.2266242497168116
281 311 -0.45910798114535284
281 282 0.3056456903339376
282 312 0.02173996731841204
282 283 -0.7514527576319375
283 313 -0.11114341084651096
283 284 0.5938626915361372
284 314 -1.6087213689596631
284 285 -0.25677191740418776
285 315 -0.10050280820211781
285 286 1.6932965150265156
286 316 1.7179694138050057
286 287 -0.029926626753439337
287 317 -1.0574759633804267
287 288 0.4161007562957244
288 318 2.0770223788560807
288 289 2.238259344060496
289 319 -1.5080746836371997
289 290 -0.569807030797252
290 320 -0.2988801291948714
290 291 -0.5190093027707551
291 321 1.1380825802262615
291 292 0.15484084595862313
292 322 -1.4170997754049695
292 293 1.735236644752863
293 323 0.7023460511521358
293 294 0.384196879267199
294 324 1.5513745642602803
294 295 0.6703378832971173
295 325 -0.9579607980377577
295 296 -1.597219905495724
296 326 -0.12109434447392936
296 297 0.8629806081679744
297 327 0.7847042816074452
297 298 -2.0435804373589055
298 328 -1.0962965246711884
298 299 -0.3973783956281282
299 329 0.6382883142992712
299 300 1.5393907137887022
300 330 0.993315167523634
301 331 -1.529865221899005
301 302 -1.7077106251566567
301 330 0.5854856801166156
302 332 -0.4629096758438315
302 303 -1.4772858050857978
303 333 0.19835243947031225
303 304 0.11293524746047684
304 334 2.433894302406525
304 305 -0.14635201538994128
305 335 0.8409415722787945
305 306 1.2335258612395927
306 336 0.815262617056715
306 307 -0.12517750527837343
307 337 0.5914509146055209
307 308 -0.4610390466366567
308 338 -0.8469247972251767
308 309 0.3681389988577668
309 339 -0.20105621486615355
309 310 -1.4337178177078271
310 340 0.5069995790495573
310 311 0.2005635227052236
311 341 -0.3594909295054723
311 312 0.48354590107327383
312 342 -0.5729596357701453
312 313 -1.1419924201078797
313 343 -0.4900598042151063
313 314 0.7896645101015574
314 344 -0.8448383019187714
314 315 1.521185926180258
315 345 -0.37444841653936733
315 316 -1.8494746448338892
316 346 -2.265402060227296
316 317 0.89718515134569
317 347 -0.9599829237608017
317 318 0.6427914401497827
318 348 1.8738303363797295
318 319 0.9063362285961887
319 349 -0.2515500549909132
319 320 1.1740633111442809
320 350 0.2162150339549409
320 321 0.23559503759091022
321 351 -0.5851848250155547
321 322 0.6339413287207317
322 352 1.3082104713017908
322 323 -0.23133980170628402
323 353 0.16406479214097727
323 324 1.4218659204140143
324 354 0.426835135795369
324 325 0.05400255978138737
325 355 1.432868289303822
325 326 0.0722858668345671
326 356 0.8910142027745074
326 327 0.41983140776669753
327 357 1.7397092244720942
327 328 -0.39483355971828704
328 358 -0.7383661631305988
328 329 -1.0667994510738206
329 359 1.3878002451517113
329 330 0.5018989360239899
330 360 -0.9442574429056733
331 361 1.4174314778232926
331 332 1.0105614382160244
331 360 -0.09509920435709021
332 362 1.075954921458658
332 333 -0.8798228197256851
333 363 0.20580147927414577
333 334 0.8202031027513215
334 364 0.09737127434088116
334 335 0.3547903644405289
335 365 -0.4055879854448289
335 336 0.5684418564763758
336 366 0.07094058390313385
336 337 -0.24516796169520672
337 367 1.3720095543738071
337 338 0.11879121210058619
338 368 -0.6581001726881074
338 339 -0.8828398088187044
339 369 -0.7592519596690338
339 340 0.5671396970796201
340 370 0.5322121970676441
340 341 0.0534076341128532
341 371 0.6838398638587853
341 342 -0.710840231775427
342 372 -0.8445736531582567
342 343 -0.08219418130352342
343 373 0.1812439080419082
343 344 0.8053437301144079
344 374 -1.0333893845296303
344 345 1.35979519128643
345 375 0.9009662959070244
345 346 0.40066288107411285
346 376 -2.0505783856364883
346 347 0.4582291031116176
347 377 0.20776230063980758
347 348 -0.41098333054253317
348 378 -0.0629492502727715
348 349 -2.0624599108123696
349 379 0.47092814088725127
349 350 -0.7170247960464334
350 380 -0.783236185917183
350 351 0.5602113452312256
351 381 -1.1250189466189877
351 352 0.08829739442402944
352 382 -0.6062536308579112
352 353 1.217690973205806
353 383 -0.12342195646411919
353 354 -0.7166840882243567
354 384 0.2083507879583726
354 355 0.6722288266578853
355 385 0.13415706379238992
355 356 1.8410869534871535
356 386 -0.26288313813261244
356 357 0.1812433854313544
357 387 -0.37594779509655973
357 358 0.12276458004736882
358 388 0.509639669035031
358 359 -1.2087441199254039
359 389 0.34126712400499637
359 360 1.6365224473764513
360 390 -0.8924439726273143
361 391 -0.22659528076096702
361 362 -0.9779669440854009
361 390 -1.670603854597403
362 392 -0.23610589247434433
362 363 -1.4569331795204719
363 393 0.9303714925785201
363 364 -0.3362994291248405
364 394 1.8994371426118313
364 365 -0.002478707660055649
365 395 0.441214987960979
365 366 -0.8701916420196179
366 396 -1.1700638524509872
366 367 3.5684466723075077
367 397 -0.3368611048461352
367 368 -1.1024783457420892
368 398 1.804700939766524
368 369 -1.5379458013762761
369 399 0.3855508483144523
369 370 -0.34909160895679114
370 400 1.957810397837888
370 371 1.7422091596591365
371 401 -0.10251021275532969
371 372 -1.2309381054391204
372 402 0.433286979202803
372 373 0.6988757065626657
373 403 0.14618722851606608
373 374 -0.14637574556855576
374 404 0.14529145328131013
374 375 -0.9285129534980716
375 405 0.5221902796653447
375 376 1.1357495959636206
376 406 -0.320941684051672
376 377 -0.48747458797204113
377 407 0.0734038550055098
377 378 -1.423175475953421
378 408 1.1241551720002916
378 379 0.2663146993572506
379 409 -0.04790585244154156
379 380 1.212650907064086
380 410 0.6004544643383937
380 381 -0.4572733275118278
381 411 -0.35495480076716696
381 382 0.9826273337155553
382 412 0.12920859984263242
382 383 -2.0505509334368233
383 413 -0.5107712002208529
383 384 0.5282770220025625
384 414 1.1123353197763624
384 385 1.3403266569674737
385 415 -1.9143118972248447
385 386 0.2599534667019519
386 416 -0.6290249234731722
386 387 0.0604273226508068
387 417 1.577292068107732
387 388 -1.28869164599508
388 418 0.6369131854265359
388 389 0.13376715646750534
389 419 -0.5957479985881127
389 390 0.07944870456678493
390 420 1.2861802408085867
391 421 -0.044050867294582324
391 392 -0.7413417822792688
391 420 0.607904213880096
392 422 -1.0295109383636345
392 393 -0.6468950855183346
393 423 -1.8380374399632902
393 394 -0.07170653930436247
394 424 0.2066627313438402
394 395 1.3303509383591787
395 425 -0.2765104449957883
395 396 0.9697145048447822
396 426 0.012363957762378827
396 397 -0.4054427826181806
397 427 -1.813766982175375
397 398 1.1721927136403893
398 428 1.5727962298093052
398 399 -1.3714526701825152
399 429 -2.8283006442196195
399 400 2.289399879324046
400 430 0.07209208832218353
400 401 0.12625160340916203
401 431 -1.0610081567657057
401 402 -0.519695878667284
402 432 1.4126121083153094
402 403 0.2143472607739522
403 433 1.339140078923627
403 404 -0.11542863544624687
404 434 0.6227483447437651
404 405 -1.6491431029229036
405 435 0.8860426150370079
405 406 -1.6670247029014202
406 436 0.0100503417408986
406 407 -1.1031562552964453
407 437 -1.7460082143404283
407 408 -0.08028560176039438
408 438 -1.1663869905278024
408 409 1.0229696429037272
409 439 -1.3199134206269616
409 410 -0.4679472575267829
410 440 0.5070766982697346
410 411 0.7511467129938938
411 441 0.3054061241945127
411 412 -1.2941804038661242
412 442 0.31211206188541735
412 413 1.7121301655279901
413 443 -0.6348622298656564
413 414 1.752205951535941
414 444 1.015349729601909
414 415 1.0004723961577306
415 445 -2.198393999941093
415 416 1.1604829793221274
416 446 -0.5259619254092862
416 417 -1.2694967750310042
417 447 -0.44384654771223875
417 418 -2.489049926384711
418 448 -0.2312776326166204
418 419 -0.015643346237065668
419 449 -0.8062388335626721
419 420 0.3378855675349258
420 450 -1.9997050926595292
421 451 0.5846380155778854
421 422 -0.38056314177531064
421 450 -0.23733103378288445
422 452 0.25597912550326996
422 423 0.011521438856458103
423 453 0.962967553753198
423 424 0.8992941588658384
424 454 -0.6277795996858619
424 425 0.3510335513377296
425 455 0.510610994935674
425 426 -0.19334365907114262
426 456 -1.5081538908079333
426 427 0.7786692630269162
427 457 0.17462304428007147
427 428 1.0785218539599106
428 458 -0.9527152997830478
428 429 -0.3936122421234434
429 459 -0.728292872927094
429 430 -0.7911220615449915
430 460 1.100874006721207
430 431 0.8445068717311606
431 461 -0.33281274103085107
431 432 0.0003318215086507532
432 462 -0.4045960095307053
432 433 -0.383768932338989
433 463 -0.5816712076492262
433 434 -0.28479188857368815
434 464 0.30304124659001624
434 435 -0.05534988939269008
435 465 -0.13925183146057213
435 436 -1.0352536173412752
436 466 0.09964436400955196
436 437 -1.6117498574801166
437 467 -0.24662401867861378
437 438 -0.5875419949160682
438 468 -0.6722166342845277
438 439 0.6662592580482731
439 469 -0.5898063992817727
439 440 -0.16087242007389976
440 470 -0.898387324197354
440 441 -2.091019671887875
441 471 -1.1630887543141104
441 442 0.12705563227864686
442 472 -0.026551221577477583
442 443 -0.9344067449144214
443 473 -1.340016670906476
443 444 0.536982297674537
444 474 -0.2322027863930716
444 445 -1.0528823254113795
445 475 0.20588024942076566
445 446 -0.512689334029681
446 476 -0.7463312779837338
446 447 -0.398767873120801
447 477 -0.7275898952501708
447 448 -0.18978244287835142
448 478 0.1601508849779882
448 449 0.8718080151358413
449 479 -1.3722271565070243
449 450 2.5438194430123526
450 480 -0.2564051387027808
451 481 -0.04675750052735909
451 452 -1.5684841571214434
451 480 0.525419053862039
452 482 -3.125058536195322
452 453 0.6854899716179171
453 483 -0.9749770992742
453 454 -0.13659616294514704
454 484 -1.619427104456723
454 455 0.31194864808707823
455 485 -1.5184751157940108
455 456 -0.9024037398075981
456 486 -0.08259087941836854
456 457 -0.5382251616814021
457 487 -1.0131718752239722
457 458 -0.8016924123184892
458 488 -0.26269768693482454
458 459 1.4531070127028989
459 489 2.9220973146265607
459 460 -0.8245898870795395
460 490 1.5086907083931878
460 461 0.6611653875466685
461 491 0.34983331825188696
461 462 -0.24937001537763762
462 492 -1.412006691204452
462 463 0.5517369961249792
463 493 0.2629911508339919
463 464 0.702953209263177
464 494 -1.5422359000824146
464 465 -0.9047627969374633
465 495 -0.3127657926782724
465 466 -0.3382851343661426
466 496 0.3761847318308631
466 467 -0.8083778866447096
467 497 -1.2931124170562398
467 468 0.5153245927886129
468 498 0.101932015748044
468 469 1.4906604136033426
469 499 0.18310350954792182
469 470 -0.9548325342023999
470 500 0.5023979685216619
470 471 -0.15245137770275285
471 501 1.156359220346109
471 472 -1.188772798579264
472 502 0.24130505929352944
472 473 -0.5668604909049555
473 503 1.2525191781594744
473 474 0.265868434607095
474 504 -0.7244937554184199
474 475 -0.2903765344167305
475 505 -0.971319289325885
475 476 0.9112486885249583
476 506 -0.09127558834580399
476 477 -1.1553151598176632
477 507 -0.7803770289058372
477 478 -0.2836153383417552
478 508 -1.6065297673900683
478 479 1.7687032832728273
479 509 0.5672022642299307
479 480 0.3481335977394044
480 510 -0.3758177587696597
481 511 -1.2631287615345548
481 482 -0.1418155181882763
481 510 0.9572777790774459
482 512 -0.19508484923857183
482 483 -0.3087213169866248
483 513 1.0475049533805016
483 484 1.630431392049892
484 514 1.002233458040467
484 485 0.01348487616940377
485 515 -0.3106513905357389
485 486 0.822808331080106
486 516 0.9918050755666172
486 487 -0.3969543489911842
487 517 1.8496541163788511
487 488 -1.5617654665858918
488 518 1.425083209095372
488 489 -0.5958034252508261
489 519 -0.023806330451566028
489 490 -1.078621158319812
490 520 -0.8518328792830778
490 491 1.7704858988068186
491 521 -0.4476011299779648
491 492 -0.5220303246477359
492 522 0.6805524089576274
492 493 0.39818738683336724
493 523 -0.0554010389677255
493 494 -0.7862446948808965
494 524 -0.1330411165733141
494 495 -0.34484671905868813
495 525 0.459922642568434
495 496 -1.0113723080683503
496 526 -0.15322136681767043
496 497 1.7412135432983846
497 527 1.8179704046043006
497 498 1.6293784976630918
498 528 1.105718206702449
498 499 -0.18139277993319827
499 529 2.274910747356256
499 500 1.1196019077903754
500 530 0.4817778533892255
500 501 0.22742410876687683
501 531 0.6888943977520606
501 502 -0.4657968495634859
502 532 0.7249591715936868
502 503 -1.2480192002006467
503 533 1.5535598704482643
503 504 1.1738138968280365
504 534 -1.6297372264564443
504 505 0.5904786411986481
505 535 0.10394599555046195
505 506 -0.12834705245874165
506 536 1.995019919895433
506 507 -0.23564018928603686
507 537 -0.12214977877038037
507 508 0.12026231805387198
508 538 -0.8888670420662201
508 509 -2.5134202675360684
509 539 0.6617991506899358
509 510 0.01606007196660249
510 540 -0.2866169398527173
511 541 -0.9329725513854383
511 512 -3.431035047132832
511 540 0.7312095670491376
512 542 0.16955306823200297
512 513 0.662523985779035
513 543 1.1206860555894123
513 514 -0.2596131429079699
514 544 1.7559554142014275
514 515 -1.0896017560319895
515 545 -0.9266966498363564
515 516 -0.32833390615727337
516 546 0.571383019591929
516 517 -0.22251696536431997
517 547 1.5037540838796886
517 518 -2.4593530837192463
518 548 -0.15234068808763299
518 519 -1.1367535046645434
519 549 1.0424873699212682
519 520 0.024183563152588374
520 550 -0.5212244227114217
520 521 1.202393297419064
521 551 -1.3729977592663114
521 522 -0.12637237286511502
522 552 -0.4943104350445766
522 523 1.0189113908928824
523 553 1.4139514932644297
523 524 -0.018763740644476924
524 554 -0.20998102648110234
524 525 0.491698845537839
525 555 -0.575334934295471
525 526 -0.42101420117238353
526 556 -0.08492328074456848
526 527 -1.1056673744988956
527 557 0.058232649404639944
527 528 -0.4761874352244314
528 558 -1.4282550941349341
528 529 1.1043634008119694
529 559 0.7771315106099006
529 530 1.0554057438695574
530 560 -2.0453000364506106
530 531 -0.480961192762668
531 561 -0.4992947788323204
531 532 -0.969525010163967
532 562 1.4461701682512882
532 533 0.7069609843287384
533 563 0.2953211051639093
533 534 -0.15505847152683547
534 564 -0.8585696857606697
534 535 0.4578247539139705
535 565 -0.8725428808772565
535 536 1.8787724454853567
536 566 -0.49031539680375863
536 537 0.34650236516634436
537 567 1.2423649071200622
537 538 -0.19007333663165782
538 568 1.2754344017948271
538 539 -0.6102434105746757
539 569 1.2433713055575148
539 540 -0.8024998986438047
540 570 -0.14605945550581834
541 571 -0.37444369246183173
541 542 -1.478143202687682
541 570 -0.2521782350448078
542 572 1.2185606697978162
542 543 -1.45974273638018
543 573 -0.2600815960171162
543 544 0.7175873410940325
544 574 0.6468463899479089
544 545 0.3921777212124417
545 575 -0.38046007728386033
545 546 -1.9743252498333554
546 576 0.11927253454694463
546 547 -1.532702624083837
547 577 0.7812041361412181
547 548 0.7082503574502607
548 578 0.009626956860742272
548 549 0.05791136588877612
549 579 -0.8359835674345654
549 550 1.042379327575232
550 580 0.4669391706241476
550 551 0.19257076876432896
551 581 1.0394159266483867
551 552 1.2629550810334693
552 582 0.4406154758602523
552 553 1.936893704696668
553 583 1.0516217634037037
553 554 -0.040114063429791125
554 584 0.24278944990347462
554 555 0.6764212000383838
555 585 -1.5891034492853535
555 556 -0.35236172086916157
556 586 0.10545904227712516
556 557 -1.9042108797440653
557 587 -0.9128763826956098
557 558 0.2890609991559959
558 588 0.5543725334350784
558 559 -0.047225773184964556
559 589 -0.6919917212103854
559 560 1.7376777745407461
560 590 -1.2696274231805424
560 561 0.11170702584312331
561 591 -0.5801991868139725
561 562 1.7096697260977636
562 592 -0.2697855592347595
562 563 0.45265333133542274
563 593 0.8819374624023885
563 564 -0.5893648242519378
564 594 0.7223864125311891
564 565 -1.3220502819219702
565 595 -0.8785210965218757
565 566 1.3904119996788442
566 596 -0.7836984890035323
566 567 1.2724470468222682
567 597 1.557882637169228
567 568 -0.5973103319320294
568 598 -0.4207188258007126
568 569 -0.5077225200771502
569 599 -0.10505014276677625
569 570 -0.5483008352786991
570 600 -1.7243007715885095
571 601 0.4747508693668636
571 572 0.06901797108108891
571 600 0.0011976111671474668
572 602 0.6098650056071807
572 573 1.1547055056262014
573 603 0.3105308648302006
573 574 -0.7242680560743867
574 604 -0.13129609328206093
574 575 -0.25422618265529623
575 605 1.1154549666149185
575 576 0.6212656251965138
576 606 -0.4559243020089009
576 577 0.44389314530480234
577 607 -1.4007846153736516
577 578 -0.17494420668370864
578 608 1.1775432833771267
578 579 -0.40408504354142327
579 609 -1.1809232168847021
579 580 0.10591540937644463
580 610 0.9666358080482464
580 581 -1.9361160178212258
581 611 -0.391966812900033
581 582 1.1094670656254235
582 612 -0.13133313038156913
582 583 0.4384460765582594
583 613 -0.9125622078555634
583 584 -0.6886217215544883
584 614 -1.706893975390348
584 585 -1.5752113026705978
585 615 0.9599806175116776
585 586 -2.1763179994952466
586 616 0.7893692439588901
586 587 -0.46406654267905323
587 617 -0.003948638885513915
587 588 -0.37803662100279695
588 618 -1.7510439516200398
588 589 -0.2313640387676
589 619 0.12076860309627127
589 590 0.2912478095521509
590 620 1.0970537300059722
590 591 0.12247726949073429
591 621 1.320815539863148
591 592 0.20655251950957446
592 622 -0.4407681469795285
592 593 -0.29185904035614274
593 623 -0.09440590482725897
593 594 -0.1568089251772257
594 624 0.038751508155664596
594 595 1.3250571782128686
595 625 -0.3460742658797232
595 596 -1.1507963989037095
596 626 -1.0550202738803058
596 597 0.4834540287348875
597 627 0.9532001116432322
597 598 -1.319419350241623
598 628 0.2701484572502848
598 599 -1.5791278727482954
599 629 0.1654930275219599
599 600 -0.7389105945275031
600 630 1.5336591265129007
601 631 1.2130598161304806
601 602 -1.2432188897989653
601 630 1.8228565648802233
602 632 -0.42077087527882345
602 603 -1.733452825655604
603 633 0.16486528802760975
603 604 -0.14869924919527922
604 634 -0.5251651215942821
604 605 1.243938259870896
605 635 -0.14707243818546037
605 606 0.08774137276673696
606 636 -0.8737970704186995
606 607 -0.9639132516802679
607 637 0.4691481301636872
607 608 1.064941923460507
608 638 -0.6403267336163716
608 609 -1.0184879201794161
609 639 -0.836734078445223
609 610 -0.90882406699726
610 640 -0.5954237254633193
610 611 -0.011776216343298396
611 641 1.9443381902054884
611 612 0.5621086396413331
612 642 1.219811024316642
612 613 2.8436713748074336
613 643 -0.32441186053975457
613 614 -1.3545537958673117
614 644 1.8304264732739894
614 615 -0.480095036060881
615 645 0.43650055415673844
615 616 0.6661403656435718
616 646 0.6130170302522602
616 617 -0.1222551042449695
617 647 0.2822127253913751
617 618 0.640947431060909
618 648 2.660399384955931
618 619 1.166103653149557
619 649 -0.062393389376023664
619 620 1.0609523951901116
620 650 0.5616964479910677
620 621 -0.059141879975044095
621 651 0.02887220358315617
621 622 -0.04566014782134535
622 652 -1.5210147317077625
622 623 1.0607287886458103
623 653 0.6640391417748762
623 624 1.8081959301309578
624 654 -0.8992601759490374
624 625 1.0708359171761272
625 655 -0.6430318712443247
625 626 0.4274172169983241
626 656 0.9483689030114365
626 627 -0.5829368558849168
627 657 -0.010767210161726866
627 628 -1.1137180893534855
628 658 0.21095327583099321
628 629 -0.0832503886230191
629 659 1.3049946462316533
629 630 -2.4568823925723198
630 660 -0.7337847681904422
631 661 -2.0281328847277016
631 632 -0.40244586188168485
631 660 -1.0126604621456006
632 662 -1.5387399508110615
632 633 0.5780650893137704
633 663 -0.6600173351215604
633 634 0.14486789248462137
634 664 0.259762004942042
634 635 0.012514486660408598
635 665 -0.1902501336329584
635 636 1.4862848458219446
636 666 0.607594691355513
636 637 0.5592791586697237
637 667 0.7331399690606677
637 638 1.216933763510287
638 668 -0.862122602467828
638 639 0.7674069183671043
639 669 -0.45999864460723155
639 640 1.637654165595505
640 670 -0.4124064298151756
640 641 0.6657827486363059
641 671 -0.6364549656960832
641 642 1.4704530025649953
642 672 0.8223272828189301
642 643 1.462773608522542
643 673 -0.17328270200137788
643 644 1.2442700663750903
644 674 -0.6160756504701792
644 645 -1.2886427983105857
645 675 0.019380725367100997
645 646 0.42287651058923864
646 676 0.33019278852953055
646 647 -0.9580987677273213
647 677 1.2130099238822127
647 648 0.765162016203516
648 678 -0.23865807952985815
648 649 -0.7469068551348783
649 679 -0.9113792759969845
649 650 0.2671276512464248
650 680 1.7576139071414496
650 651 -0.09179565811961632
651 681 0.21264084112934672
651 652 -1.64120983215431
652 682 -1.5258830295611245
652 653 0.3177140242298302
653 683 1.1122901764068567
653 654 -1.5301462132384807
654 684 -1.7846614097167026
654 655 1.4670908117689254
655 685 0.5895935575929416
655 656 0.6644240303536418
656 686 0.6695194938556607
656 657 -0.040676579122541384
657 687 0.9520820512028195
657 658 0.6741173939620981
658 688 0.33094576008737
658 659 0.4767645170328809
659 689 0.4387591112094638
659 660 0.05160810260847278
660 690 -0.5832100626600826
661 691 0.00822318942314983
661 662 1.5472271715540795
661 690 -1.0163393317763754
662 692 2.4613810361833157
662 663 -0.03638143222648211
663 693 0.9419622940755807
663 664 2.0960444983095674
664 694 -1.4579947880653907
664 665 0.3687439214764675
665 695 0.7931033241312277
665 666 0.9814677007828061
666 696 -0.49670439223871526
666 667 -0.5458671722042678
667 697 0.05878430120436687
667 668 0.6780793478064432
668 698 0.994173789624508
668 669 -0.35129683784635374
669 699 0.3855383087827788
669 670 -0.4751843719912504
670 700 0.1565086918944644
670 671 -0.38905259549486615
671 701 0.9353378374672555
671 672 0.6481792013276582
672 702 -1.7350591046581085
672 673 0.14436100507608313
673 703 -1.624206570234274
673 674 0.9436960123453458
674 704 0.739796402648521
674 675 1.1116747020390711
675 705 1.5972092526877089
675 676 0.013547400172077503
676 706 1.3988548640969383
676 677 0.022945911184085812
677 707 -0.01840687507813898
677 678 1.0501373456643088
678 708 -0.25834637033421526
678 679 -0.6034701453050301
679 709 -0.012769636089768279
679 680 1.0050582588198567
680 710 -0.07331527120226368
680 681 -0.5327685271873503
681 711 -1.232305945460481
681 682 0.555663332261978
682 712 0.6794724663378666
682 683 -0.7280920533700481
683 713 -1.1725935296801249
683 684 -1.0221739123380909
684 714 -0.3419223333117045
684 685 0.3730344722889156
685 715 -0.5693464567757306
685 686 0.8700466816433844
686 716 -0.5979831327793536
686 687 0.6700392918421268
687 717 -0.17819650818458374
687 688 1.0109159059785533
688 718 -2.29756164158089
688 689 1.199717906263126
689 719 -0.6424156928287044
689 690 0.21027325289457505
690 720 0.7095286215472406
691 721 0.43305400960959173
691 692 -0.2473936787949574
691 720 -0.4630785565449418
692 722 0.9746524683881929
692 693 -0.6263490823370812
693 723 0.04014379057621878
693 694 0.74204455793391
694 724 -0.5374113405220265
694 695 -0.022814415119285596
695 725 0.6161451293805977
695 696 0.24803456759344267
696 726 -0.9162345031828245
696 697 1.9257883191991918
697 727 -1.2489655529177839
697 698 -0.18119391048905473
698 728 0.8368273171145603
698 699 -1.39400680202109
699 729 -0.342010215668616
699 700 0.8378460570442934
700 730 -0.05165882263088435
700 701 -1.1455079627220264
701 731 0.15382776011306698
701 702 0.9119303027182558
702 732 1.610746729976354
702 703 -0.2247570471056308
703 733 2.188097768231978
703 704 1.0491778373963214
704 734 0.3477296878525999
704 705 0.7841545964745316
705 735 0.23449801877498325
705 706 0.012828394274332345
706 736 0.6283636587114925
706 707 -1.075791382414651
707 737 0.14088565861012164
707 708 0.0644531280953488
708 738 -1.3851361586036455
708 709 -0.05632753089352149
709 739 0.11584074231078391
709 710 -0.47728110836411686
710 740 -0.8713401245412493
710 711 -0.9602372102915643
711 741 0.34013528913350355
711 712 0.47988825401519114
712 742 0.3315826787271513
712 713 0.3096810217527225
713 743 0.18661221326597238
713 714 1.1810468430584882
714 744 -0.33303927866809596
714 715 0.3787403016521578
715 745 -0.09478137700470421
715 716 -1.698323944388115
716 746 -1.6565053624308557
716 717 -0.12071649805538417
717 747 0.8558092265196162
717 718 -1.4240226266294451
718 748 0.5385725066993075
718 719 0.12035773467632559
719 749 0.4370031612207942
719 720 0.5376659920571408
720 750 -0.5576106820064212
721 751 1.7663229666700888
721 722 -1.004650071466391
721 750 -0.9952199632069271
722 752 -0.7595378327102079
722 723 0.6723085999668045
723 753 -0.38540964890005336
723 724 -0.15150464250124773
724 754 -0.5294555620184216
724 725 -0.5926302922087541
725 755 0.2735115030231518
725 726 0.36595733817639753
726 756 -1.5860208458782556
726 727 0.9393216395656634
727 757 0.08803834978561324
727 728 2.0428476815917658
728 758 0.7066066759972538
728 729 0.7280068043856572
729 759 1.511992495189673
729 730 -0.9213314249683721
730 760 0.07768252112144693
730 731 -0.5635099744608594
731 761 0.06374691516611575
731 732 -0.5682207227761749
732 762 -1.8030941089963601
732 733 -0.5943540446421103
733 763 0.3180231010759935
733 734 -0.6503436019896799
734 764 0.2765610541117677
734 735 0.832749380323143
735 765 1.5452875285428016
735 736 0.3356579138710059
736 766 -0.6525747853551629
736 737 -1.1989902284479685
737 767 0.8366604993540062
737 738 -0.17102814305615918
738 768 -0.5948360890379538
738 739 -0.5406884893190019
739 769 0.7450497628194229
739 740 -0.24635318046599824
740 770 -0.32234091934394915
740 741 0.999958020582154
741 771 0.8254608796423574
741 742 1.4848343586105244
742 772 0.6533896056522707
742 743 0.07330225633254067
743 773 -0.3338359887289563
743 744 -1.3366975166454862
744 774 0.8388174914501033
744 745 1.111497474806697
745 775 0.3542252185195914
745 746 -1.8344245864912212
746 776 -0.7329659423198809
746 747 0.15120229126988705
747 777 0.5148855690426534
747 748 -2.5102729284257657
748 778 -1.8721704352026423
748 749 -0.2693136677467794
749 779 1.3885461877358933
749 750 -0.9421572561409388
750 780 -2.1614481415290485
751 781 -2.1726676473569886
751 752 1.1833550458609992
751 780 -1.6218938305667445
752 782 1.6788993208070258
752 753 -2.0842135996169757
753 783 -1.165450537097111
753 754 0.9856633531746842
754 784 0.15542703542003272
754 755 0.7705692894127935
755 785 0.02123114727175623
755 756 1.5893318637360625
756 786 -0.266451897310075
756 757 0.17081879329231428
757 787 -0.25212362292201457
757 758 0.1573782295833469
758 788 0.21463218934133826
758 759 -0.3144751778851295
759 789 -0.5789033764768251
759 760 0.0338726155402351
760 790 0.6564553070802305
760 761 -1.0662283571241764
761 791 -0.7020646970113182
761 762 1.7264579966361018
762 792 0.6187135952778331
762 763 0.6887864032706552
763 793 -0.691015933217596
763 764 -1.355761854476318
764 794 1.6987858189538854
764 765 0.43576374437311044
765 795 -0.35794932983857625
765 766 2.393764539211505
766 796 0.4454566788532753
766 767 -0.6697809488861661
767 797 -0.5338622569004056
767 768 0.5622103430659322
768 798 0.33343209410738966
768 769 -1.0480340043380025
769 799 -0.25382438343701963
769 770 -0.7935819914153162
770 800 1.2182383896152764
770 771 -0.14612392784042738
771 801 0.7827671848887604
771 772 0.18589563524000935
772 802 3.173065268899306
772 773 -0.28110573418779455
773 803 1.1244212507329279
773 774 0.7459587753911242
774 804 -1.3239692945655057
774 775 -0.029099300809282632
775 805 -1.1224396198101494
775 776 0.6908802688073239
776 806 0.8798220009547523
776 777 -0.376130698839295
777 807 0.5836366034646029
777 778 -1.6733258554993482
778 808 0.7500322905128752
778 779 0.8832336983382093
779 809 0.5837045201557164
779 780 0.4440937893958983
780 810 0.2631790193963795
781 811 -0.3911027615570565
781 782 0.08256967188618063
781 810 -0.41872740577165063
782 812 0.8376276157076509
782 783 -0.9215763681905247
783 813 -1.9363447178291342
783 784 0.5643823121529652
784 814 0.044278988472982624
784 785 -0.5360836921500977
785 815 1.1151636827961238
785 786 -0.854969293350316
786 816 1.366808887044423
786 787 0.5797192317864513
787 817 -0.7080439468479625
787 788 -1.1398606616250002
788 818 -0.38892530270018977
788 789 0.559471030258012
789 819 0.06055116965776564
789 790 1.2929726482359436
790 820 -1.4741851196367668
790 791 -0.2667860357471282
791 821 1.6574555939992561
791 792 -1.0663942497673515
792 822 0.7777054424311338
792 793 0.4987828937610674
793 823 -0.5102646998784446
793 794 -0.28778775473591184
794 824 2.004709531429963
794 795 0.12131978705272403
795 825 1.0530803161949638
795 796 -1.4624404937013038
796 826 0.46774474048542497
796 797 0.3112219461438621
797 827 0.7550983011401009
797 798 -0.2796494060274865
798 828 -0.4826932664596763
798 799 -1.470935567953605
799 829 -0.6270023631294815
799 800 -0.02876522561251171
800 830 -0.49422164289878545
800 801 1.3157433529475426
801 831 0.6766603382780289
801 802 0.4055859915408866
802 832 0.42920977726413345
802 803 -0.0020290410016947313
803 833 -0.29565229272852295
803 804 -0.9206279303180153
804 834 -0.7295761046688413
804 805 -0.963131937180541
805 835 0.8775011387299264
805 806 0.203199849510971
806 836 1.0808637803370642
806 807 -0.2877782114677152
807 837 0.15094915259128697
807 808 0.9435739782317705
808 838 0.6522961188292675
808 809 -1.1532829786936885
809 839 -1.479631438487972
809 810 -0.8787050281900222
810 840 -1.2023986361611394
811 841 -1.3635940654463
811 812 -0.11354321041439971
811 840 -0.40196613629719735
812 842 -0.6939534875600829
812 813 1.4928268090555992
813 843 -0.5510026138458263
813 814 0.38560222318623366
814 844 0.91754618029273
814 815 -1.2829217778907946
815 845 0.18698500828799963
815 816 -1.7551726636382634
816 846 -0.40692722778499507
816 817 -0.49322119149518706
817 847 1.006372909043921
817 818 -2.4108355595526336
818 848 0.13994409081149117
818 819 -0.12245708897146332
819 849 1.1701752342412328
819 820 1.7439606978052136
820 850 1.794550362094481
820 821 1.0629041650464217
821 851 0.18548401473883327
821 822 0.4589847823993875
822 852 -2.0479196644281803
822 823 -0.14204328241151631
823 853 0.04553395501869877
823 824 1.771659641221813
824 854 0.002981770618687689
824 825 0.6971487015860675
825 855 -0.04596316128293122
825 826 -0.3300753955403895
826 856 -1.713812360026622
826 827 -0.9487412018534367
827 857 -0.41250798203940936
827 828 1.2321467560283539
828 858 0.8037331481254535
828 829 0.15945094516623498
829 859 -1.1848619185989442
829 830 -0.6340477821121703
830 860 0.05547988188753657
830 831 0.7583195118372403
831 861 0.7508384459392505
831 832 -0.7694088798328154
832 862 0.7888438781840873
832 833 -0.49634446804410204
833 863 -1.012281300591354
833 834 -1.2634545309073235
834 864 1.515828692754313
834 835 0.5370895630599587
835 865 0.8405770534145439
835 836 0.15790862273060194
836 866 -0.26341551919024475
836 837 0.45781753287171884
837 867 -0.08119912989837699
837 838 -0.31101723201899306
838 868 -0.3604581726025676
838 839 -0.49368879092957363
839 869 0.7798853713592623
839 840 0.40858106645290954
840 870 0.5872764102487148
841 842 0.0005854685697336578
841 870 0.6201043742641685
842 843 -1.1136354696390212
843 844 -0.8131446774089184
844 845 -0.6889756867720651
845 846 1.0743500201273963
846 847 1.912782737437618
847 848 -0.2835886689761475
848 849 1.0036405100774448
849 850 -1.5061052393578824
850 851 0.7415979821975445
851 852 -0.4443862198220499
852 853 -1.2791050221761355
853 854 -2.6314108502975433
854 855 -0.44721306595979626
855 856 1.0049960364017982
856 857 0.7686930145652455
857 858 -1.9250955942190988
858 859 0.23297742895154247
859 860 -2.313628590297426
860 861 2.485064470343616
861 862 1.223105918043286
862 863 1.8636337282505504
863 864 -1.804510559190651
864 865 0.1545636523295571
865 866 0.10906593881274813
866 867 -0.3354189678291658
867 868 -0.4548867480738481
868 869 2.488328249625634
869 870 -0.28321865775862864
