900 1800
1 31 0.6842325361205422
1 871 0.38945536199930975
1 2 0.8298956744810218
1 30 1.1900786966627466
31 61 -0.5381705098856038
31 32 2.384283752415735
31 60 -0.44778626070276734
871 841 1.0215945038674332
871 872 0.9854921711724549
871 900 2.124128798564687
2 32 0.05200013385937883
2 872 0.5864474089663978
2 3 -1.035430643921619
30 29 0.8549918024127209
30 60 -0.04587069521183511
30 900 -0.5325408715298462
32 62 -0.5516425408855536
32 33 -1.3608768549961212
872 842 0.5390433291425767
872 873 2.3439046264937
3 33 -0.8882792544871424
3 873 -0.17558214574848902
3 4 0.08383522857781725
33 63 -0.5304993925044427
33 34 -0.3533850627068541
873 843 -0.7890788002872179
873 874 0.2015892589428456
4 34 -0.0317395886628426
4 874 0.30069665955842123
4 5 -1.1385456503984264
34 64 -1.13848526534683
34 35 -1.6114606467939232
874 844 1.1794199460612071
874 875 -0.4823160797694957
5 35 -0.003028345323919918
5 875 0.458232616424799
5 6 1.2003897542859303
35 65 -1.3289790118817588
35 36 1.926778684036696
875 845 0.2025807395598268
875 876 -0.9974595118125748
6 36 0.31548550688281135
6 876 -0.6077051821349984
6 7 0.407800445313996
36 66 -0.380790570615359
36 37 0.6913234546391855
876 846 0.3747480805068016
876 877 0.35993577581843944
7 37 -0.015769737687180416
7 877 -1.040316258805273
7 8 -0.9215081701794565
37 67 0.5965453663446224
37 38 -0.8672931454905806
877 847 0.6843645818765681
877 878 -0.0904629211164072
8 38 -0.1816549992769787
8 878 0.915522411990503
8 9 0.6928416127243591
38 68 -0.8901039496566495
38 39 0.8571017901011284
878 848 0.0828245024156172
878 879 -0.9106765679781277
9 39 0.2344345076081764
9 879 0.9003789592803544
9 10 0.555742982012793
39 69 2.486664450873785
39 40 1.5839341319164992
879 849 -0.5031589893787797
879 880 0.646051426726118
10 40 -1.7369316605923828
10 880 -0.35114886688295716
10 11 -1.1499445421101682
40 70 -0.9558146483105417
40 41 -0.3289649623333263
880 850 0.12512087776565445
880 881 1.888660715190499
11 41 -0.22820732810303476
11 881 -0.32138617681386594
11 12 0.2813346887669323
41 71 0.6797961810718246
41 42 -0.011421625222139763
881 851 0.05413469957996245
881 882 1.2756470580500265
12 42 1.800568710052204
12 882 0.2285610081168617
12 13 0.6647784973818055
42 72 -1.4480232297030418
42 43 0.96070789610694
882 852 -0.4453704503251005
882 883 1.3675406440526312
13 43 -0.015199887901953911
13 883 0.8109364309946807
13 14 0.9963491816062238
43 73 -0.16673091779740587
43 44 0.9665648188633204
883 853 0.022006316833034216
883 884 -0.25242475186647273
14 44 2.52522918390945
14 884 -0.4886657137729342
14 15 -0.16244170343612416
44 74 0.8255620036476425
44 45 1.209146267021452
884 854 -0.007934061044840908
884 885 2.3250644181374223
15 45 -1.787545685416696
15 885 0.23637059864214152
15 16 0.29483383371166155
45 75 1.254755612964128
45 46 -0.16429534411467192
885 855 0.4024846218677293
885 886 1.6974153664044618
16 46 -0.2359626428296323
16 886 -1.279702525121428
16 17 -0.26992659406989455
46 76 0.787830818452613
46 47 -1.1683313195401475
886 856 -0.356885402008196
886 887 -1.363033340457672
17 47 -2.1128138877264595
17 887 -0.3399783316997593
17 18 1.9477895316940979
47 77 -0.7472387447789015
47 48 -0.3004801061131411
887 857 -0.8255947739735703
887 888 1.4555059075947951
18 48 0.33372046416318596
18 888 0.11003386436528577
18 19 2.3658860531851427
48 78 1.007774517126785
48 49 -1.981593121447493
888 858 -1.9733752999109284
888 889 -0.6987901275062284
19 49 -0.049814708888405036
19 889 -0.7297872594351598
19 20 0.19392754652351374
49 79 0.46588330747253287
49 50 0.5802132079513401
889 859 0.6935868370687827
889 890 -0.4321618571299504
20 50 -0.3821198669898595
20 890 -0.5951486725627575
20 21 -0.288296245162997
50 80 -0.41607898339216354
50 51 -0.181478958616067
890 860 0.2221645587932604
890 891 -1.1062970860061652
21 51 0.7611889758629419
21 891 -0.9617150744849253
21 22 1.0699408788439666
51 81 0.7638557610251246
51 52 -0.16525654323246372
891 861 0.7880084773195555
891 892 -0.5889957736297908
22 52 0.21942774892565461
22 892 0.8448398126789806
22 23 0.3451486512623335
52 82 -1.297488904320474
52 53 -0.1968213121152407
892 862 -0.08571303507753661
892 893 0.14209658408013567
23 53 0.30248783055919104
23 893 0.7061674369942023
23 24 -0.9016882194199732
53 83 0.8360207845825973
53 54 0.44292984946107755
893 863 1.567301458350398
893 894 0.8796527731358317
24 54 1.0293590503322814
24 894 -0.23323406984679254
24 25 -0.039853816872308115
54 84 0.6002859268764709
54 55 -0.9489985452363697
894 864 0.03464805742869427
894 895 1.0915945913126566
25 55 0.1781686569998317
25 895 -0.2938205786338692
25 26 -0.35821650513110603
55 85 -0.21255411631845542
55 56 0.9456028061615829
895 865 0.550004664535315
895 896 0.46280557962452984
26 56 -1.1291440930369179
26 896 0.7535928323173343
26 27 -0.17149718069588427
56 86 -0.05608011908827577
56 57 -0.610285964751826
896 866 -0.12707935272015178
896 897 1.503369330700359
27 57 0.05519483610819851
27 897 1.8440859771112819
27 28 -1.131486567628351
57 87 0.861962837249393
57 58 -0.7767894408553103
897 867 0.6484390461247644
897 898 -0.21911730672298424
28 58 -0.3207473119660748
28 898 0.5183734440151228
28 29 0.20818695684251165
58 88 -1.9908707745021994
58 59 1.3373828318287566
898 868 -0.3658188327911956
898 899 1.1124994758495392
29 59 0.5960234614181885
29 899 0.8630678128313177
59 89 -1.3905949314255492
59 60 -0.08284970786892958
899 869 -0.8392301872944766
899 900 -1.620990608901623
60 90 0.8798452743578147
900 870 -0.6853922813324025
61 91 2.1324703670163374
61 62 -1.578081444945833
61 90 -0.35020215563895307
62 92 -0.4680489136855774
62 63 0.613460910684515
63 93 -0.18325286469396448
63 64 0.3004777338771853
64 94 -0.3389552898530859
64 65 -0.5332570396001
65 95 -0.04819527711567686
65 66 -0.19618848844410042
66 96 -0.7727552490364696
66 67 -0.29773191038017716
67 97 0.05968260672188852
67 68 0.09185514432008784
68 98 1.987375213212797
68 69 -1.3566125624365017
69 99 -2.2904666230586126
69 70 0.18697797136563277
70 100 0.21667420372188168
70 71 0.745130629905053
71 101 0.31290061769513344
71 72 -0.3426191003570827
72 102 0.5031132347467998
72 73 -0.12484525545998806
73 103 -0.5256718353959302
73 74 -0.6402230330495339
74 104 2.3908436457727213
74 75 1.1478115649711453
75 105 -0.09899544076990657
75 76 0.41873825933447184
76 106 0.40958612128052635
76 77 0.49108344308043195
77 107 -0.21096510142564298
77 78 -0.2900240265967696
78 108 0.9246335854032262
78 79 0.11847635485348224
79 109 0.3281587430743813
79 80 1.210899686877678
80 110 -1.2403114239994006
80 81 -1.0278588791551544
81 111 -0.1776417714415001
81 82 1.3047867991814264
82 112 -0.19398156261161487
82 83 -1.062744751615232
83 113 -0.6372514327289441
83 84 -0.6045505268283088
84 114 0.1478247049519502
84 85 -0.1038388520745268
85 115 -1.8889481670848671
85 86 1.267572841199357
86 116 -0.9957348131879802
86 87 0.32923478943424667
87 117 -0.013774703254994
87 88 -1.173743291536596
88 118 -0.4982382057767207
88 89 -0.6544219100501535
89 119 -0.40313681360128356
89 90 -0.7175889192469457
90 120 -1.6629419138327106
91 121 -2.7186694265852367
91 92 1.829837265566888
91 120 0.23454199498941145
92 122 -0.7405895172674152
92 93 1.3548484040065274
93 123 0.9420687208143198
93 94 1.8109178962938237
94 124 0.8082948040715526
94 95 0.19083149950030007
95 125 1.280269589922491
95 96 0.23900965020957132
96 126 0.8765802971819708
96 97 0.23361199287462533
97 127 -0.8512206586408905
97 98 -0.024880036680286422
98 128 -1.1944663229114871
98 99 -0.8189184962828397
99 129 0.37817503146754855
99 100 1.0871182539676227
100 130 0.3476881474789499
100 101 -1.2040672539994706
101 131 1.4911457209996635
101 102 -2.2445171751616053
102 132 -0.2443788039865425
102 103 -0.29103814948478207
103 133 1.126984818626029
103 104 0.07165994171364376
104 134 0.9802029548250785
104 105 0.6304752463976633
105 135 2.311084762028764
105 106 1.0800912072833424
106 136 0.32897489214045
106 107 0.4230520792489924
107 137 0.5107193942997821
107 108 -1.4310939913811362
108 138 -0.4733204597844101
108 109 -0.3498121538715607
109 139 1.5014586405363313
109 110 -1.555206553312979
110 140 -0.4000736426800925
110 111 2.3121063998856655
111 141 -0.33046881506597625
111 112 -0.5805741667880165
112 142 -0.5340815802586317
112 113 1.1462248679707996
113 143 0.42495193199625747
113 114 -1.2077267459796415
114 144 -0.9475862029069593
114 115 -0.3581661362091511
115 145 0.7793779029247049
115 116 1.0148674353033522
116 146 -0.4193225040943811
116 117 -0.9576951355859391
117 147 -0.8303854987361067
117 118 -0.27187194801791087
118 148 0.8552798038298424
118 119 0.421449985809411
119 149 -1.0595485621767324
119 120 1.4428807987315133
120 150 -0.26595274124766605
121 151 0.2413191616726808
121 122 -0.02307184171046629
121 150 -0.06984658130658741
122 152 -1.2308286703495148
122 123 -0.6909455740156063
123 153 0.8848472238084132
123 124 0.5549466720056115
124 154 -1.0475827343108486
124 125 0.9091971728385745
125 155 -0.0026984261975238344
125 126 0.64032206494635
126 156 -0.43627361275869103
126 127 0.4033946862114027
127 157 1.884786707403687
127 128 0.04510506450028854
128 158 -1.411345099872934
128 129 -0.36168024991249187
129 159 2.735079426175238
129 130 1.2192428415466745
130 160 0.5088738839058649
130 131 0.14805686787680764
131 161 -0.37446859511566094
131 132 0.9138236610574734
132 162 0.9038121526192796
132 133 0.22801211168853303
133 163 -1.6790838614105368
133 134 0.3091377505657545
134 164 -0.5723457051577333
134 135 1.8533920025349315
135 165 0.43465890259392426
135 136 0.15170609405373034
136 166 0.9025311300761032
136 137 -1.9928582834565793
137 167 -0.845398604482712
137 138 0.07137442411728884
138 168 -1.97885589776747
138 139 -0.5004407946528646
139 169 -1.5125972813803457
139 140 1.1956631636019
140 170 -0.009011006195637354
140 141 1.3007916304578118
141 171 0.5412006423180865
141 142 0.07540753741277864
142 172 -0.3386552950704495
142 143 -0.10234905724133284
143 173 1.2207822197776157
143 144 -1.4214500897516222
144 174 1.4828360331841504
144 145 0.06572906636120254
145 175 0.08386599609865605
145 146 -1.1748447162460245
146 176 0.3566858503882367
146 147 2.0134487825684326
147 177 1.425182271900587
147 148 -0.8570596495589674
148 178 -1.2624762926909152
148 149 -0.44786722659367345
149 179 0.7842495536269902
149 150 0.7474933479362891
150 180 -0.26149324383975353
151 181 -0.9342958646691397
151 152 -1.7054606795515403
151 180 0.1645252223847912
152 182 -0.19305532662382305
152 153 0.2188430661910838
153 183 2.169100512343086
153 154 -0.621941604499462
154 184 -1.6813874735499446
154 155 0.2705400246771145
155 185 -0.1106483071400665
155 156 -0.2463491094374845
156 186 0.5203537315750493
156 157 0.48681986597593047
157 187 0.9323233722968803
157 158 -1.517029182502663
158 188 0.7979792130022775
158 159 -0.9685022881705394
159 189 0.8085006401049781
159 160 -1.3750796269859134
160 190 -0.22500494680191802
160 161 -0.13723303064554188
161 191 1.7511418232574074
161 162 0.9255779699894265
162 192 -0.8671091552717515
162 163 1.522297643976384
163 193 1.1567936925709161
163 164 -1.100659915954731
164 194 0.5266361816720443
164 165 -0.315462685372875
165 195 -0.14765816382075359
165 166 0.4628579350397823
166 196 -1.148662875076785
166 167 0.37435031579228517
167 197 0.5830827629919102
167 168 1.1316407864119358
168 198 1.0886703475625725
168 169 0.4181391349748616
169 199 1.2834631497290194
169 170 0.5923858944698817
170 200 1.9055145653409151
170 171 0.7455161448476735
171 201 0.7185353632368866
171 172 -0.4375416062611995
172 202 -0.8500802640928817
172 173 -0.9711503073297338
173 203 -1.007163460218962
173 174 0.7629466199549451
174 204 0.345342495691724
174 175 0.02295400266957673
175 205 -1.1946305143110267
175 176 -0.6985227042160481
176 206 1.8921005654484435
176 177 1.7468621649406058
177 207 -1.2518991896313842
177 178 -0.9488174253924168
178 208 0.47321508976875376
178 179 1.8334652464599728
179 209 -0.4978930439643535
179 180 0.8184412296368744
180 210 -0.63779406209724
181 211 0.5413033461679184
181 182 -1.6739654126002914
181 210 0.6476311235038557
182 212 -1.5819479976466249
182 183 -1.0192592436374939
183 213 1.666523600585234
183 184 0.2200163600910566
184 214 0.621093013865676
184 185 -0.024244910309617087
185 215 0.6089118862544346
185 186 0.1114418294221046
186 216 -0.24802274252065815
186 187 -0.5811789982886736
187 217 -0.926613801922948
187 188 -0.06944776060717295
188 218 -0.9058783692451413
188 189 -0.5304433724172049
189 219 -0.7518106284431795
189 190 -0.5761419374746933
190 220 1.1016617152603774
190 191 0.3716599817735743
191 221 0.3135587905168533
191 192 0.07440423489608541
192 222 -0.6758546675839439
192 193 0.38859524167592635
193 223 -0.04451380306262952
193 194 0.20698090710161898
194 224 -2.021115638144048
194 195 0.13340047694153412
195 225 -1.2565472675125577
195 196 -1.6468114225909891
196 226 1.0453629389511656
196 197 0.48154534561491147
197 227 -0.2396871037153503
197 198 -1.9586927378641037
198 228 -0.03435220825277422
198 199 1.0509716035880592
199 229 -0.7178157344354421
199 200 -0.12879947696480717
200 230 0.5080449472839724
200 201 0.4324979214974981
201 231 0.8740694861195881
201 202 -1.6301593809107415
202 232 1.0246691075606675
202 203 0.3389486937353151
203 233 -1.906103299990597
203 204 0.9753125226981983
204 234 -1.1719843089552953
204 205 -0.25520221582723346
205 235 0.058450994175944744
205 206 0.23593866758158522
206 236 0.257008638060346
206 207 -0.34963775951759096
207 237 0.30343758185055403
207 208 -0.9875797029503753
208 238 1.149993789350446
208 209 1.625971721791555
209 239 0.9776313063564556
209 210 -0.296477710899425
210 240 -0.5199083979885739
211 241 -0.2918661130358294
211 212 -0.13831227923042907
211 240 0.8875012216880853
212 242 0.00931313994109865
212 213 0.7795984084115675
213 243 2.2224567097271275
213 214 1.450609311481686
214 244 -2.391860255734523
214 215 -1.0157445811251211
215 245 -0.8283618632229403
215 216 -0.5064238898904069
216 246 0.15015500819676847
216 217 0.2787059445039073
217 247 0.6549901575960958
217 218 -0.9644226044785703
218 248 0.5743004358692623
218 219 1.7042421652582536
219 249 -0.8576819504510507
219 220 -0.2851567695771958
220 250 0.9419761519529636
220 221 0.0016577553415737635
221 251 1.4644438102369266
221 222 0.9564474595365265
222 252 1.016405064710963
222 223 0.24891864500325248
223 253 -1.875063731402851
223 224 1.8707318428741238
224 254 0.024016552706400913
224 225 -0.4172370740617724
225 255 -0.4067469470836111
225 226 0.46772122598959964
226 256 0.1599871722349272
226 227 1.2474380985806766
227 257 0.05699845557981035
227 228 1.1892038625767063
228 258 0.5564395436623044
228 229 0.9654393410019856
229 259 -1.631064493194197
229 230 -1.8762920137757741
230 260 0.14712914678104472
230 231 1.3727632798811453
231 261 -0.9207506822275717
231 232 0.2946705835314431
232 262 -1.5770743031817451
232 233 -0.2916116244879076
233 263 -0.4192774019296515
233 234 -0.7724088508461671
234 264 0.7723804502236253
234 235 -0.36101008091291986
235 265 0.40773800896189816
235 236 -0.32228093211573966
236 266 -0.8026273913183415
236 237 1.0782792664149186
237 267 -1.1711960750506478
237 238 -0.7164749969794777
238 268 0.02780511746111811
238 239 -0.07976922358437384
239 269 0.19494501253459798
239 240 0.7489133631247717
240 270 -1.093096340667778
241 271 0.646581357948371
241 242 -3.423561511250944
241 270 1.6867493696887355
242 272 -0.8545284101139865
242 243 -0.8700726861425374
243 273 1.4458026551310517
243 244 -0.7142351971997307
244 274 0.5420810109838122
244 245 -0.47665226181969517
245 275 -0.014660165162144329
245 246 2.5537104507363986
246 276 -0.22605873466899568
246 247 -0.18082872811564135
247 277 -1.4228318126564226
247 248 0.3623123153311
248 278 -0.018483753714884914
248 249 -1.2409725009150774
249 279 -0.8204077402091271
249 250 -0.47746890737397046
250 280 1.3725176356275783
250 251 0.7087178237725773
251 281 -0.5271730066806347
251 252 -0.6821529056414879
252 282 1.744290272881138
252 253 -0.05924365584432941
253 283 0.6112698575927157
253 254 1.0514123265981643
254 284 0.27593726907765415
254 255 0.15328716875860882
255 285 1.5818780968922797
255 256 -1.152552769772255
256 286 -0.7748877827400161
256 257 -0.8661418465646666
257 287 -0.13817857843711745
257 258 0.8874716745174205
258 288 0.2977292958185673
258 259 -1.6066518832252366
259 289 0.3314663469429674
259 260 -1.0267815281149668
260 290 0.5162326729201441
260 261 -0.2724853438559444
261 291 -0.08432460598849328
261 262 0.5655384124266747
262 292 -0.05999153946243378
262 263 -0.6442172432599365
263 293 -0.8198647495411802
263 264 -0.7059079775387346
264 294 0.12236273162845164
264 265 -1.324593842750448
265 295 -1.905837064570304
265 266 1.6793082076588388
266 296 -0.8191917627048658
266 267 -2.038918941043571
267 297 1.2876143358832857
267 268 2.093050156473632
268 298 -0.21468342653023875
268 269 -2.8412817832726613
269 299 0.03017143826852545
269 270 -1.0719650668159857
270 300 1.5795635309468075
271 301 2.022144993375523
271 272 -0.4968603373842387
271 300 0.02379712799922706
272 302 0.7831464885911807
272 273 0.2514040274845831
273 303 0.8637595418812121
273 274 1.277896676813339
274 304 1.0355685031402408
274 275 -0.9253329307052677
275 305 -0.07304702996854787
275 276 -0.4119679828026314
276 306 1.8256603308588366
276 277 0.4350167819101772
277 307 -0.3090370429007328
277 278 -0.8879289970619433
278 308 0.5556596111038711
278 279 -1.173507382368222
279 309 0.7590629708820937
279 280 -1.060291025528877
280 310 -1.2549553444622517
280 281 0.7660913587992922
281 311 -1.0275440740942134
281 282 0.12336556101406354
282 312 -0.7223700379818633
282 283 0.6778936981848691
283 313 0.2448230013274443
283 284 1.6376010747661534
284 314 -0.4457313924045449
284 285 0.3372362493452079
285 315 -0.5501763014177868
285 286 1.6451267619653063
286 316 1.3035282116972624
286 287 0.6737396174154738
287 317 0.20752086017039462
287 288 -0.2536321858748137
288 318 -0.2597411973980638
288 289 -0.8329725573200879
289 319 -1.6075277403486905
289 290 0.8564587184403392
290 320 -0.948462780486987
290 291 -0.07143567999215902
291 321 -0.0661598657740756
291 292 0.5446532023728623
292 322 -0.18166902920252284
292 293 0.9735202196730677
293 323 1.2110016951392928
293 294 1.708473525441431
294 324 -0.19514901680825802
294 295 0.7149992901342025
295 325 -0.9490240642846104
295 296 -1.1310372677854417
296 326 2.0953198478304516
296 297 1.0263112953530735
297 327 -0.4819838377795539
297 298 1.1567793412793417
298 328 1.0766135769059777
298 299 0.2944635531363783
299 329 0.08201748762347863
299 300 1.090290294452205
300 330 0.5664241297809652
301 331 0.18990148740333632
301 302 0.40436817912174394
301 330 0.6342241199705171
302 332 -0.49113562689060347
302 303 -0.6595084996504024
303 333 0.26456187849733875
303 304 -1.0875604639469543
304 334 -0.35841124745052066
304 305 0.017531303477931862
305 335 -0.28682955673723703
305 306 -1.2053529320691732
306 336 0.6896491630740014
306 307 0.9683437726136093
307 337 -0.8303521015442763
307 308 0.28325619406217206
308 338 0.7238217231762358
308 309 -1.3077010854157554
309 339 0.6875414377025509
309 310 -1.0393574715599347
310 340 2.1915892242218695
310 311 -1.173048845326544
311 341 0.13985558375088936
311 312 -2.2535601069856876
312 342 0.8278349207419793
312 313 -0.4667882739027016
313 343 0.008355834228682852
313 314 1.1777421881349253
314 344 -2.278324127472935
314 315 -0.5980355639299608
315 345 1.315538954861054
315 316 -1.039402115282342
316 346 -1.1670296131405173
316 317 -0.40656366752276313
317 347 -0.8401918369411705
317 318 0.9180280792565417
318 348 2.8008968948901063
318 319 -0.03052441974990065
319 349 1.9772655432245894
319 320 0.4613577778447992
320 350 -0.6415079233430985
320 321 0.8130198022250427
321 351 -2.0958243703760178
321 322 0.080941169036332
322 352 0.7946440010124849
322 323 0.16646369753279544
323 353 0.4330616626683536
323 324 1.013285257781587
324 354 -0.3643050769489689
324 325 -0.7490146594690167
325 355 0.4111583783636481
325 326 0.030992236838816554
326 356 0.643970992078047
326 327 0.07006352700959598
327 357 -1.036960061253349
327 328 -0.08896234531893789
328 358 1.4428233887430437
328 329 1.832822135722112
329 359 -1.1618526548019532
329 330 -0.22969633557973476
330 360 -0.44810074087199775
331 361 0.11125064349284348
331 332 0.8127210753974031
331 360 0.45761102173558155
332 362 0.9406981985351641
332 333 -0.13324072051872518
333 363 1.4831583567641844
333 334 -1.8643436654788796
334 364 0.03570363228867839
334 335 -1.137961203193886
335 365 0.7913981383946579
335 336 0.3558169923240956
336 366 0.2536679904375988
336 337 -0.28869048743206976
337 367 -0.12712579165019242
337 338 0.47521918732684304
338 368 1.8608319091962855
338 339 -0.6719640732811132
339 369 0.28832869254621935
339 340 -0.6901749230778618
340 370 -0.8827695811263256
340 341 -1.6179070752230154
341 371 -0.6744078421235223
341 342 -0.506566019984362
342 372 0.16636220526361475
342 343 -0.6773636600121689
343 373 -0.9556514466459529
343 344 -0.6705600955378171
344 374 0.09499051988297201
344 345 0.7590935429514923
345 375 1.887374715726569
345 346 1.3125905234716821
346 376 2.0337656483898434
346 347 0.25193705794424026
347 377 -1.2546836548269522
347 348 -0.04338307453742556
348 378 0.40703180216202506
348 349 -1.0031774195598677
349 379 -0.2795057287467388
349 350 -0.5371478201268787
350 380 0.35085711323662083
350 351 1.9750564659392498
351 381 0.7045184403091548
351 352 0.16241233261852675
352 382 -1.7742079607028223
352 353 0.05212155215507896
353 383 -0.591766952631872
353 354 -1.0867288775964148
354 384 0.2798710574971162
354 355 -1.1270835104953536
355 385 0.3964438801808055
355 356 0.37198937406260385
356 386 -1.4674945312165968
356 357 -1.0965695710089254
357 387 -0.6686605091737365
357 358 0.9195965829885752
358 388 -0.9420312514618641
358 359 0.9918222493265885
359 389 -0.6036325007671578
359 360 0.574528125931634
360 390 0.7391970435760646
361 391 0.33594672410441323
361 362 -1.230119310506677
361 390 -0.24235572804964173
362 392 1.1425253170830478
362 363 0.1436513193309486
363 393 -0.10123396484929056
363 364 0.9320664491370522
364 394 -1.2298281663601913
364 365 1.424452846421575
365 395 0.5617138923148131
365 366 -0.27356559844466977
366 396 -0.4839346611994089
366 367 -0.25469662788570613
367 397 -0.2738047693975473
367 368 0.5035067577004924
368 398 -0.4055465144836543
368 369 -0.3246475225277918
369 399 -0.5573569106509969
369 370 2.174035208065729
370 400 -1.8703441569921144
370 371 0.5102626255348728
371 401 0.4868086197193829
371 372 -0.9776971459789997
372 402 0.11583516430156983
372 373 -0.45906839051869514
373 403 -0.6397917314032563
373 374 0.5920223784851678
374 404 1.0363735859319234
374 375 -1.350441287072772
375 405 -0.5066746933960449
375 376 0.555852890061807
376 406 0.8743663600432949
376 377 0.33915869359272477
377 407 0.4276655161724093
377 378 0.22087477104605396
378 408 0.5968532392591106
378 379 0.6046746110681345
379 409 -1.1011815999424348
379 380 0.5260876318572572
380 410 0.14171715963963755
380 381 1.6801982683720622
381 411 0.6328361438496487
381 382 -0.08637320797018674
382 412 -2.3537325317320175
382 383 -1.6154123003285714
383 413 0.6953808447774495
383 384 -0.3808976462559178
384 414 -2.3684250708168806
384 385 -0.30198633727433066
385 415 0.703312539813686
385 386 0.07518761969215663
386 416 -0.1572090953047903
386 387 -1.1221744381810226
387 417 -0.17115774632390732
387 388 -0.9215668301309421
388 418 -0.8761211762554992
388 389 0.47996495535862793
389 419 -1.50119683084895
389 390 -1.0305736732531268
390 420 0.35973402680496624
391 421 1.8467355515846455
391 392 0.43699424437304135
391 420 1.3645225858886423
392 422 -0.3943366404006387
392 393 -1.159787528323425
393 423 -0.8155382640444191
393 394 0.2135097034927376
394 424 -2.03027779302775
394 395 -0.016478736970875475
395 425 1.0776156120878853
395 396 -0.024748953744032055
396 426 0.5815167812429635
396 397 2.437047690455103
397 427 0.06251733645664533
397 398 0.6132386370053969
398 428 -0.6415930577652631
398 399 -0.45855279255709375
399 429 0.9124250616026385
399 400 -0.3270975980380288
400 430 0.07699630921355985
400 401 0.8964626635547114
401 431 -1.1713921803773966
401 402 -0.5458818107734708
402 432 0.12048710168933503
402 403 -0.30820156895280093
403 433 -0.42274944810350235
403 404 -0.8036098253984331
404 434 -1.230755658906735
404 405 0.9728120072162194
405 435 0.47485412795933374
405 406 -1.8833850579818714
406 436 -0.9092891988009326
406 407 -0.9293057191346324
407 437 1.4913431363280911
407 408 -0.015483014681320495
408 438 0.39203783845016293
408 409 1.0553049503580167
409 439 -1.029249857949063
409 410 -1.2606724954397062
410 440 2.1940693207421162
410 411 0.09628520394032221
411 441 1.1595767804379178
411 412 0.27321060700176447
412 442 0.022931965930240324
412 413 0.6250698844640735
413 443 -0.7344434752657757
413 414 0.35893302973159413
414 444 -0.030081186812179188
414 415 0.3844165661480505
415 445 2.824484186908691
415 416 -1.682251545295658
416 446 -0.7652931447989973
416 417 -1.4943740878999998
417 447 -0.13504694412858934
417 418 1.6364464698813175
418 448 0.5016986805503971
418 419 -0.27316371138489404
419 449 0.390951156419513
419 420 -0.7062028187556074
420 450 2.4117201398454973
421 451 -1.4736917255502924
421 422 0.2300542924677616
421 450 -2.179016734371186
422 452 -0.1560107202004147
422 423 -0.7918220678885859
423 453 1.5811070491251187
423 424 -0.5701596873358726
424 454 -0.7797922236089225
424 425 -0.24580395216456563
425 455 -2.0513228668950036
425 426 -0.1737812922328684
426 456 -0.5521269297046495
426 427 -0.3333492942314635
427 457 -0.4799714555045802
427 428 1.0433029409404226
428 458 0.7284028954533766
428 429 -0.42256519705543577
429 459 -0.4099099010581453
429 430 0.949435432610248
430 460 0.8439338282564216
430 431 0.7422877989616989
431 461 1.1692831244510093
431 432 -1.4629841657774127
432 462 -2.163411112798054
432 433 -0.263091371294291
433 463 -0.5009875888271559
433 434 -2.3083374901958504
434 464 1.446104939928974
434 435 -0.9775957229135686
435 465 -0.2905425482365687
435 436 0.7946325746904725
436 466 0.18212841461373114
436 437 0.35553634191917893
437 467 -0.7637938351633698
437 438 2.1750263745542764
438 468 0.013607132097624798
438 439 -0.24805577550148325
439 469 -0.547458980685908
439 440 -0.021042024750326134
440 470 -1.616148211786899
440 441 -0.5135931283866421
441 471 -1.5091415097240342
441 442 -1.6885178701157209
442 472 -0.2510094856633362
442 443 -0.18452005010390854
443 473 -0.9388445359467992
443 444 -0.5660026088543221
444 474 -0.008185003518493524
444 445 1.7211644510870483
445 475 0.8314322941166467
445 446 0.6874700164771596
446 476 -0.7351857130200445
446 447 -1.1101143731804353
447 477 -0.7901475576562322
447 448 1.849450282814224
448 478 -0.1221174213963666
448 449 -0.807328681013224
449 479 0.49505294869050426
449 450 -1.4459934417333826
450 480 0.11732817627902507
451 481 -1.0429773157409457
451 452 0.0020051562670489512
451 480 -0.07035750682105743
452 482 -0.3166276617268926
452 453 -0.8845763882346228
453 483 -0.4038275957846022
453 454 -0.03724218368745567
454 484 -0.6816812781056216
454 455 -0.6670731816549763
455 485 -0.0900437339955029
455 456 -0.22724181141025307
456 486 -0.22413672193634745
456 457 0.5931953194671674
457 487 -0.013806750994819667
457 458 -0.07315396178899741
458 488 -0.7414843312442768
458 459 0.3421447838577642
459 489 -0.5665397607605529
459 460 -1.156101011592395
460 490 -1.0715290661324142
460 461 0.8345910042015476
461 491 -0.5133977200444978
461 462 -1.973717426634025
462 492 1.6829714073063817
462 463 -2.1833378876453713
463 493 1.768851010941641
463 464 -0.7277110165994177
464 494 -0.5752653854729562
464 465 -1.2577957543288099
465 495 2.785578156788112
465 466 -0.6588526969235183
466 496 0.36405398415994916
466 467 -1.0243745873086543
467 497 1.4956806506815394
467 468 -1.1643150954168935
468 498 1.1131131031389656
468 469 0.353112768063268
469 499 -0.5459320196539102
469 470 -1.511894200461429
470 500 0.8604315408299442
470 471 -0.08160950073941532
471 501 1.1049382163989236
471 472 -0.7976348381969384
472 502 -0.019085690239296967
472 473 0.4801968681735045
473 503 -0.19231652586978948
473 474 0.08346193891295486
474 504 0.15448807984968618
474 475 -1.4614126202008577
475 505 -1.2523281842739338
475 476 0.05800894705816349
476 506 0.17224745317708515
476 477 -0.796558685536688
477 507 -1.3439740262772248
477 478 -0.10550224733659783
478 508 -0.5415128116629158
478 479 1.2455748878954473
479 509 -1.2365916974503055
479 480 -2.5334862610752404
480 510 1.2486731095699166
481 511 -0.7781307474256999
481 482 -0.3786041213961867
481 510 0.3818467504744235
482 512 1.0807633774106131
482 483 2.005908756235104
483 513 -0.48512205177994694
483 484 -0.7083895173967424
484 514 -0.6971057153176906
484 485 -0.042454933011534024
485 515 -0.25065109664017415
485 486 0.41327329520573913
486 516 -0.6633721950990743
486 487 -1.0227872584039495
487 517 0.7541059736166534
487 488 1.6944599617046168
488 518 -0.7270054663303326
488 489 -1.2865614874605285
489 519 -0.007409116239836133
489 490 0.013325837128582589
490 520 0.5839790900841387
490 491 -2.281779726327812
491 521 1.8403051955930745
491 492 -0.3144951737874961
492 522 -0.19601860427891343
492 493 0.02090048509194105
493 523 0.31694772210700733
493 494 1.8772521502345072
494 524 0.7358187990184419
494 495 -0.019498502328311126
495 525 -0.017524631697029832
495 496 0.988495959731649
496 526 2.803894627419492
496 497 -0.47309018260712177
497 527 0.3855407216589803
497 498 -0.7350562984885457
498 528 -0.039925502963034445
498 499 -0.5147998822298709
499 529 0.6131702570595088
499 500 0.05142090704483536
500 530 -0.03193438325741096
500 501 -0.29014186075076037
501 531 0.9828163471655005
501 502 2.2079070298109076
502 532 1.1258882276153872
502 503 -1.4285028093637977
503 533 -0.46163387364927005
503 504 0.8759473452057258
504 534 -0.5357985608044976
504 505 -0.7697290731642485
505 535 1.1597899733046553
505 506 0.3440103479323168
506 536 -1.4131572919109567
506 507 1.9616131272246091
507 537 -2.3633198428205078
507 508 -0.1212756966494997
508 538 0.16886599522672985
508 509 0.4901140369727506
509 539 0.2244655829408527
509 510 -0.9541998964526206
510 540 -1.09410029107172
511 541 0.47942233888953023
511 512 0.08538107518898096
511 540 -1.402367781545037
512 542 -0.701908820778889
512 513 -0.08492512658608953
513 543 0.6973272145450152
513 514 -0.19437597670777595
514 544 0.7482809276549044
514 515 -0.5404443081174087
515 545 1.867848771871674
515 516 -2.4130980135284306
516 546 -1.6384481967831603
516 517 1.096785024683962
517 547 -0.1710654941904897
517 518 1.1134684039371419
518 548 -2.229161576871991
518 519 -1.173811449876342
519 549 0.33638141284709894
519 520 0.366945356973103
520 550 -0.6131629344142655
520 521 0.6373868879022566
521 551 -0.8137296255023537
521 522 0.22006772333150318
522 552 -1.577083715889422
522 523 0.39037766486527775
523 553 -1.1443026903281073
523 524 -1.3462308146967303
524 554 0.12416221500176274
524 525 -0.044386515285181664
525 555 -0.23908671508586607
525 526 -0.5697042362709865
526 556 1.3481533484681114
526 527 1.2554957179358883
527 557 -1.1300632729373854
527 528 0.7768015542901162
528 558 0.5712793109679043
528 529 -0.8935975868848701
529 559 -1.2424707944362565
529 530 -1.5556938261314666
530 560 0.9833289420851865
530 531 -1.0799814177875033
531 561 1.0449676115936724
531 532 1.1335555997528401
532 562 0.34562228976415676
532 533 0.886031990348986
533 563 -1.253632647236722
533 534 1.060452293452907
534 564 -0.47398881782211993
534 535 -0.449431789865092
535 565 -0.6439366704027953
535 536 0.45935797725974087
536 566 -1.3992120657852392
536 537 1.1816237851673679
537 567 -0.5796271722495653
537 538 0.5278345875550661
538 568 -0.06752380504015945
538 539 -0.705777880367504
539 569 -0.5691893787951815
539 540 -0.5965092735308972
540 570 0.28070683749108594
541 571 -0.4000794754472431
541 542 0.4784357866469513
541 570 1.1883238202871969
542 572 -0.8477823723145101
542 543 0.6899839385574007
543 573 0.07819746241774753
543 544 -1.378426021218589
544 574 0.07403523900366561
544 545 -0.285048691949594
545 575 0.26314867858855934
545 546 -0.5510219800057056
546 576 -0.22372727370755469
546 547 0.19922971418354046
547 577 0.8329160029379935
547 548 0.8642992959706891
548 578 0.17829352535804113
548 549 1.4411396483354415
549 579 -1.014690133443935
549 550 0.01803663107436055
550 580 0.7624399175860822
550 551 -0.2162258510885337
551 581 0.9922683445372656
551 552 -0.37698488759637705
552 582 1.2747662434936053
552 553 0.03957192141648096
553 583 -0.05162361710819536
553 554 -0.5464360464616475
554 584 0.2427855185702749
554 555 -1.4235900592896533
555 585 -0.5524785946634649
555 556 -1.7215293085891126
556 586 -0.2564535333041015
556 557 0.834996249112262
557 587 0.894583930359118
557 558 1.4957224861729923
558 588 1.4558830046752318
558 559 0.4153270769946841
559 589 -0.4857261436256351
559 560 0.5468858900187368
560 590 -0.1490998272315702
560 561 0.07925520115940231
561 591 -1.3508580455099335
561 562 -0.5650725908521465
562 592 -0.6634317735491914
562 563 0.4236062986944855
563 593 -1.458379100577456
563 564 -0.4466635775994549
564 594 0.34835157844785675
564 565 0.5133286131309945
565 595 0.4038855236855154
565 566 -0.05955333812989469
566 596 -0.8303817532554284
566 567 0.2746803149419287
567 597 0.3089248415773773
567 568 -1.4856814752156569
568 598 -0.33577155019271465
568 569 -1.4225842720956619
569 599 -0.39388651710027356
569 570 -0.14024066528013845
570 600 -0.5413733992803357
571 601 -1.3978903536156635
571 572 -1.2814987738815284
571 600 -1.0994418996539654
572 602 -0.3346519925482244
572 573 -0.1568388718004628
573 603 -1.9044693372753803
573 574 0.544230994437948
574 604 0.02897834209751087
574 575 -0.401341989989873
575 605 0.8040173428760059
575 576 0.529814217081694
576 606 1.5614417430625023
576 577 0.13700439868928638
577 607 -0.974168205695377
577 578 -1.0855645632827498
578 608 0.4589936278468726
578 579 0.7833551253367854
579 609 0.0576566693502793
579 580 0.7314764686564014
580 610 1.627891389659869
580 581 -0.6838157107427438
581 611 -0.21811237630175542
581 582 0.002811528927929725
582 612 -0.4687813620081015
582 583 0.5139384261418286
583 613 -1.703256619818186
583 584 -0.08787968277129206
584 614 -0.5675547585019328
584 585 0.10842707218292202
585 615 0.46572934312353453
585 586 0.4625703574319613
586 616 -1.9181814582931427
586 587 -0.7056496779189083
587 617 0.6816594990278886
587 588 0.6634838132543073
588 618 -0.05910538272303709
588 589 -0.017841315416962936
589 619 0.968923679637751
589 590 -0.13136910892517148
590 620 -1.0223968077702565
590 591 0.9135262444761348
591 621 -0.02142723992466095
591 592 -1.4593300314199673
592 622 1.5593837322059427
592 593 0.2969395722769692
593 623 -0.4111868970362064
593 594 0.8902274601079635
594 624 0.26214393013824
594 595 0.48861032701383605
595 625 0.7193002296498794
595 596 -0.8008387268721925
596 626 0.06558440333687283
596 597 0.4838490836725584
597 627 0.16353397440688372
597 598 -1.6191428878493357
598 628 0.44440666816757185
598 599 1.773492102629855
599 629 -0.7897726035134595
599 600 -0.8278990744899372
600 630 -0.886114748876018
601 631 2.9329721751894757
601 602 0.08868606556587982
601 630 -0.7806469112178166
602 632 -0.3979604448813638
602 603 0.4522208322624447
603 633 -0.3883058889649845
603 604 -0.9849121288959951
604 634 -1.2282930011721254
604 605 -1.0397399676921273
605 635 -0.7142311864855063
605 606 0.3045344901334982
606 636 1.0099013149753986
606 607 -0.3636276780394807
607 637 1.146387676376627
607 608 -0.2234828752625625
608 638 -0.025270071642644668
608 609 -0.41742591658545697
609 639 -0.9564086818858699
609 610 1.3254422227885603
610 640 0.5039748414148527
610 611 -0.7134646866432157
611 641 0.4932711734690989
611 612 -0.8901319079492335
612 642 -0.0630386162939766
612 613 0.1956985100214143
613 643 1.539816735523112
613 614 0.815483458885189
614 644 0.32336340497526916
614 615 -0.13737999156256236
615 645 0.08409146937842171
615 616 -0.17125773647275538
616 646 0.5323507713738055
616 617 0.5087777854875073
617 647 -1.0848707213903384
617 618 0.48825930457948746
618 648 -1.8279832872586503
618 619 0.7360191634182326
619 649 -1.1691576731314424
619 620 -0.19326369164554782
620 650 -0.3934203080971066
620 621 0.605115085918129
621 651 1.0180398963673385
621 622 0.8143301706339772
622 652 -0.5071836651734349
622 623 -0.9690508994265846
623 653 0.8439759271598206
623 624 0.7391135798591534
624 654 0.3039230476378059
624 625 -0.1337894478240759
625 655 0.5099835859924724
625 626 0.5872642118119088
626 656 1.0063741026238984
626 627 0.29054125302281686
627 657 1.4678988033012912
627 628 -0.05381344883832275
628 658 1.656627733877604
628 629 -1.9323620803684383
629 659 0.688316809617666
629 630 0.0915110669047755
630 660 -0.7665357392292339
631 661 -0.5913827717552402
631 632 0.22648331019168752
631 660 -0.7651591999085633
632 662 0.5417879442077728
632 633 -0.004864960221380861
633 663 0.18425890456329858
633 634 -0.9964137253665292
634 664 0.5032161890997462
634 635 -1.8349084697895959
635 665 2.0629028953712836
635 636 0.38926483101755477
636 666 -0.02525257486197346
636 637 -0.5000380497881761
637 667 0.970387435044134
637 638 -0.9033904905340999
638 668 -0.5254625075346108
638 639 -0.5652767290929285
639 669 0.38509191425911654
639 640 0.08970280781179733
640 670 -0.07735122516342433
640 641 -1.091531649905291
641 671 0.02872164210892038
641 642 -0.22137446233601446
642 672 -1.6564062228117338
642 643 -0.1924211974973783
643 673 1.741361765120157
643 644 0.15238223133708675
644 674 0.8423627554249977
644 645 -0.09625598326257177
645 675 0.24056995223006658
645 646 1.9149628117355433
646 676 1.347713347198526
646 647 -0.49535930564386554
647 677 -0.8477714661069741
647 648 -1.1491187865149826
648 678 -0.6453176484364842
648 649 1.3136331697323957
649 679 -0.22472916244759925
649 650 -0.8217754481034008
650 680 -2.0155661351406606
650 651 -0.602953770631047
651 681 -2.6666417216019287
651 652 0.8817172893556061
652 682 -1.1079667657015626
652 653 -0.17107737589464414
653 683 0.3734387025991177
653 654 -0.35755510132782914
654 684 -0.17181083827170485
654 655 -1.2751919781916434
655 685 0.4696408722485579
655 656 -1.3937156466029212
656 686 -1.0324370508721834
656 657 0.7175536949113919
657 687 -1.0519769052312047
657 658 0.8987589457131459
658 688 -0.48298559612276953
658 659 -0.7404993010444523
659 689 1.460456555841609
659 660 -0.4007785909652077
660 690 0.2231632749387458
661 691 -0.2176820040849458
661 662 -1.1694075359740748
661 690 0.11045304471782326
662 692 1.0343389985531695
662 663 -1.2432808346903148
663 693 0.9928503393065046
663 664 0.1948119577347167
664 694 -0.6320678782552369
664 665 0.9467542368135838
665 695 0.2197369736102222
665 666 1.5959116048597384
666 696 -0.2609329207970481
666 667 -0.9705733080475845
667 697 -0.16389781951047996
667 668 -1.362774101118719
668 698 0.7246009138519257
668 669 -0.8909816218691265
669 699 -1.2849643832248088
669 670 -0.7955771785485949
670 700 0.80599464583463
670 671 -1.524863035625077
671 701 1.542526888437558
671 672 1.976270668937351
672 702 1.1677064505362966
672 673 -0.06988970418006457
673 703 0.5900190796552383
673 674 -0.16649180278893064
674 704 0.0890544998484932
674 675 -0.5222668789845363
675 705 -0.23575324119136384
675 676 -0.35397991151380964
676 706 1.6733060790623848
676 677 -1.5135641425940343
677 707 -0.5330348130006367
677 678 0.690320652800695
678 708 -0.6591674042667695
678 679 -0.7070057723623996
679 709 1.6639752666679484
679 680 -1.1808617352758837
680 710 1.8716538068548207
680 681 -2.3945925967890758
681 711 -0.280712049409686
681 682 1.8253813544045403
682 712 2.184463589644301
682 683 0.4262400671579957
683 713 -0.10187163437045338
683 684 0.36969472112346
684 714 0.2827122821619198
684 685 0.44523036121816145
685 715 0.19457247916119436
685 686 0.2798964604384843
686 716 1.5012877571573688
686 687 -1.4726177987835596
687 717 0.8444620434235934
687 688 1.6562154033662282
688 718 0.5419942653921807
688 689 0.9251266945551133
689 719 -0.739950078043974
689 690 -0.6030837066845305
690 720 0.6845561773753787
691 721 -2.9833529540118744
691 692 1.422574750021059
691 720 -0.7237173240543522
692 722 0.8448633129653004
692 693 0.5757658880491389
693 723 -0.3290213623667254
693 694 -0.9079631568055466
694 724 -0.13471111020709653
694 695 -0.714817087722107
695 725 -0.17922695835259772
695 696 0.08907077613520017
696 726 0.9919069336661909
696 697 -0.15801489855977888
697 727 -0.5682925750502518
697 698 0.34759785216554717
698 728 -0.6711751015078331
698 699 1.45262369183092
699 729 -0.3539425931525966
699 700 2.4166027596252926
700 730 -1.7562368236159944
700 701 -0.5156078184929788
701 731 -0.11469435602761742
701 702 -0.41289819307946996
702 732 0.19313436841734963
702 703 -0.6620480109118261
703 733 -0.3835994325242687
703 704 2.208109149715035
704 734 0.5992178730214386
704 705 2.1420498959303025
705 735 1.6367728381516873
705 706 0.6183941072369783
706 736 -0.3106079020338746
706 707 -0.7711606021858612
707 737 -0.22214497969203265
707 708 -0.4668589112690266
708 738 -0.3413514417884454
708 709 -0.40009795163808876
709 739 0.710250098164073
709 710 -1.3254190409219198
710 740 -0.5834354967673475
710 711 -0.9266136055779832
711 741 -0.1080556005789934
711 712 -0.7388502033758049
712 742 -0.5002833242283329
712 713 -0.5130676496375483
713 743 1.1894720502771292
713 714 -0.46551447896419834
714 744 0.6094137395086111
714 715 -1.9672992091226107
715 745 -0.12753859116589059
715 716 -1.3371555443394694
716 746 1.9250177714522245
716 717 1.5121638622463531
717 747 1.5389245362997952
717 718 -1.9947721363929924
718 748 -0.44643556387774136
718 719 1.2877543024873186
719 749 1.3253671193541294
719 720 1.9564148679747015
720 750 -0.11385969486040393
721 751 -0.5327235737280617
721 722 -0.3512780465210436
721 750 -0.1288244537419653
722 752 -0.3857024848384678
722 723 0.1552931016164579
723 753 1.406646492445106
723 724 0.5557883575329181
724 754 0.4240207483755412
724 725 -0.09370016720651478
725 755 -3.394735143769338
725 726 -0.3649896507047944
726 756 -1.0594236829220633
726 727 -1.3605072183844784
727 757 -2.365273234663252
727 728 0.6350661855465247
728 758 0.6661846104542951
728 729 -0.17840585127239003
729 759 -0.6383597454910783
729 730 0.08019237472447098
730 760 -2.394688170004719
730 731 2.0241935781340237
731 761 0.3792439220932801
731 732 -0.5491319667645996
732 762 0.07901835926426731
732 733 1.1198806980020006
733 763 1.6422320920870548
733 734 0.09546553990905662
734 764 0.4867035895143232
734 735 -0.7400116340826977
735 765 0.8338032274004009
735 736 0.8708663977232346
736 766 -0.869664523041349
736 737 -0.3695127588634889
737 767 -0.16146188151037685
737 738 -0.49705630529838346
738 768 0.8748211295422909
738 739 0.8200001529130423
739 769 2.5458760581707605
739 740 -0.863148876956653
740 770 -0.77257222416809
740 741 1.0808272741522464
741 771 0.8902009508257321
741 742 -1.6312089523825495
742 772 0.2517371530595084
742 743 -2.9483396730473777
743 773 0.05408726403838536
743 744 -1.2222299485336738
744 774 0.7844314470328626
744 745 1.335925598728669
745 775 0.039663095504605526
745 746 -0.07194693879956088
746 776 1.5206923032957411
746 747 1.3785192965348236
747 777 -0.21629367991993334
747 748 1.1283477475368908
748 778 0.5862448567134271
748 749 -1.6724357265955692
749 779 -1.5309494345483143
749 750 -0.37051220972458093
750 780 1.2571743898520136
751 781 1.0739992240024514
751 752 -0.08413263140565813
751 780 -1.3066160209649118
752 782 0.11384357162482805
752 753 0.26472674695591136
753 783 0.5263703483145807
753 754 -1.2754652043783636
754 784 -0.5647732722966717
754 755 -0.5357750139198589
755 785 -0.9346924346044349
755 756 0.6616320661740502
756 786 0.0553791705660888
756 757 -0.2392448332796915
757 787 -0.5877551221338689
757 758 -1.7241940296129552
758 788 -1.6433098124334171
758 759 -0.7553691979333798
759 789 -0.06526199561928983
759 760 -0.08346080262256056
760 790 -0.735531435293955
760 761 0.28480205613270687
761 791 -2.9053405512737966
761 762 -1.361065962994221
762 792 0.4341624400697625
762 763 0.8844520786316162
763 793 -0.051688573331685056
763 764 0.8001620804125086
764 794 -1.165436246969127
764 765 -1.0822711689756066
765 795 0.5037863247212788
765 766 -0.3449221463691453
766 796 0.382738123472329
766 767 1.8133440410225723
767 797 -1.7635587321026571
767 768 -1.473474886352228
768 798 -0.8145296328868084
768 769 -0.2305692848416066
769 799 -0.22322888999761503
769 770 -0.2378353204714005
770 800 -0.8321079717668314
770 771 0.7352324086798039
771 801 -0.10242244386704583
771 772 -1.4719008807962284
772 802 1.2461685725780651
772 773 -0.9549708889873747
773 803 0.6549040647945342
773 774 -0.025395957245810116
774 804 0.5300239864235882
774 775 0.6725088009572229
775 805 0.20807147385440555
775 776 1.4617177479395729
776 806 -1.2764358198589227
776 777 -1.3076881247391057
777 807 -2.026278164281771
777 778 -0.024998277572399204
778 808 0.06524987608761847
778 779 0.9071708409269539
779 809 -1.589818174320466
779 780 -1.6057162837244796
780 810 0.6431608883639248
781 811 -0.4234549475738342
781 782 -0.7815232291071402
781 810 -0.8300729118551962
782 812 -0.8894049513767605
782 783 0.2561047205504518
783 813 -1.0770093577201434
783 784 -1.3691807324281395
784 814 0.045055006066607596
784 785 -1.3065030840192393
785 815 0.3315007975720321
785 786 -0.6165192359870397
786 816 -0.38627980562490005
786 787 1.3141461785051154
787 817 0.0710664053829947
787 788 0.6401568254463306
788 818 0.5434468869443251
788 789 0.8496929726401701
789 819 0.7799659001934214
789 790 -0.8458408394730134
790 820 1.2312566808008722
790 791 0.5231267457688857
791 821 0.17040864097316583
791 792 0.6007310647745449
792 822 -1.4352062916280748
792 793 0.6254923755258442
793 823 1.126448839987831
793 794 -1.0203400260971252
794 824 -1.5647660961838896
794 795 -0.06893410766183157
795 825 -0.6046419382821637
795 796 0.9396662989530858
796 826 -2.0451929907652695
796 797 -1.260170985557441
797 827 -0.6598288537879347
797 798 0.449036386948129
798 828 0.6818941451731528
798 799 1.0696783297411787
799 829 -0.23752312510848697
799 800 -0.48176020379324785
800 830 -1.0783522057835164
800 801 0.08129094529527578
801 831 0.29659128508064975
801 802 -0.7860273893281181
802 832 0.4298245740185542
802 803 -0.1411439307910805
803 833 0.5323621989851751
803 804 0.1560471713646429
804 834 -0.4250835643867667
804 805 1.2866123969536987
805 835 -2.016277451818609
805 806 -2.056248656146138
806 836 -0.6620374532018845
806 807 -0.8677436810107617
807 837 1.0716737967004573
807 808 -0.4849609903850652
808 838 -0.35762860856150924
808 809 -1.3569360564139272
809 839 -0.19829649041302508
809 810 -1.1434560467364183
810 840 0.743412709972841
811 841 0.8951351319847924
811 812 0.44487668222753535
811 840 1.978603187986634
812 842 -0.3734307815835936
812 813 -0.2432768815846315
813 843 -0.46377223270319773
813 814 -0.30551339896017515
814 844 -0.8691867895834813
814 815 -2.1069118726563483
815 845 1.5291429326167842
815 816 0.6729119441687708
816 846 -1.590530678299898
816 817 -0.6310761489820875
817 847 1.1925164175128888
817 818 0.5818952314526671
818 848 0.19327119085034053
818 819 1.6595372237316663
819 849 0.42481593254458044
819 820 -0.9424382071553823
820 850 1.3094307703702206
820 821 0.5060437639765412
821 851 0.21262261855397746
821 822 -0.04186909549849323
822 852 1.7872696538243955
822 823 -1.1387457202546012
823 853 -0.1908867160049654
823 824 -0.582175730965642
824 854 -0.2948363969565185
824 825 -0.416359017955675
825 855 0.3927654498618436
825 826 -0.3602982987888629
826 856 -0.2987429428750299
826 827 -1.4611715322516308
827 857 1.1964419835980789
827 828 -0.5865469434662663
828 858 -0.7811447291487293
828 829 0.23020303881928866
829 859 2.1004985313243534
829 830 1.8698172042868293
830 860 -0.3122511977678063
830 831 -0.8444671588814447
831 861 -0.5203004015602971
831 832 1.1511372317448942
832 862 -0.8636002667940287
832 833 0.8551028815959553
833 863 0.9265865215928564
833 834 0.444183026169714
834 864 0.7444159172657664
834 835 0.6373592627449688
835 865 -0.3210589219518706
835 836 -0.6902907593434976
836 866 0.5128634815154716
836 837 1.5630066285100568
837 867 0.1623621718908901
837 838 -0.360779839393048
838 868 0.2785924968453852
838 839 0.3829840673207227
839 869 -0.16740581158875856
839 840 0.6374021952511278
840 870 0.2692317725841518
841 842 -1.497415566292595
841 870 0.8018284790529617
842 843 0.34857329178433016
843 844 -0.7192950108554493
844 845 -0.15166848107399167
845 846 -2.349907256530377
846 847 -0.4917816932606291
847 848 -0.7232269863436921
848 849 0.8890974743999601
849 850 -0.46066902431556933
850 851 -0.3891531308150101
851 852 -0.12028822366017376
852 853 1.3056938733166403
853 854 -1.0773838618439233
854 855 0.1366454048963654
855 856 -0.12528913135823774
856 857 -1.9858599463551563
857 858 -1.5134456338746611
858 859 -0.9076348158094539
859 860 -0.3953878650909478
860 861 1.5769141296341271
861 862 0.4580074278705525
862 863 -0.619602885185611
863 864 -0.7598051007724561
864 865 0.17317285077308522
865 866 1.1429320274840868
866 867 0.4725225762481156
867 868 -0.643328746399839
868 869 -0.5829901820977123
869 870 -0.29958017999139364
