400 800
1 21 0.6455058886643822
1 381 -2.508543390897037
1 2 1.1828034336086275
1 20 0.8322699300240819
21 41 -0.6865157933131525
21 22 0.13897568469677746
21 40 -0.34555503086115386
381 361 0.390841586652336
381 382 -0.6233885773125617
381 400 1.5399634924193484
2 22 0.6330440172343155
2 382 -0.31280179497024296
2 3 0.005169583351388596
20 19 -0.3614928550036074
20 40 0.666185557537347
20 400 -0.9802529551058149
22 42 -0.963314239045451
22 23 0.9434492801413554
382 362 -0.42349688899908383
382 383 -0.2900245049946447
3 23 1.4151722707978542
3 383 0.39952185413034214
3 4 -1.3927209380579564
23 43 -2.763532018351891
23 24 0.3825090135588989
383 363 -0.01745852026422556
383 384 0.34621868015507734
4 24 -0.13009234059366934
4 384 -0.7062895902711144
4 5 1.4844261612637715
24 44 -0.4606442727908142
24 25 -0.6290157495083335
384 364 -0.561091651214746
384 385 0.7407659371854749
5 25 0.6942237343438171
5 385 0.2774279673446065
5 6 -0.7393510205542011
25 45 0.09923393774210237
25 26 -0.15304617747107302
385 365 -0.17789206068819424
385 386 1.7850183499654058
6 26 0.5034926595839073
6 386 -0.2624447740660179
6 7 1.7553502013441824
26 46 -1.1932653461698512
26 27 0.23785147961727915
386 366 -0.8749933331860903
386 387 1.296351594846038
7 27 1.2121692094747953
7 387 1.1360421897979955
7 8 1.516116670117636
27 47 0.7551542788934665
27 28 -0.16657444698431206
387 367 -0.00915312036301333
387 388 -0.4626965364810715
8 28 0.009079262991976962
8 388 -0.02567720566763084
8 9 -0.9887258677808856
28 48 -1.4794941064773737
28 29 1.1027542155823102
388 368 0.33900302250287845
388 389 1.6150638991617454
9 29 -0.3150569404067688
9 389 -1.176558587453095
9 10 -0.2737320792698027
29 49 -0.12553121099996017
29 30 1.0429782422111002
389 369 -1.6436265256338274
389 390 0.5584478689874436
10 30 0.9695409316508391
10 390 1.4939230615417993
10 11 -1.0485608459535445
30 50 0.7571096326479223
30 31 0.11823148434415859
390 370 -0.2705469720161666
390 391 -0.7916105358355212
11 31 -1.6470246786646805
11 391 0.07469014816309986
11 12 -1.611338822575395
31 51 1.1150199335582849
31 32 1.0966495173973843
391 371 -1.557098042763973
391 392 -0.8176426984557748
12 32 0.7341012369980653
12 392 -0.6713239935815855
12 13 0.5939568513044977
32 52 0.03911752641194745
32 33 0.981486449924889
392 372 0.9641257788285483
392 393 0.4238806671563616
13 33 -0.7741666476496951
13 393 0.7621739924004272
13 14 -0.8452040750832557
33 53 -0.7288476982488588
33 34 1.5030588934526632
393 373 2.1268397302934092
393 394 0.47805144435572483
14 34 -1.7628914395141637
14 394 -1.8303186612092188
14 15 -0.38242820644618764
34 54 0.3737951564032011
34 35 0.6101597952836413
394 374 -1.0083804137648917
394 395 0.9361525186452787
15 35 1.32952491359898
15 395 0.4330490877210849
15 16 -0.3872740335364845
35 55 -0.729571678127224
35 36 0.4975916553702345
395 375 0.03367027074130116
395 396 1.8787251987662164
16 36 1.0188515610522848
16 396 -0.5929539065031436
16 17 1.699872908992185
36 56 -0.009598003202212055
36 37 1.444362732568991
396 376 0.3689704323229599
396 397 -0.5168612903522801
17 37 1.5318711187003393
17 397 -0.22654463673628886
17 18 -1.6487743895058222
37 57 0.7947763886062831
37 38 1.5616124403138696
397 377 -0.5061819743799811
397 398 0.9642863634593354
18 38 -0.9606905740599188
18 398 0.9555303703059461
18 19 0.7095368856997557
38 58 -1.0286277853537271
38 39 1.0839310690215458
398 378 -0.7663785321663092
398 399 0.5990723151744576
19 39 -0.25098538499994627
19 399 0.5468841884622262
39 59 1.1906795102291217
39 40 -1.152983209152904
399 379 -0.3242721159037123
399 400 -0.15475615736635484
40 60 -0.31456235551096856
400 380 -0.6368977949654991
41 61 -0.8465421710666777
41 42 -0.8231118344383646
41 60 0.3466742928724319
42 62 -0.132748207083084
42 43 0.9745619354121633
43 63 -1.2735460394804259
43 44 -0.2494396787968038
44 64 -0.6398013493605242
44 45 -1.4498309153195892
45 65 -0.7951620146326678
45 46 1.1215852313816854
46 66 -1.7014214984916374
46 47 1.7695350007305275
47 67 -0.018145769597109063
47 48 -0.6793550780955367
48 68 0.5968558560144803
48 49 0.10379754492279462
49 69 0.8464912086955586
49 50 -0.192289860364086
50 70 -0.9517503099746868
50 51 -0.7880822641616101
51 71 0.6368065391261486
51 52 2.075963485881566
52 72 1.4729165179859476
52 53 -0.8920164246526003
53 73 -1.912302236155852
53 54 -0.8184580811946129
54 74 1.1893774359238212
54 55 -0.07994404876608206
55 75 -0.9555670927903307
55 56 -0.3771233048678894
56 76 1.0054832322725409
56 57 0.5964741872419479
57 77 -0.1944620909802478
57 58 0.3001660148699283
58 78 -0.0178693631077647
58 59 -1.7845130928943782
59 79 2.2815443401652593
59 60 0.9394752477404323
60 80 -0.23993296770929873
61 81 -3.073463310875139
61 62 -1.0884219275905023
61 80 1.4245196378807605
62 82 0.6817372502821936
62 63 -0.9042182713309158
63 83 0.06099738629455748
63 64 -1.0107138686713715
64 84 -2.175299657843472
64 65 1.268765314084926
65 85 1.3850039793513382
65 66 -0.625441804409933
66 86 -0.39258603167382744
66 67 0.9468357633839556
67 87 0.4272865198704791
67 68 -0.034357354832241144
68 88 -0.3447098605957292
68 69 0.19031390653540584
69 89 0.7486224172257883
69 70 -0.13064994638966168
70 90 -0.9845654249349735
70 71 -2.330828202753764
71 91 -0.6526704370316699
71 72 0.42011392056703956
72 92 -1.4172055344272283
72 73 1.4215485937985197
73 93 -1.4500593820557692
73 74 0.8403103349236457
74 94 -1.8349188697017715
74 75 -0.2724474276561393
75 95 1.6265879375114052
75 76 1.1112646236090509
76 96 -0.6707082922493084
76 77 -0.7803502164362247
77 97 1.9037025356423554
77 78 0.08199654949877978
78 98 0.14409829678042196
78 79 -0.6158878611150161
79 99 0.5870456581448734
79 80 1.0997336831739077
80 100 -0.3113485143732533
81 101 0.20978642567615358
81 82 0.34399342776706526
81 100 -0.6092185388560342
82 102 1.6843391156749374
82 83 1.103776172468246
83 103 -1.069987157845433
83 84 1.3783199120612446
84 104 1.1697308703485376
84 85 0.3660395710349968
85 105 0.6309102576254376
85 86 0.31023353076982674
86 106 -0.77013896657695
86 87 0.29181995579850584
87 107 -1.0324669884888078
87 88 0.4081498076147694
88 108 1.587393999172399
88 89 -0.2926277558718209
89 109 -1.5514008851842902
89 90 -0.03867472648260218
90 110 0.1755741416583729
90 91 0.4548570867010181
91 111 -1.4668530525146692
91 92 -0.4855253898752515
92 112 -0.5862113416336998
92 93 -0.9676912744147039
93 113 1.6991453814681243
93 94 0.9579887637154181
94 114 1.2477349831707663
94 95 -0.3934759971522159
95 115 1.1852522065756597
95 96 0.33495106371633643
96 116 -0.9041319455884447
96 97 -0.44937017277109936
97 117 -0.015252765898023529
97 98 -0.37909964958877035
98 118 -0.7505121725783134
98 99 -0.1737621028340354
99 119 -1.6861627863127584
99 100 0.8042654520184808
100 120 -0.6871354063545225
101 121 -0.34740523534685736
101 102 -0.5852732361046917
101 120 0.06163874085698478
102 122 -2.1473352199637863
102 103 1.1798029140420778
103 123 0.27946664481509764
103 104 -0.2629408889099471
104 124 1.3551009436203578
104 105 -0.38665241504808556
105 125 0.3358420505455301
105 106 0.6619879445641081
106 126 -1.0945541742506661
106 107 0.34850401186679575
107 127 1.7507837142475073
107 108 -0.02768779943676849
108 128 -0.27294126099062344
108 109 0.07496134147674953
109 129 1.7637281242388296
109 110 0.210534434315637
110 130 -0.8796156245681782
110 111 -2.007607878166052
111 131 -0.8008446619488088
111 112 -0.5679843811426619
112 132 -0.5475955721158515
112 113 -0.4049295786346436
113 133 0.8357676535952188
113 114 1.2443010502158494
114 134 0.34604648081504713
114 115 -1.0165477822432396
115 135 -1.0989488362207442
115 116 1.2620617827777294
116 136 0.24347127205028654
116 117 0.6033672590886834
117 137 1.6458549537624891
117 118 0.028388008731546177
118 138 -0.42709052016988525
118 119 -0.04807004324088725
119 139 -0.05175722587270424
119 120 2.6603758808673788
120 140 0.7145269098789564
121 141 -0.3108036115413307
121 122 0.02446628476404738
121 140 0.957756216550271
122 142 0.020557592244114065
122 123 -0.07899646064465428
123 143 0.35157642979042264
123 124 0.7578761116993638
124 144 -1.21133361726028
124 125 -1.6983131299207035
125 145 -0.9362913010013836
125 126 1.0301329129217445
126 146 0.05497203260581767
126 127 0.6047282945250896
127 147 -1.8544090727856288
127 128 0.14528241520675936
128 148 1.6755532362060113
128 129 -0.05268561448150426
129 149 -0.1963499665619816
129 130 -0.2514704431388531
130 150 -0.3925394740779401
130 131 -0.12283048247880195
131 151 -1.048349365837582
131 132 -0.07621810648905553
132 152 1.4493537629289204
132 133 -1.3763136299458567
133 153 0.42980041656062923
133 134 2.072591145328549
134 154 -2.252130855051753
134 135 -0.7312680789028047
135 155 1.6924092273586337
135 136 -0.4998736102167947
136 156 0.990489375982834
136 137 -0.2733787703742328
137 157 -0.03710888014965326
137 138 0.5562459438412463
138 158 0.8965073571911492
138 139 -0.2052493623553014
139 159 -1.4370001494546285
139 140 0.7780662119764848
140 160 -0.24872689256723193
141 161 0.39568563697818426
141 142 -0.3201676916921111
141 160 1.4681120121301048
142 162 0.10608603822350228
142 143 1.379642962679833
143 163 -1.4707494716826226
143 144 1.2478454692109764
144 164 0.41236674930077677
144 145 -0.3736678563894249
145 165 -0.42639536300890335
145 146 0.05916779871100753
146 166 -0.18056439513059844
146 147 -1.5511692413242888
147 167 -1.0777884470633186
147 148 -1.9029660642313218
148 168 0.8530063056949151
148 149 -0.7093533707780477
149 169 -1.2005452355884572
149 150 0.061969662003164706
150 170 1.1919954550957057
150 151 -0.2916209562186598
151 171 0.8714520833930118
151 152 -0.9529420422436432
152 172 -1.333117332452526
152 153 -0.7308399571702647
153 173 -0.11657464843468106
153 154 2.074528117249178
154 174 0.3114969016826315
154 155 0.04594650349415358
155 175 0.7178618822085793
155 156 2.0795284045569016
156 176 -0.1100848945827448
156 157 1.2371170133599478
157 177 0.5618638587847389
157 158 0.934012301831398
158 178 0.18614671705477903
158 159 0.6305500961304383
159 179 -1.444752994472247
159 160 -0.4834313192811086
160 180 -0.6977520973881043
161 181 0.38187383128627495
161 162 -0.3819576642466618
161 180 -0.4431165003833396
162 182 -1.1642716174835164
162 163 -0.6020395830931283
163 183 -2.211988357201905
163 164 0.8758489989170485
164 184 -0.8467450971216093
164 165 1.4502813093448372
165 185 0.07254098732693054
165 166 -1.8198105495671764
166 186 -1.0037572154164087
166 167 -1.9747731665198236
167 187 -1.0022974143116128
167 168 0.8414841254212924
168 188 0.9628562191624607
168 169 -0.02152440869477387
169 189 0.1096074167400718
169 170 0.9562935268185815
170 190 0.2543699623311278
170 171 -0.28708174085657306
171 191 0.35671045766144877
171 172 -0.5975557355107277
172 192 -0.23119697141937126
172 173 0.6524463716549986
173 193 0.5270452764043628
173 174 1.4827077153124932
174 194 -1.2172887454952381
174 175 -1.0871329912668237
175 195 -0.39523617293826546
175 176 0.23280425229342397
176 196 -0.5915111918896336
176 177 -0.5247614900631518
177 197 0.3010866214716165
177 178 -1.1649579348936066
178 198 0.4195500540576375
178 179 3.281490151392712
179 199 -0.605448733431366
179 180 1.6028086658439007
180 200 -0.8056581646845956
181 201 1.0026468918903657
181 182 0.9725873806513831
181 200 2.1104931005200545
182 202 -1.8209091368415542
182 183 -0.6030795052276803
183 203 1.0545205787152183
183 184 -1.1167665365999362
184 204 0.3441306149323206
184 185 0.42747223727565276
185 205 0.1766617173431655
185 186 1.4310544692242042
186 206 -1.5320779709195878
186 187 -0.7653258029232388
187 207 1.0285167412430574
187 188 0.4357394459255611
188 208 0.8940063423966762
188 189 0.7237556108301261
189 209 -0.5566227504825119
189 190 1.8040172018534315
190 210 0.04362407616795199
190 191 0.3475210783423752
191 211 0.6589150603023698
191 192 -0.19638665653083764
192 212 0.11128607295558322
192 193 -1.1634883850570283
193 213 -0.05312244160008948
193 194 0.5934050195098665
194 214 0.10143984417382493
194 195 -1.7596037002433393
195 215 -0.4898086204625914
195 196 1.7375315552390966
196 216 -1.4002196328242749
196 197 -2.133881702557562
197 217 1.1824725400256082
197 198 0.79751707721116
198 218 -0.8652973843304601
198 199 0.6875206127663391
199 219 0.1112201232642441
199 200 -1.954066622384099
200 220 -0.27572837543944057
201 221 -0.3703162103664302
201 202 0.3328942353747302
201 220 1.297588406803888
202 222 0.34191956175538757
202 203 1.0643011911737572
203 223 -0.17733700489025253
203 204 -0.4563390442982216
204 224 0.038034951210190036
204 205 1.5798083251865307
205 225 -0.5848744740756389
205 206 0.05289322301310872
206 226 0.23517497701540568
206 207 -0.7713252484923308
207 227 0.2298640762587975
207 208 -0.8544107244380713
208 228 -0.9069513515999091
208 209 1.2477767803161324
209 229 1.3292840052368216
209 210 -1.1351296403749038
210 230 0.17558826589542362
210 211 -1.0078110111611374
211 231 1.519932899575923
211 212 -0.7146294637518311
212 232 0.6310398977069795
212 213 1.4071900541364055
213 233 -0.38993420167693305
213 214 -0.04799847764707155
214 234 0.5064261921742057
214 215 -0.6247703288262604
215 235 0.22596617464308996
215 216 -0.3002120707638211
216 236 0.4073727143111736
216 217 -1.8077467861815806
217 237 -0.02420593455158952
217 218 -0.4738705887726849
218 238 0.6297904794956207
218 219 -0.5837730158840729
219 239 -1.2669867295093897
219 220 1.0419170448690884
220 240 -1.3577475030578197
221 241 -0.5278718473057001
221 222 1.3328726615516304
221 240 -1.0181762007898474
222 242 -0.2282556580614669
222 223 0.6813846154843943
223 243 0.4300404411886493
223 224 -2.8884469683940917
224 244 -2.9454401379132156
224 225 -0.648070288180678
225 245 -1.4342839451787317
225 226 -0.5424418293383207
226 246 -0.024791796217109526
226 227 0.701941007674651
227 247 -0.6840999716310416
227 228 -0.6096510766694249
228 248 1.487742576009566
228 229 0.8591283750221006
229 249 -1.441684546829102
229 230 -1.471808791943249
230 250 -0.10481017035449564
230 231 0.46240994355452447
231 251 -0.03121809369174355
231 232 -0.5309815700492563
232 252 -1.0237972018945383
232 233 0.5162541170594969
233 253 0.47671633656933887
233 234 0.8093489798635323
234 254 -0.3343660517141506
234 235 0.40593040066922575
235 255 -0.08641928561506117
235 236 -0.2024627324096424
236 256 -0.7514841129657134
236 237 0.1540637293858728
237 257 1.146707884505598
237 238 -0.4599641379279691
238 258 -2.569843803257602
238 239 0.571744538314833
239 259 -2.231307374076758
239 240 0.14746450087424431
240 260 -0.902958071026125
241 261 -0.8528809398096927
241 242 -0.15283322851859937
241 260 1.5448753279441398
242 262 0.47700810372721647
242 243 -1.6344080572517743
243 263 -0.19930537497344422
243 244 -1.1088070101496097
244 264 -0.25642153902241566
244 245 0.8992598454458511
245 265 0.09257719992759093
245 246 -0.4405474787153192
246 266 -0.20227922006255564
246 247 -0.2126554947855175
247 267 0.1449439558545058
247 248 -1.032397531096928
248 268 -0.7523792816938479
248 249 0.2032418394097058
249 269 0.07151741492303731
249 250 0.12782137892262635
250 270 2.528732381244162
250 251 -1.62840845906586
251 271 -0.0874547054134269
251 252 1.4143391556567526
252 272 -2.09981381724249
252 253 0.2963372410015881
253 273 2.249425281643941
253 254 0.42267916121521487
254 274 1.3636788478472428
254 255 0.08428225315483212
255 275 1.100729503303465
255 256 2.3150400830626547
256 276 -1.8944118931360856
256 257 0.3337786103294321
257 277 -0.3122721662745699
257 258 0.2815676490425749
258 278 -0.47363822167795006
258 259 -0.85920304547211
259 279 0.36418900845780183
259 260 -1.152241572574745
260 280 -1.1233909846703485
261 281 0.6550147057987914
261 262 0.3017148712779512
261 280 1.3119533979438167
262 282 1.9521570908597856
262 263 1.3149358132673261
263 283 0.10106552121313324
263 264 -0.6085793143180315
264 284 0.7149543595871657
264 265 -0.6582707850032098
265 285 -0.08422499069512297
265 266 0.4672579956294996
266 286 1.6552164842550958
266 267 1.4259713163244616
267 287 1.2074831314926264
267 268 0.41180795504010204
268 288 -0.8958274033165156
268 269 0.8938472849396758
269 289 -0.596834457253592
269 270 0.37401920758268703
270 290 0.6931189778725506
270 271 0.03236511812986035
271 291 0.7571802073960091
271 272 -1.243677212898009
272 292 1.328835357017593
272 273 -0.7730263536121219
273 293 -0.9826025811995452
273 274 0.7494587932612594
274 294 -0.5226321631522063
274 275 -0.045769630029129996
275 295 0.10729930188954258
275 276 -0.9619497641596598
276 296 0.7811135167821267
276 277 -0.29860857234486116
277 297 0.4719492774352076
277 278 0.1889638934863471
278 298 0.5085579350587214
278 279 0.8119843596145678
279 299 -1.3645692197462271
279 280 -0.7418696541102319
280 300 -1.3440088463115387
281 301 1.1985723233524497
281 282 0.5273371872822011
281 300 1.8894232244893947
282 302 0.3155458600303923
282 283 0.8078307608173052
283 303 0.11538479630230035
283 284 0.7465575187951392
284 304 -0.2968084415968315
284 285 1.7223278974608494
285 305 0.07446541673547699
285 286 -0.9833669164927551
286 306 0.2908805621346962
286 287 -0.42309945970810187
287 307 -0.2856619453190337
287 288 0.6150934068467127
288 308 2.339911755462076
288 289 0.1972099344628552
289 309 0.0710539919768343
289 290 -0.4318480647404046
290 310 -0.017304527037950806
290 291 -0.42653709831777076
291 311 0.025616490313671064
291 292 -0.5035414717429317
292 312 0.20402400545890198
292 293 -1.685327530758399
293 313 1.2318915195859141
293 294 0.6757662254033735
294 314 -0.5597919950231405
294 295 0.6506619136948761
295 315 0.2865369417523281
295 296 1.1474763447253955
296 316 -0.8671793755562566
296 297 -0.5912459485777646
297 317 -0.5205208599501164
297 298 0.0844137677247025
298 318 -0.7638932183681355
298 299 0.974466756928285
299 319 0.8491294508578767
299 300 0.3652695527923747
300 320 -1.1383090006667753
301 321 -1.2723677980499233
301 302 0.7087508220185142
301 320 -1.283672899341585
302 322 -1.1833558837104114
302 303 -0.9594184497337145
303 323 0.49916321403029956
303 304 0.49252665396684764
304 324 1.5127424960519573
304 305 0.30292387995049097
305 325 0.4226217235097698
305 306 1.210265868292429
306 326 -0.4581949729380738
306 307 -0.8545244615060346
307 327 -0.15756778105892286
307 308 0.6224575523848225
308 328 1.2249308566940333
308 309 -1.0578375321721476
309 329 0.5325947348320715
309 310 -0.007827243853625931
310 330 0.2031357115308264
310 311 -1.9351402378406073
311 331 -0.6359460266497663
311 312 0.9296381080382153
312 332 1.4363722046950291
312 313 -0.6631538907843282
313 333 -0.34007734079262536
313 314 -0.796285357022258
314 334 -0.4472208418432457
314 315 -0.31291732486038437
315 335 0.377481883784838
315 316 0.0658222039900062
316 336 -0.7598657822210704
316 317 0.28249343779894914
317 337 -0.8698924400095439
317 318 1.1763921669836876
318 338 -1.4594733713654866
318 319 1.07547688820347
319 339 -1.4328947243597268
319 320 0.5802941591931808
320 340 0.8836942739006909
321 341 -0.18101150179544015
321 322 -2.5897833137217
321 340 -1.0450381784280562
322 342 -0.6420261847080542
322 323 0.8409845410648993
323 343 -0.8005299719613911
323 324 -0.2856974871900385
324 344 -0.9194870196660525
324 325 0.21641286594891238
325 345 -0.5605628245069906
325 326 -0.2186202877179772
326 346 -0.5857694494881818
326 327 -0.07928054883251148
327 347 -1.7913939641403727
327 328 -1.5846383143139569
328 348 0.34125344507297195
328 329 0.1692661389565864
329 349 -1.7373645895919132
329 330 -1.6586317568254116
330 350 0.776682492401336
330 331 0.19514946181648182
331 351 0.12596255783751234
331 332 -0.07176075437076049
332 352 0.9400762099648005
332 333 0.7437898519998678
333 353 -0.14052687612342965
333 334 -1.0878747416147667
334 354 1.2098582779893547
334 335 -0.35517484946956507
335 355 0.6863750308220289
335 336 -0.15217138002216565
336 356 0.911843793981134
336 337 -0.3059974962929496
337 357 -1.1557524846559624
337 338 0.622358467383956
338 358 1.2506530699972878
338 339 1.42442622183913
339 359 -0.442182032432029
339 340 -0.00011650584296340486
340 360 0.22598753024733173
341 361 -0.4694491124349622
341 342 -0.7485648557936881
341 360 -0.17270515683876908
342 362 -0.34755407101997826
342 343 0.5382519261884631
343 363 -2.0248485674708285
343 344 -0.5442581822325775
344 364 0.4505164227877797
344 345 -0.020946264593273926
345 365 -0.7718748891530405
345 346 0.668760437581508
346 366 0.24715785636866272
346 347 -0.13329805793163896
347 367 -1.6692591621007804
347 348 -0.2520841346673249
348 368 -0.680001111640207
348 349 0.10174359281440867
349 369 0.0804883691454249
349 350 -1.7049175461652166
350 370 1.0020016588818144
350 351 0.3168216463054595
351 371 1.179033485271915
351 352 -0.16801804826249403
352 372 -0.9950054741992118
352 353 0.04778261005918622
353 373 0.8784292580106757
353 354 0.28127187579224194
354 374 2.354036888503147
354 355 0.706875067970657
355 375 -0.08467517610976277
355 356 -1.0230430542204614
356 376 1.2098558174459202
356 357 -0.02310100987941806
357 377 -1.1858057075318735
357 358 -0.6166783474308871
358 378 -0.01977110832840934
358 359 0.9951450375862219
359 379 1.674289053939233
359 360 0.6279435937274584
360 380 0.3376023675653127
361 362 -0.12016562368931939
361 380 -1.6521727285366343
362 363 0.2146300032143484
363 364 0.2864116011092412
364 365 -0.20193137125466715
365 366 -0.2932427386174833
366 367 -0.278630317744546
367 368 2.950084179349071
368 369 0.20008560087781976
369 370 0.16781585556802142
370 371 1.3932359957037126
371 372 -1.946779213075473
372 373 0.43010384468389673
373 374 -0.533039837347499
374 375 -0.6494687456621656
375 376 -0.3779513383764361
376 377 0.5248093025937884
377 378 0.24118900187035497
378 379 -0.6430502121456788
379 380 -0.09925268560968567
