1225 2450
1 36 0.5671065215660361
1 1191 -0.9259675174231201
1 2 -0.06571735158233302
1 35 -0.4095379077427493
36 71 0.9053293082777145
36 37 -0.1021554369398762
36 70 0.7046957669996798
1191 1156 -1.1925061476075063
1191 1192 1.2707859993757216
1191 1225 -0.7395902335857222
2 37 0.40100971311368455
2 1192 -0.6645344769846417
2 3 -0.2741657226453445
35 34 -2.2245723200510863
35 70 2.006975833495008
35 1225 0.17909184395369596
37 72 0.20875252697847543
37 38 -2.245692447634143
1192 1157 0.36324888072296735
1192 1193 0.4878440181931211
3 38 -0.20598100000652167
3 1193 0.16202921522486702
3 4 -0.3856235228917508
38 73 2.5095430601871267
38 39 0.1690948600244188
1193 1158 1.1122914036609877
1193 1194 1.5887326058561313
4 39 -1.1835529734160566
4 1194 -0.4861670437102273
4 5 0.3687543314485941
39 74 -0.9825245530733397
39 40 -1.365255741764735
1194 1159 -1.1424255542870474
1194 1195 -0.49600861347590497
5 40 -0.7372767620997401
5 1195 0.38542300540556446
5 6 -0.6326272990305558
40 75 -0.5763936918260754
40 41 1.605160710290095
1195 1160 -1.9279107352719569
1195 1196 0.5183200830288792
6 41 -0.9347595590118525
6 1196 0.5169374460611577
6 7 0.8034402983285
41 76 -0.8724881845401304
41 42 -2.29074064895273
1196 1161 -0.8816455736803839
1196 1197 -0.27237937805049994
7 42 0.45610149695036506
7 1197 -0.02032098663137439
7 8 0.022391080207248323
42 77 0.3555982883322652
42 43 0.24098725763226772
1197 1162 -0.402816805089457
1197 1198 0.5681766350670384
8 43 -1.7143667810281873
8 1198 0.21339741693209938
8 9 0.7875883193822398
43 78 0.317463970861568
43 44 1.559046296916988
1198 1163 -0.17459719747862562
1198 1199 -0.8156801730004896
9 44 2.093569996234289
9 1199 -0.8064031776577864
9 10 -0.1320708214499765
44 79 0.4991184605991114
44 45 -0.07185664754034404
1199 1164 -1.702059172902568
1199 1200 1.0109305313168233
10 45 1.7912680507408278
10 1200 0.035981773062595784
10 11 0.1563370227335606
45 80 -2.6912702388634817
45 46 -0.6798746351429636
1200 1165 -0.93588600498096
1200 1201 -1.0397007784408032
11 46 -0.5473291542479893
11 1201 0.5267171643317473
11 12 -0.8169462072671873
46 81 0.4861755456498514
46 47 -0.09304928055460342
1201 1166 -1.6312722023847568
1201 1202 0.2169975794552833
12 47 0.5045784584159007
12 1202 -1.1226921054968269
12 13 0.26668699885275643
47 82 0.5592205182239162
47 48 0.9139138616742303
1202 1167 -1.0759282119051103
1202 1203 -0.32455294787598044
13 48 -0.4969761090133551
13 1203 -0.7245787776198876
13 14 -1.1676859532063755
48 83 0.9491134010914805
48 49 -1.5439830034591981
1203 1168 0.7626295115552074
1203 1204 -0.3919512016422119
14 49 1.0716067157225224
14 1204 -0.05329201876047201
14 15 -0.46847919977530156
49 84 -0.21462103354091056
49 50 0.7891030401049769
1204 1169 -0.8083740056893252
1204 1205 -0.059977647514619946
15 50 1.845350592515918
15 1205 -0.1600776173833202
15 16 -0.09460553621681082
50 85 0.04006457888454156
50 51 -1.355925401977445
1205 1170 -1.856825494509081
1205 1206 -1.977092950830925
16 51 0.30960917230875973
16 1206 1.3586036562045423
16 17 0.8856806914881271
51 86 0.26365719836402707
51 52 0.46523759797048814
1206 1171 -0.44401487254872835
1206 1207 -2.226144959403106
17 52 0.10728956563775996
17 1207 -0.8939051756736521
17 18 -1.1801659795720765
52 87 0.9655903924441662
52 53 0.574910851141385
1207 1172 -0.6195133512875974
1207 1208 0.45081497335645615
18 53 0.5994559458996991
18 1208 0.8241599429205549
18 19 0.674618138805737
53 88 -1.4532979799755226
53 54 0.7254407142090789
1208 1173 -1.030990960901686
1208 1209 -0.9794213009118892
19 54 1.7572680711701494
19 1209 0.05738862593182848
19 20 -0.14213326593442782
54 89 0.06068023425263439
54 55 -0.8210541364892798
1209 1174 -1.068578046544698
1209 1210 -0.3860455133567087
20 55 1.0222153952199322
20 1210 1.1929830883781425
20 21 -0.3619485413407097
55 90 -0.35668886598188876
55 56 -0.6412364541505717
1210 1175 0.2482837008352524
1210 1211 0.6384437437616417
21 56 -2.137526143583998
21 1211 -1.501706605670764
21 22 -0.7684244340037555
56 91 -0.09780201235024308
56 57 0.050695889426839266
1211 1176 -1.2667330262271903
1211 1212 -0.5828829041912984
22 57 0.27754374909015506
22 1212 -0.9568409034989218
22 23 -0.7359986693381809
57 92 0.7135520725680736
57 58 -0.4225854266234719
1212 1177 0.205883104630296
1212 1213 0.5025292850898628
23 58 -0.7045750844677359
23 1213 0.29403453453059597
23 24 0.7023988466947203
58 93 -0.9492828778872366
58 59 -0.1249215171782607
1213 1178 0.09101281148938509
1213 1214 1.778144309696715
24 59 1.3247700637579243
24 1214 -0.4871905398262325
24 25 -0.9333446393058166
59 94 -0.1651755115970449
59 60 -0.10063358091880796
1214 1179 1.6808433263435822
1214 1215 -0.37398130359939713
25 60 1.0449773210471758
25 1215 1.01384199241275
25 26 0.4885002704033619
60 95 -1.3520105385540775
60 61 -0.22398378649745002
1215 1180 0.3192264667368438
1215 1216 0.38795929608830765
26 61 -0.9974040665573456
26 1216 0.8541784348583572
26 27 1.1315956762677888
61 96 -0.7775418074639018
61 62 -0.720098825996341
1216 1181 -1.1723306233261757
1216 1217 -0.14490740183473277
27 62 -2.389049249795834
27 1217 -1.688376187676798
27 28 -0.6931141195687068
62 97 1.6349984932284265
62 63 1.7722025521037574
1217 1182 -0.7547272699548366
1217 1218 -1.1517305664750064
28 63 -2.3138474497216053
28 1218 -0.6885113157503365
28 29 0.751427978739215
63 98 1.7226980445897249
63 64 1.8491294122218733
1218 1183 0.9120057753495139
1218 1219 0.6012524013963765
29 64 -0.06268615782063064
29 1219 -0.44181154402634826
29 30 -1.3968164955083122
64 99 1.0338556168349853
64 65 -0.20461744728170467
1219 1184 -1.099610609597012
1219 1220 0.07753015134765447
30 65 -1.6814458936685253
30 1220 0.03831293054445036
30 31 -1.4024308098967975
65 100 0.8012654293848624
65 66 0.9518156425848924
1220 1185 2.320024051122917
1220 1221 0.10564480749477143
31 66 -0.0823729367679294
31 1221 0.12493572692125882
31 32 2.485551287423109
66 101 0.5165919000310933
66 67 -0.1096605578912608
1221 1186 -0.21477580837370064
1221 1222 -0.5678702274869222
32 67 -0.01949724248181436
32 1222 0.1789435628827247
32 33 -0.1127004645800689
67 102 -0.9069652731763987
67 68 -0.8950944740426793
1222 1187 0.3225875098748451
1222 1223 0.7580988706321075
33 68 0.4696402203433664
33 1223 0.9065467631810128
33 34 0.9989663967636748
68 103 -0.20549386138402337
68 69 -1.147493532668932
1223 1188 -0.3288414966445635
1223 1224 -0.9493118472879329
34 69 1.4989083310641649
34 1224 -0.3516495653071479
69 104 -0.916321831497301
69 70 1.7695920582071494
1224 1189 0.9201454877010825
1224 1225 0.40807918627792517
70 105 -1.391446451169228
1225 1190 -0.6580582191340049
71 106 -0.13927775563530295
71 72 0.5038718510962085
71 105 1.108263710294242
72 107 -0.0538257757665981
72 73 0.9608130162617164
73 108 -0.8761011955851616
73 74 0.9216588417839902
74 109 -0.288370982058922
74 75 0.3649629766918876
75 110 -0.9572261956487474
75 76 0.7889091583560977
76 111 1.1290324616564318
76 77 -0.954285904927494
77 112 -0.8277939169390651
77 78 0.15144174035360358
78 113 1.473531123272859
78 79 1.1750742974294828
79 114 1.7237059654560547
79 80 -0.4592215777687564
80 115 0.6961519661774829
80 81 -0.7139147882436403
81 116 -1.126956701474633
81 82 1.225783517455613
82 117 0.38548703739521734
82 83 1.1624345618414236
83 118 -1.475704638002113
83 84 -1.452171588590032
84 119 1.8496805991605108
84 85 1.1802564092583796
85 120 -1.6336593437607096
85 86 1.4011108154972771
86 121 0.041029276999783676
86 87 -0.6106036783999362
87 122 0.5625005150043699
87 88 0.4941859025538665
88 123 -0.5141306040924819
88 89 2.006163534402935
89 124 -1.4849553425648194
89 90 -0.3281091208630847
90 125 0.31025694968672135
90 91 -2.8114092759924163
91 126 -1.2268977825184526
91 92 1.2909577612920307
92 127 -1.5605808354819202
92 93 0.4789023539279268
93 128 0.5604570868883143
93 94 1.6941445179386576
94 129 -0.17865537878702056
94 95 -1.6982375979586712
95 130 0.13310750563748977
95 96 0.35491455002438155
96 131 -1.608448772371169
96 97 -1.470175432721039
97 132 2.0532398888474903
97 98 1.353041183828873
98 133 -0.44747709246865297
98 99 -1.8683606829206183
99 134 -0.5948646682757831
99 100 -1.1875528878144623
100 135 -0.03559378124206228
100 101 0.8089368314667547
101 136 0.9964039906352127
101 102 -1.3918524948831574
102 137 -0.5313979433323831
102 103 -0.1697550865616291
103 138 0.5065360213282721
103 104 -0.04178758485232428
104 139 -0.08771113075112563
104 105 -0.1730039282796518
105 140 0.3576585964403301
106 141 -0.971886055472879
106 107 -0.39816913829467504
106 140 -0.496719134842395
107 142 -0.18696090557563164
107 108 -1.3426362415935333
108 143 0.35517677112188356
108 109 -0.9472372014641418
109 144 -0.4685848773381779
109 110 -1.2358073257772064
110 145 0.1567677322773099
110 111 -0.42776891270005996
111 146 -1.7119437215743476
111 112 -0.5563202074302533
112 147 -0.7249394800519674
112 113 -1.7808666127666513
113 148 -0.2994531308163497
113 114 1.432459438091924
114 149 0.9065946671627221
114 115 -0.13539927719083186
115 150 0.9038373087197887
115 116 0.5920896556879486
116 151 1.5809014161165884
116 117 0.40762946657779636
117 152 -0.6959585612080459
117 118 1.0781396429269985
118 153 1.3611313041486397
118 119 0.46812666017719085
119 154 0.5850747104503159
119 120 0.9259002300047489
120 155 -0.011528844301531622
120 121 1.4167516312824442
121 156 0.5826196868763067
121 122 0.8382384609309581
122 157 0.09479657791981166
122 123 0.9934676084682235
123 158 0.6408980251908637
123 124 2.1632336558262164
124 159 1.16703556344703
124 125 1.6723590765483087
125 160 1.3879868954770516
125 126 0.837315170397372
126 161 2.1658089023056983
126 127 -1.4933688017417202
127 162 0.08363960901505231
127 128 0.6911173856788138
128 163 -0.38371015910530426
128 129 3.2245674159599242
129 164 -0.3741082897759957
129 130 0.6954778045467893
130 165 -0.043936430560442434
130 131 -0.9087405673241175
131 166 -1.4764474365154532
131 132 -0.3946795853786633
132 167 -0.6129299269264165
132 133 -0.6363051840287117
133 168 0.8988018209423254
133 134 0.4621030328105037
134 169 0.19092365792742172
134 135 -1.3275280054936944
135 170 1.5934982243003786
135 136 0.4327368118076527
136 171 -1.21542548829509
136 137 -0.37016004903051686
137 172 -1.7807127590121057
137 138 -0.2359119581194957
138 173 1.0830469565667225
138 139 -1.0802275818642286
139 174 0.020314477814446258
139 140 -0.3347095056149656
140 175 -0.6511059455155404
141 176 0.36794429221962005
141 142 0.6345420750656419
141 175 0.5177244319968923
142 177 -0.8700960898440611
142 143 -0.7017313019685261
143 178 0.07248270928608264
143 144 -0.7468955084874632
144 179 -1.7725324340353412
144 145 0.5943137790857602
145 180 1.8665452471344421
145 146 0.5030647612065586
146 181 -0.03862025431088714
146 147 -0.11769421539534586
147 182 -2.6098314562509226
147 148 -0.23500554372809385
148 183 0.6983825881416954
148 149 1.114132862612521
149 184 -0.24964833038323003
149 150 0.47098759745887453
150 185 0.29913702981990037
150 151 -0.5357862465601876
151 186 -0.18478386818425763
151 152 1.2217843076355326
152 187 1.350702542651823
152 153 -1.2471154224297356
153 188 0.036674989972099475
153 154 -1.2051491466490847
154 189 1.8034707403911752
154 155 0.7395219747544837
155 190 1.0004563213859332
155 156 2.200455469366993
156 191 -1.5590198908797646
156 157 0.07520982118907762
157 192 0.7753741093237297
157 158 0.42055093011416905
158 193 -0.5976055508223745
158 159 0.04938910383050329
159 194 -0.08088259931113102
159 160 -1.6932859966586038
160 195 0.17540409277444774
160 161 0.4623133561863761
161 196 0.39513163426328174
161 162 -1.218586644429596
162 197 0.6154261287188112
162 163 -0.556378501883569
163 198 -0.7711449946047372
163 164 0.47853531073976774
164 199 -1.6648501257409463
164 165 0.027757106471293445
165 200 -1.1069338589808677
165 166 1.3164431478704512
166 201 1.3692943374046231
166 167 -0.07484175644010171
167 202 -0.12889958771955848
167 168 0.5311975694070794
168 203 -0.8892663746745463
168 169 -0.831766500749096
169 204 -1.5088433411961042
169 170 0.15236368147516777
170 205 0.29084989279110934
170 171 -0.5498706574108281
171 206 0.12934877256213606
171 172 -0.3185520201298204
172 207 0.22785641952078522
172 173 2.5893298107824085
173 208 -0.5614415628205301
173 174 0.6790565481349775
174 209 -0.18766340516663757
174 175 2.072021307480428
175 210 0.5876989772870103
176 211 -0.2777293035402591
176 177 0.7338457679897828
176 210 0.4081990551653161
177 212 -0.380438218803676
177 178 1.0053671800231776
178 213 -0.7523209402626162
178 179 -0.34524003435194106
179 214 -0.7058883355192545
179 180 0.13491940992128
180 215 -0.09057641476574574
180 181 -0.9112351169049728
181 216 -0.1793510444245952
181 182 -1.1492173577292757
182 217 -0.7963345305036554
182 183 -0.9183132467415063
183 218 -0.6271348732384091
183 184 0.2514740007538294
184 219 -0.2194364917908395
184 185 -0.9191570631678525
185 220 -0.311242704669885
185 186 0.21742505055921968
186 221 -1.8434947599154614
186 187 0.4247749934134187
187 222 -0.8758572572483694
187 188 -0.393798690711128
188 223 -0.392704387493305
188 189 -0.7330258762988369
189 224 2.1244825112220083
189 190 0.537709732048357
190 225 0.5347537575017753
190 191 -0.4773057581036014
191 226 2.3921510910995947
191 192 0.5421183663024417
192 227 -1.790678028349534
192 193 0.40256929827684174
193 228 0.14324425111622893
193 194 1.3920475254318354
194 229 0.3338016781086083
194 195 0.11797287410817082
195 230 -0.7148066790584376
195 196 -0.2568105168895347
196 231 -0.9244092071426376
196 197 -0.04473668238048968
197 232 -1.028439826360392
197 198 1.1640324174297747
198 233 -0.7243480070685677
198 199 1.6194923670329855
199 234 -0.8987773727908082
199 200 2.391695247088311
200 235 0.816459323773286
200 201 1.3049410297089696
201 236 0.898313815630246
201 202 -0.8862522260580281
202 237 0.7484125548526586
202 203 1.174426683298153
203 238 0.8877249034008432
203 204 -0.08949910432024204
204 239 1.6044929139338528
204 205 -0.31086949787914614
205 240 0.5214772484531975
205 206 0.5735656149306754
206 241 0.06000079355762392
206 207 0.2100982459776478
207 242 0.018813014485152876
207 208 -0.6157422574490269
208 243 -0.860704871075754
208 209 -0.5695287488413497
209 244 -0.922813398577436
209 210 1.4883667363641564
210 245 -1.1522194761308642
211 246 -0.806605324599345
211 212 0.7116351552150761
211 245 0.4732761267534652
212 247 1.4124294388254486
212 213 0.13663380294116376
213 248 -0.7416594357735345
213 214 -1.2675190732903696
214 249 0.2612247245717396
214 215 -1.491421666534651
215 250 -0.06766904767305139
215 216 -0.07062448264770653
216 251 -0.7706066091574189
216 217 0.3335563394751767
217 252 0.4187595659069322
217 218 -0.049443000534381866
218 253 0.599902794154149
218 219 0.21024507533533868
219 254 -0.3947952810690587
219 220 -0.35417091972727266
220 255 -0.7610762225297385
220 221 -2.967309791186498
221 256 1.000975800958646
221 222 -0.2753190618760435
222 257 1.0798825504131486
222 223 -0.0338403124503615
223 258 -1.8131136036389712
223 224 -0.2722880584522405
224 259 0.9224853881057125
224 225 0.4568193082753304
225 260 -1.2045791060936746
225 226 1.1575021358749316
226 261 -0.08137267714890936
226 227 -0.6297120066295356
227 262 0.10864863904194588
227 228 -0.03390154174072495
228 263 0.7357385131008668
228 229 -0.722164947750513
229 264 -1.2556367961454238
229 230 1.5692254583024523
230 265 1.3581395378941135
230 231 0.5523427121388798
231 266 0.16806869628725057
231 232 0.21960301160740264
232 267 -0.4383111131692217
232 233 -0.40415321913867547
233 268 -1.5357828408533503
233 234 -1.8636016789007788
234 269 0.43468815579608494
234 235 0.19332377057930691
235 270 0.5038097978543161
235 236 -0.3898469704319585
236 271 0.8698894462493804
236 237 0.9401410198668428
237 272 0.5590901993534243
237 238 -1.5105409658499453
238 273 -0.9153181833570521
238 239 0.03908343630939289
239 274 -1.3969588659609382
239 240 -0.9472962003488241
240 275 -0.610116353055197
240 241 -2.551524624188208
241 276 -1.5501907118952836
241 242 0.5347291733952281
242 277 -0.8844961546636572
242 243 -0.36679448943313014
243 278 -0.1945908896350842
243 244 -1.2139844652716447
244 279 -1.7258638443893632
244 245 -0.9264667842562585
245 280 -0.06020941267024837
246 281 -2.152008200964346
246 247 -0.8864990896757923
246 280 0.08216115795873345
247 282 0.8960413263749665
247 248 -0.6534980897281616
248 283 -0.549850814207077
248 249 0.1756011371429483
249 284 -0.6725394752659385
249 250 -0.023127334147743983
250 285 0.20470648061620325
250 251 -0.07570348925330378
251 286 -1.0627639495500318
251 252 -1.583434013239955
252 287 -1.8269755966829466
252 253 -0.6469950591696311
253 288 0.23070923946609506
253 254 -0.03728434064501849
254 289 0.39529748368678974
254 255 0.06857804296876475
255 290 0.9090437246506275
255 256 1.5880189116053416
256 291 1.1950979031709665
256 257 -0.3636649067693467
257 292 1.4195764508249165
257 258 -1.3445813619133484
258 293 -0.14694046448938886
258 259 1.1198091125594447
259 294 -0.8079649343918139
259 260 0.3177984106585918
260 295 -0.02014780824330562
260 261 -0.9861853164709108
261 296 3.1136405039395965
261 262 0.5133035612534601
262 297 -1.03517631128755
262 263 -0.023034447377755767
263 298 0.924754882096315
263 264 0.2157045277454687
264 299 -1.5070790365774207
264 265 -1.4716362847730675
265 300 0.8275208681292662
265 266 -0.3885201285646116
266 301 0.9189824222718348
266 267 -0.7547246686392242
267 302 -0.855270499359466
267 268 -0.5238532174666095
268 303 -0.08293001225055197
268 269 -0.18666015800336969
269 304 0.9052620833949745
269 270 0.5399539540532399
270 305 0.579401508439209
270 271 -0.9096365055145011
271 306 2.1130032174187736
271 272 0.8070868805773697
272 307 -0.8617060062129795
272 273 1.374159058677359
273 308 -0.18677456151215188
273 274 0.8170952897169608
274 309 0.682377613717064
274 275 0.14589505553578677
275 310 -1.1751394788861675
275 276 0.4158420311695322
276 311 0.9940523159301421
276 277 -1.7089944940780906
277 312 -0.9588071076211431
277 278 -1.2273961715136175
278 313 0.2196399477317722
278 279 -1.1311268969291481
279 314 -1.2310360530148658
279 280 1.4197887502946154
280 315 -3.0512589320008603
281 316 0.6752168384611991
281 282 -1.401690328460439
281 315 0.9233750645754101
282 317 0.8521373353566257
282 283 -0.022781135016623412
283 318 -1.106550636520603
283 284 -0.686853102183983
284 319 0.3785165020041865
284 285 0.5226684905989555
285 320 1.1020351807032758
285 286 -1.4538288794743723
286 321 1.6273989144106127
286 287 -1.7314548644098169
287 322 1.0370821924918268
287 288 0.18444714325847117
288 323 0.28098477720205023
288 289 -0.6465050313286476
289 324 0.5333075676780394
289 290 1.4761080860549876
290 325 -1.9817694689867364
290 291 0.09287724165256238
291 326 -1.1509074274000943
291 292 1.5649737880543562
292 327 1.4552489811330331
292 293 2.9295222336820284
293 328 0.8622281866620709
293 294 -0.4809808834314948
294 329 -0.17845969161899936
294 295 1.325806412779864
295 330 -2.501003236869267
295 296 1.3660864165427882
296 331 -1.1923562495720745
296 297 0.521874987718951
297 332 0.31736731826995057
297 298 -0.09709545808106106
298 333 -1.9924098520778948
298 299 -1.9690494684304896
299 334 -0.12057879948670731
299 300 -0.829471112901888
300 335 0.6348763402230397
300 301 0.3210887557263156
301 336 -0.8698019389601552
301 302 -0.535129277313601
302 337 -0.07127734218128998
302 303 -0.790381717097192
303 338 -0.97083404806168
303 304 1.208088122552977
304 339 2.0324710719309276
304 305 -0.37726364205744295
305 340 -0.4636284047248684
305 306 -0.5209221972898475
306 341 -0.2944163282250778
306 307 -0.4225604148049652
307 342 0.43031353451209226
307 308 1.1858941784610078
308 343 -1.0423946880083252
308 309 0.5075752392160455
309 344 -0.11025519395134427
309 310 -0.9569586668864186
310 345 1.1987659117679461
310 311 0.08708278850919339
311 346 1.9831393111386086
311 312 -0.32103304191829024
312 347 0.9941060726576388
312 313 1.2859137737253499
313 348 -0.735953105449745
313 314 -0.37684485446087457
314 349 0.1217211321324819
314 315 -0.6049450212057049
315 350 -0.09467583462485428
316 351 -0.0025210804717259797
316 317 -0.5906367978445379
316 350 0.6264548733122824
317 352 -2.0482435271270614
317 318 -0.7005824311458413
318 353 -0.8600331002121553
318 319 -0.4892051505342857
319 354 -2.1574989710529273
319 320 0.5823235859501953
320 355 -1.4194503610950784
320 321 0.5173410076874092
321 356 -0.26543059734592955
321 322 -1.922894674994301
322 357 -0.1599612219250512
322 323 0.6745761905494756
323 358 0.6879444053434756
323 324 0.03969205815648679
324 359 0.31138959960408874
324 325 0.2724246621720821
325 360 0.7179386086859337
325 326 -0.7074874222168407
326 361 0.9445461223393604
326 327 1.8192967158559643
327 362 1.4686153912487896
327 328 -0.8351744912696822
328 363 -0.4359708954966266
328 329 0.3480459589366995
329 364 -0.6927687473252374
329 330 -0.060718482550971405
330 365 0.7436557784418402
330 331 0.7440760130822406
331 366 2.2390505015333706
331 332 -0.0845506858592905
332 367 1.8315647677597016
332 333 -2.0045184729672885
333 368 -0.8079988153768477
333 334 0.9350998925804755
334 369 -0.025618706518239696
334 335 -1.0893147418081819
335 370 -0.6057778511717745
335 336 -0.37356939946208517
336 371 1.3430732541965786
336 337 1.1212599417095854
337 372 -0.6942979925183368
337 338 1.1594931105311186
338 373 2.237225851363769
338 339 -1.8115271252860752
339 374 -0.25717694229827
339 340 -0.9019950991736433
340 375 -0.32282147909910625
340 341 -0.9659292508369908
341 376 0.9813656888960492
341 342 -0.44267959558325615
342 377 0.14246856556721882
342 343 0.0985489753476221
343 378 0.01410134631932654
343 344 0.6890934221569168
344 379 -0.31476788143259904
344 345 1.4377051678796042
345 380 0.3191645063334198
345 346 1.546610258372192
346 381 2.3003762298631236
346 347 0.4734846867277766
347 382 -0.25440848619833645
347 348 -0.09368213063929094
348 383 -0.8817576057047498
348 349 -1.1782216896973159
349 384 0.8055287776767605
349 350 -2.006034824601391
350 385 -1.2976742247424788
351 386 0.9752306164062204
351 352 -1.0967134974203614
351 385 -0.6013811878622018
352 387 0.1270222444108909
352 353 1.4461729925578888
353 388 -0.4398278385498805
353 354 -0.8190820132032839
354 389 0.6508807388108003
354 355 0.35899688526466367
355 390 0.9234951812748821
355 356 -2.7068594646438426
356 391 -0.5012689052744745
356 357 -0.4821596478698992
357 392 -1.8240126305300757
357 358 0.9378651584104157
358 393 2.08122734452362
358 359 -0.2450736277683962
359 394 0.34611032537151076
359 360 0.04851183371847915
360 395 1.5827819219578352
360 361 0.5740382812088911
361 396 -0.6882542531397596
361 362 1.974668132454949
362 397 -1.1314677177380759
362 363 0.2855107299223114
363 398 1.2487137337100644
363 364 0.9273485342945869
364 399 -2.637565857115043
364 365 1.107336427733618
365 400 0.17902183315770956
365 366 -1.0117085825696914
366 401 -2.1396438824241764
366 367 1.312601634080158
367 402 -0.6674153395992596
367 368 0.057009592862663105
368 403 -0.09039758908330295
368 369 -1.5059910197881086
369 404 3.369148272432511
369 370 0.5479292091391087
370 405 -1.8225763044392835
370 371 2.040687401456195
371 406 0.06822844326345535
371 372 -0.8252515271895112
372 407 -0.6739077021863786
372 373 -0.27730701539311897
373 408 -0.6395573188218381
373 374 0.4395324287229547
374 409 -1.018154744324838
374 375 0.28867226844112803
375 410 -1.3438237983501102
375 376 2.262545434875008
376 411 1.4154026124816783
376 377 -1.4703031689223955
377 412 -0.6658471724437164
377 378 0.9730252899784794
378 413 0.952685242225695
378 379 -0.10191163646197476
379 414 -0.8670215269519714
379 380 -0.13836308479664047
380 415 0.047845089722696375
380 381 0.49066366622456886
381 416 -0.48256913096531895
381 382 -0.3160405581950974
382 417 0.5675547723859835
382 383 -0.05903124387033178
383 418 -1.8757039600859757
383 384 -1.027194395333893
384 419 2.2237830015532563
384 385 1.6751269585571613
385 420 0.7052913365870684
386 421 0.26087361280528637
386 387 -0.6084941059795531
386 420 0.9355754453212373
387 422 -0.3679845153886751
387 388 -0.24391909375395288
388 423 0.029035001162993106
388 389 0.394110474331914
389 424 0.5530649374560423
389 390 -2.253330443031683
390 425 1.7031636774261127
390 391 -1.6130726401301054
391 426 0.04657708917607155
391 392 2.4659490170061558
392 427 -0.33202321013070113
392 393 0.05528091796168192
393 428 -2.69651241020035
393 394 0.5002925707003019
394 429 -0.16810951957591247
394 395 -0.10980256262916033
395 430 -1.6906303917625185
395 396 -1.6481157357978968
396 431 -0.7492580338857088
396 397 0.07901386314990322
397 432 -1.3407005866508268
397 398 -0.20541620526021148
398 433 0.5547846596844704
398 399 -0.7929416473371372
399 434 -0.8793145044712503
399 400 -0.21541950292305106
400 435 -0.37698538980643775
400 401 1.561443443836356
401 436 -1.4165734768463667
401 402 0.3092874320757253
402 437 -0.5104151535853052
402 403 -0.555043337130304
403 438 0.3770439063512666
403 404 0.386368856885438
404 439 -0.9350365218277669
404 405 -0.9973374243112604
405 440 1.8042175217529355
405 406 -0.5218735995522236
406 441 -2.0128460309930123
406 407 -0.4022509975709165
407 442 -0.43496924327918024
407 408 -0.2656384041354023
408 443 0.3210268617231817
408 409 1.146181538289394
409 444 -1.005049586623361
409 410 -0.9676556062152786
410 445 -1.3506143527438563
410 411 0.7859883052629348
411 446 1.1639882283136573
411 412 0.5934120875645867
412 447 -1.7320216064863059
412 413 0.09518552699937041
413 448 0.3691512033301468
413 414 0.6041177693396659
414 449 -0.506272067379818
414 415 1.349878261700102
415 450 0.1547421943348572
415 416 -1.26020675795592
416 451 1.1073923221256805
416 417 -2.996525798314792
417 452 -0.08486015993354742
417 418 -1.7547219499365594
418 453 -0.19553924586696847
418 419 -0.2613563121019235
419 454 0.6236782378756962
419 420 1.1104969341554256
420 455 1.5610044248662094
421 456 -0.20153490606931151
421 422 1.189535505068058
421 455 -1.1840556492363803
422 457 -0.38755563187199993
422 423 -1.1060984876708126
423 458 -0.48165089175083264
423 424 0.9954661327959329
424 459 1.5625958782256515
424 425 -0.6056876135062483
425 460 -0.4070237689035044
425 426 -2.15350633941354
426 461 -1.2997921901116232
426 427 -0.5168032723300314
427 462 1.330289541695062
427 428 0.7313501021293612
428 463 1.2905836754899727
428 429 1.2649513011743727
429 464 -0.6190143382364626
429 430 1.0470790245091113
430 465 1.0667359732051713
430 431 -0.18712275266066855
431 466 0.4414290017043197
431 432 -0.9553335909021331
432 467 0.24204990511620889
432 433 1.9955774840452978
433 468 2.0970160403584654
433 434 -2.0701203801550623
434 469 2.1781154514056134
434 435 0.10564418308172732
435 470 -0.3412177343998046
435 436 -0.8087149052134057
436 471 -1.0654624255058012
436 437 -1.1027006906016545
437 472 1.4144970956965763
437 438 -1.5665263801862044
438 473 0.9456336417092437
438 439 0.3063165275926975
439 474 1.9304983987667674
439 440 0.9667803186077552
440 475 1.3734183066684698
440 441 -2.1246437929997657
441 476 -2.3232206473455816
441 442 0.9525363205086957
442 477 1.7792817870856208
442 443 -0.6899985057959227
443 478 -1.9176747045934763
443 444 -0.23853680765524835
444 479 0.20208345442138348
444 445 -0.06562643825345503
445 480 -0.1389653487821094
445 446 -1.6070129546900165
446 481 1.1176840472385443
446 447 0.9062097040271163
447 482 -0.6941390752353749
447 448 0.07226070089017268
448 483 -0.1557278273857956
448 449 -0.010187495062584115
449 484 -2.0438337534870232
449 450 0.8569890080436338
450 485 -0.9680828920740747
450 451 1.4492617000021013
451 486 0.26069546368195795
451 452 -1.5712053114141853
452 487 -0.4767310986298429
452 453 -0.5133464345841914
453 488 -0.8309544108827635
453 454 1.2725431618261953
454 489 -1.5221841810849217
454 455 -0.9062827452899811
455 490 -2.389130720808017
456 491 0.5033293591894517
456 457 -0.4696431446082686
456 490 -0.22242946132898836
457 492 0.5841749771419124
457 458 -1.049989328898026
458 493 -0.9674030317445834
458 459 1.0345475143394445
459 494 1.2454364016603723
459 460 0.7290939040478266
460 495 0.7630986353856892
460 461 -2.712911699330313
461 496 -1.5864534470063478
461 462 -1.1344610608271493
462 497 0.4496555536257433
462 463 1.044390469553323
463 498 -0.9108066252891048
463 464 -0.5790971876796508
464 499 -0.9507721705561515
464 465 0.594412689406838
465 500 -1.0394167897492301
465 466 -0.8089534439363943
466 501 -0.6871748762925592
466 467 0.9044087130353828
467 502 0.33819615148060334
467 468 0.8915077280253102
468 503 0.4871370355368404
468 469 -0.8327554289369163
469 504 0.6816263661699572
469 470 -0.3492470820843179
470 505 -1.0601840869703978
470 471 -1.2231975592124869
471 506 -1.0987096043677838
471 472 0.1657338761107168
472 507 0.06114760333707648
472 473 0.11736738083905655
473 508 -0.07318306695056956
473 474 1.5082537924928363
474 509 0.49853609158841355
474 475 -0.01673302823585893
475 510 1.277091683896634
475 476 -0.63588082949302
476 511 0.6636710948516015
476 477 -1.6578397250642807
477 512 -0.9081804828845171
477 478 0.5099858635752659
478 513 -0.29976424424624565
478 479 0.7878757358886783
479 514 0.6467917970345504
479 480 1.0222709488097335
480 515 1.0302783607836288
480 481 0.8234762141168932
481 516 0.19348185313620062
481 482 1.5509583312118318
482 517 -1.2773110727232493
482 483 -0.19568699295000871
483 518 0.31964662266472554
483 484 -0.3937552064509698
484 519 0.5554509494148899
484 485 -0.9562352383719234
485 520 -0.6654491850767075
485 486 -2.5513570455948495
486 521 -3.830707032646784
486 487 1.1472351051206426
487 522 -0.39584477412768543
487 488 0.6317141936616983
488 523 0.058447020744256555
488 489 -0.07207821585977085
489 524 -2.2813207046066646
489 490 2.038969032391698
490 525 0.6272414847322317
491 526 -0.3219853078168658
491 492 -0.07430259552829674
491 525 0.4052635815988571
492 527 0.15103249436015379
492 493 -0.052664608121189095
493 528 -1.0785509515171512
493 494 0.7357758076246484
494 529 -0.4084571551723941
494 495 1.3715164574039804
495 530 2.26873242917909
495 496 1.1466015368601157
496 531 1.5895534867588506
496 497 0.957346204936779
497 532 2.0937171948594457
497 498 -0.3605307245344991
498 533 -0.2226390847740876
498 499 0.9103343984952419
499 534 1.5099879409025285
499 500 -0.43072106260906223
500 535 1.1100952069421228
500 501 0.0476012486352663
501 536 -1.0952901362382792
501 502 0.24977583297101047
502 537 0.6785473935742717
502 503 1.7532764404014254
503 538 1.0688194139304699
503 504 0.9797743306982691
504 539 0.834519528275199
504 505 -0.8187530611482646
505 540 -0.3525757302738519
505 506 -1.029117261766434
506 541 -1.3649012806559713
506 507 -0.4493961347450641
507 542 0.4841430728116071
507 508 -0.8427531802484635
508 543 -1.0443442379677899
508 509 -0.0804463912156316
509 544 -0.11733957571650241
509 510 0.9968704412854787
510 545 2.2274636424712457
510 511 1.415814612668402
511 546 -0.6859186382433708
511 512 -0.03576624146150723
512 547 0.34814263451973176
512 513 2.604133406077689
513 548 1.2413436564712437
513 514 -0.9082479850754511
514 549 -1.4162560528097388
514 515 -1.7740255002428216
515 550 -0.31481439537035455
515 516 -1.7552046938285406
516 551 0.06971119216420046
516 517 -1.2418741083373106
517 552 -0.4557676273837749
517 518 1.7463770298434111
518 553 -0.9473869341236328
518 519 1.3465813288861725
519 554 1.2386339911141189
519 520 1.0280631910835163
520 555 1.1268174409102452
520 521 0.1480876532214059
521 556 0.42580702994485475
521 522 0.8181103148703084
522 557 -0.5697634486910496
522 523 -1.598827496866189
523 558 0.42301497996030835
523 524 0.44492848746785085
524 559 -1.9042338102758958
524 525 0.06738469061530189
525 560 -0.678391399169439
526 561 0.9472425253015204
526 527 0.3835965006021018
526 560 0.6518673963434513
527 562 1.2668715846261922
527 528 1.5704080359577834
528 563 0.44020613832792865
528 529 1.66235272631217
529 564 0.04393741263963534
529 530 -1.4684267656197423
530 565 -1.387858732545255
530 531 1.4454692415323735
531 566 -0.06458524172789715
531 532 -1.9180150703725474
532 567 0.6389748491306033
532 533 -0.9954132524291065
533 568 -0.454422705530475
533 534 0.08847445111257184
534 569 -0.07818234853804282
534 535 0.27078788227869716
535 570 -0.6613862639037976
535 536 0.8761430614378294
536 571 -2.721318013613144
536 537 -1.7790572802553883
537 572 -1.4652570198976618
537 538 -0.2942293535647082
538 573 1.1239474834552887
538 539 -0.9279054238218746
539 574 -0.15312662444242925
539 540 -0.261674423991359
540 575 -0.25983437143043436
540 541 -0.4988296451112309
541 576 0.005571132736296833
541 542 0.5382251494812387
542 577 0.535730080059832
542 543 -0.2136031857799949
543 578 -0.7026791722541372
543 544 -0.5999806427190318
544 579 0.2654837111602552
544 545 1.6492552451070543
545 580 -0.46776847007538236
545 546 -0.7885255950981376
546 581 0.33221269534168874
546 547 -0.6644069048886697
547 582 -0.6560627544577965
547 548 1.65857467025008
548 583 -0.2582182647005853
548 549 -0.16150266309727204
549 584 -1.0185135047660385
549 550 0.5365008443545777
550 585 -1.251344924296113
550 551 2.0141541106596037
551 586 -0.303035240632135
551 552 0.13359139708275733
552 587 0.5865497360665973
552 553 1.301445875014478
553 588 1.3018987239112594
553 554 -0.45260919500897095
554 589 -1.053305221930484
554 555 0.05843137643931982
555 590 1.3606869576938636
555 556 0.3629815102315144
556 591 -0.849616562832801
556 557 -0.5497482623393923
557 592 -0.3674992238925153
557 558 -0.893651640278819
558 593 0.630923376918797
558 559 -0.3665616100965108
559 594 0.27395803098932103
559 560 -0.739510673181638
560 595 -0.3166675866011427
561 596 -0.7141658068720015
561 562 -0.24453544560743526
561 595 -0.4787548387729013
562 597 0.10189234457308419
562 563 0.24426769975034615
563 598 1.4212711510254001
563 564 0.9167002098572704
564 599 1.2029093454640407
564 565 0.2659472411766817
565 600 -0.7619267916266993
565 566 1.8779377287544556
566 601 0.3770938667628911
566 567 1.63396149110823
567 602 1.1514193816860951
567 568 -0.4117670099710791
568 603 1.2609713690134379
568 569 2.4714945595969278
569 604 -0.5843735238962938
569 570 1.4464525563327637
570 605 -1.3496403086628617
570 571 -0.12354692636485844
571 606 1.045433616543127
571 572 -1.9035917750705824
572 607 1.1305902557532994
572 573 1.2158047507326881
573 608 -0.06419159789866241
573 574 0.5560339488841365
574 609 -0.08513267353253613
574 575 -0.16320140570014707
575 610 -0.47511986702603465
575 576 0.2457816721195935
576 611 0.968906283076408
576 577 -0.6197267704790689
577 612 -2.200026113266887
577 578 -1.7027800205284103
578 613 0.5840369190419296
578 579 -1.6271344041948337
579 614 0.46464100487349197
579 580 2.1150643213994895
580 615 -1.211128580474051
580 581 1.5415339265927799
581 616 -0.20308141215195713
581 582 -1.1650741429242857
582 617 1.2298948828676313
582 583 -0.695536452984618
583 618 -0.1271559650692689
583 584 0.045913440012498995
584 619 0.8820870100303091
584 585 -0.6476645692690839
585 620 -1.3552017977352049
585 586 0.22352913117447615
586 621 0.5172653320496067
586 587 -1.1422146926562222
587 622 -1.1100781386952387
587 588 -1.4256923804639217
588 623 0.846868543984797
588 589 -0.6251102420433556
589 624 0.7606747357651701
589 590 -0.658497872366855
590 625 0.8924040600077466
590 591 -1.0510359462305403
591 626 0.8401962954763998
591 592 0.38903430813318984
592 627 -1.7156787900872394
592 593 2.5012844064403166
593 628 -0.8767892568792455
593 594 1.5498500165945743
594 629 0.07149280685145722
594 595 0.4623576202665255
595 630 -1.13787942238872
596 631 -0.009407910774742992
596 597 0.2166440120160713
596 630 0.8569810652252043
597 632 -0.37351196956294735
597 598 -0.7179047171930701
598 633 -0.06863685721249489
598 599 1.664190914910388
599 634 -1.388438081774886
599 600 -2.108766964314605
600 635 0.6169068826671887
600 601 0.7668554000877289
601 636 0.12560047417729625
601 602 -1.045037518719854
602 637 -1.5550449495198908
602 603 0.9766272422022055
603 638 -0.13243389523574609
603 604 -2.2142732320081353
604 639 1.0704553303558686
604 605 1.6319197098718097
605 640 0.561144874004023
605 606 0.8690572596799624
606 641 -0.4839081036903484
606 607 0.30707711887846584
607 642 0.784386398340261
607 608 0.19785458320510513
608 643 -0.5115316057537841
608 609 -1.9271409914755138
609 644 1.5261920133751914
609 610 -0.07556128836430137
610 645 0.2805855715789325
610 611 -0.1313878144152846
611 646 0.8244632918877407
611 612 0.8562596575072522
612 647 -1.3008399363581582
612 613 1.2043990945626926
613 648 -1.0551097135261993
613 614 0.2861753085639646
614 649 -0.764582512921908
614 615 0.8011760273320351
615 650 0.29351346044701015
615 616 1.5541829652151349
616 651 0.6270051737684912
616 617 1.283047311118056
617 652 1.712243495014181
617 618 0.5664346913138618
618 653 0.6433455410176945
618 619 -0.03630689064565409
619 654 0.7908945147804453
619 620 -0.9693716217434329
620 655 0.9054881179095269
620 621 0.36406858353846516
621 656 1.2561515337240237
621 622 -1.6631479650078798
622 657 -0.19927295099949557
622 623 -1.1397009422174234
623 658 0.3869836102364183
623 624 0.1957784065764263
624 659 0.3144273486367783
624 625 -0.4041746984954665
625 660 0.9506793791917699
625 626 -1.312868764575315
626 661 0.5087149008081931
626 627 -0.4665062453348759
627 662 1.2898449407726877
627 628 -0.4439532412257772
628 663 1.5527077580136237
628 629 -0.5957699571801144
629 664 0.7201542924942365
629 630 0.958503405901712
630 665 1.6511475298541618
631 666 0.7704678075956838
631 632 -0.04398884434771871
631 665 1.4443390330650834
632 667 -0.9058758958619552
632 633 0.3768429963740996
633 668 0.6504365410839338
633 634 -0.18119613234786197
634 669 -1.8005482527525893
634 635 -0.6983149213557601
635 670 0.4912985358474499
635 636 0.789055089341658
636 671 1.5918482191821037
636 637 -1.5321464046360707
637 672 0.4954461365733918
637 638 -1.6297111253925152
638 673 0.5098017283149953
638 639 0.9676014278530821
639 674 0.3072699452993245
639 640 -1.8598122009061786
640 675 0.5820385729402244
640 641 -1.9502004884636266
641 676 0.8169262772520821
641 642 0.20412961938315088
642 677 1.1019676029257959
642 643 -0.2531191922993075
643 678 0.36675401431066873
643 644 -0.6481565417015264
644 679 0.1147247688576643
644 645 -0.691263214712253
645 680 0.08386314863045477
645 646 -1.3888271807416241
646 681 -1.324271960871432
646 647 -0.29303195054100434
647 682 0.6180935386029336
647 648 -0.8054765578015441
648 683 1.926153965524394
648 649 -0.46407372728682234
649 684 1.7813589760600153
649 650 1.038480978216732
650 685 0.14784973092948644
650 651 1.4206102458837209
651 686 0.14535074598328918
651 652 0.6190326650601833
652 687 0.4081865943428891
652 653 -1.277178544977902
653 688 -1.2887835971416914
653 654 -1.30840542084689
654 689 0.8173362979787645
654 655 -0.4358828228591496
655 690 -3.152262355893198
655 656 1.3447387083124829
656 691 1.0490563976526581
656 657 0.7508679727229867
657 692 0.9544897615764942
657 658 0.22558874438663482
658 693 -1.535574291429468
658 659 -0.2414112548871266
659 694 0.44529410606217934
659 660 0.07807287870114168
660 695 0.7974436066253814
660 661 0.672199327404573
661 696 -0.4003422781379369
661 662 -0.8513524315469647
662 697 -1.3071828949081736
662 663 0.1975146827206389
663 698 -0.8312096138885371
663 664 0.46456109101485227
664 699 1.9531845229349787
664 665 -1.0523024801278291
665 700 -0.5199414580405775
666 701 0.43118154289107985
666 667 0.3645306488488635
666 700 -1.1991784182465175
667 702 1.0822341207136676
667 668 2.5749699724265733
668 703 -0.14864365638312918
668 669 -0.06609642796382183
669 704 -0.6540742574253396
669 670 0.8612176216117321
670 705 0.5352172947566789
670 671 -1.8146312942295024
671 706 0.19090848975200622
671 672 0.3117848389373793
672 707 0.7708400724513393
672 673 0.3052792959155704
673 708 0.963196611557771
673 674 0.23244497668566882
674 709 -0.2989591570723832
674 675 0.4627718236187374
675 710 1.8466264388426041
675 676 -1.268062577539088
676 711 0.026437162012859502
676 677 -0.38386787517317994
677 712 -0.4479479891172891
677 678 1.0100534466870863
678 713 -0.8061318111775186
678 679 0.8066170427668463
679 714 0.5486199913745142
679 680 -0.7548457267473816
680 715 -2.1271243932991646
680 681 -0.4003522343072926
681 716 -0.32440096575980465
681 682 1.5679710423791247
682 717 0.4143885443939458
682 683 1.087907092514472
683 718 -0.28158863904212833
683 684 0.11120766328053477
684 719 0.8592508328509861
684 685 -1.6023896407931177
685 720 -1.0058100386184634
685 686 -1.2563758479248741
686 721 1.643568022645162
686 687 -1.0691995032221122
687 722 0.6257670030112602
687 688 -1.64154037069213
688 723 1.685278107588636
688 689 0.23190993764205875
689 724 -1.3879831177618813
689 690 0.3823584653139632
690 725 -0.15554432465702167
690 691 0.7533040539104431
691 726 -0.6251443281946434
691 692 -0.7865110655672231
692 727 -0.17600110930558094
692 693 0.49227276464163305
693 728 -0.25175443966933364
693 694 0.5497619475568557
694 729 0.11952791115051212
694 695 1.2964383216916657
695 730 0.4974365344913449
695 696 0.5151769949621344
696 731 -0.11550333945922395
696 697 -2.6709933231773
697 732 -0.5427552513971547
697 698 -2.1715476354831353
698 733 0.5704068908472437
698 699 0.8030006906515673
699 734 -1.027041788542342
699 700 0.9121848751478803
700 735 -2.960326501793493
701 736 -0.3739988109784898
701 702 -0.056557007210732674
701 735 1.1026506872339943
702 737 -1.4190412850767513
702 703 -0.6715754823445611
703 738 0.17093346067700818
703 704 -0.34870843208463337
704 739 -1.3656445689883745
704 705 1.6685879643835673
705 740 -1.5521877235051054
705 706 0.4096628242910098
706 741 0.14106497290922212
706 707 0.0540495489758155
707 742 1.497204664675343
707 708 1.1648842530573797
708 743 0.5378866620967337
708 709 0.14260739643426262
709 744 0.09519847473915079
709 710 0.256954459688605
710 745 -1.1924632031629423
710 711 1.3149800178321103
711 746 1.107866922507516
711 712 -1.5452555189186112
712 747 -0.07131295941258428
712 713 -0.7109596544436297
713 748 0.2726733272025905
713 714 0.7475591279162063
714 749 -0.07633079544957144
714 715 -0.8768006347474937
715 750 -2.0268224705798112
715 716 -1.5108842090757049
716 751 -0.4665454236587658
716 717 0.5959424510067421
717 752 -2.156679821929061
717 718 -1.0314494740385827
718 753 -1.2855147200758255
718 719 -0.1394098342022615
719 754 0.5161281762465247
719 720 -1.0073787190412418
720 755 -0.4163657674913218
720 721 -0.24601698930060673
721 756 -0.20918400894292752
721 722 -0.8522718380484027
722 757 -0.8334127340131864
722 723 -0.9674811865937941
723 758 -2.5311148612064462
723 724 -0.005430921621826015
724 759 -0.017285552852959664
724 725 0.10580027489010588
725 760 0.5869427641107823
725 726 1.0872603233081588
726 761 1.1218436881758378
726 727 -1.6165982531530878
727 762 -0.17330355142116652
727 728 -0.09570293482489647
728 763 -1.9601732302353478
728 729 1.6538847977538036
729 764 -0.8928359791631992
729 730 0.7962766429735052
730 765 0.07248402442245958
730 731 0.02108799133393539
731 766 1.3540296755151513
731 732 -1.399615928858034
732 767 0.43594778731089845
732 733 -0.6461377580622866
733 768 -0.034897230851865725
733 734 1.3688133724622966
734 769 0.34479570644560836
734 735 0.018688163509245216
735 770 0.1642738848013418
736 771 0.2395532002272319
736 737 0.6854811532387776
736 770 -0.015470267033678629
737 772 -0.36982732894241327
737 738 0.42777865476657706
738 773 -0.9224801366423786
738 739 -1.7013693133941785
739 774 -1.102261404789243
739 740 -0.7414793817733601
740 775 1.4830036263593256
740 741 1.0441135409577826
741 776 0.4527376352222827
741 742 -0.9896184436621179
742 777 -0.4155513224706564
742 743 -0.4913165528320335
743 778 1.984544157229809
743 744 0.09542657617665079
744 779 1.6328730387933115
744 745 -0.04476110987290915
745 780 -0.8761493078522739
745 746 1.7713457228550837
746 781 -0.10169267604128245
746 747 -1.1471544343048405
747 782 0.8883524692485876
747 748 -0.18556610696386971
748 783 0.061277980639668085
748 749 -0.3939421305217436
749 784 -0.4681598953968654
749 750 -0.4676795468720394
750 785 0.12810999460435674
750 751 -0.27856040754332195
751 786 -1.2360034748186568
751 752 0.5823232332315271
752 787 0.1373939279242269
752 753 1.1958651836811658
753 788 0.005778228054669729
753 754 0.5047677947755501
754 789 2.3757221638756834
754 755 -0.7338423614190012
755 790 0.5894048280073341
755 756 -1.0097486461283893
756 791 1.3926777118723184
756 757 0.35134388994475274
757 792 0.3780862118002095
757 758 0.8882896380900369
758 793 0.0506799898832311
758 759 -0.328170649776295
759 794 -0.6864082433112558
759 760 0.6699108180880577
760 795 1.2093455657946048
760 761 -0.8535020981113404
761 796 1.5806315368950332
761 762 -0.656447422948208
762 797 -0.38015808059663325
762 763 1.2081792637196638
763 798 -0.1897471605615992
763 764 -0.37220035113322464
764 799 -0.3512552985814895
764 765 -1.3814911014959137
765 800 1.3390607024521948
765 766 1.8538279401430597
766 801 0.6711306107335143
766 767 -0.9215589513377502
767 802 -0.30658867015040586
767 768 -0.08672024770319336
768 803 -2.0346410678382396
768 769 -1.5921731934763188
769 804 0.3333948892767548
769 770 -0.12414045119031959
770 805 -0.23283558392661802
771 806 -0.43471173145968456
771 772 0.9364124031224568
771 805 0.7672580460186116
772 807 0.906371321706856
772 773 -0.9894242860661476
773 808 0.24894081528663886
773 774 0.9355608259765944
774 809 -1.3510468426375088
774 775 -0.1533601441887713
775 810 0.02357853024624003
775 776 -1.2960344187250004
776 811 -0.6420905365612773
776 777 1.1964385011968552
777 812 -0.9584098728824944
777 778 0.34271159284730185
778 813 1.116343879677579
778 779 1.8052422522478218
779 814 -0.044859346422468103
779 780 -1.2293959133386962
780 815 1.1016541697014588
780 781 -0.9037268172308758
781 816 -0.2720679083006815
781 782 1.6919734297973903
782 817 0.004624631268475199
782 783 -1.4897906467174704
783 818 0.9187797840553406
783 784 -0.6038827398330404
784 819 0.4893139415497457
784 785 1.0501156556289908
785 820 -0.2537529530079159
785 786 1.771591674112827
786 821 -1.317253692237076
786 787 0.28594199882575855
787 822 -0.4279046933021012
787 788 -0.41503144832201394
788 823 -0.6792901753436946
788 789 -1.6900059465528776
789 824 0.26896461703124025
789 790 -0.2460251418359566
790 825 -0.2969162900497219
790 791 0.45519940914309254
791 826 -0.8025470203648345
791 792 -1.9799693395672826
792 827 -0.9471679442642341
792 793 -1.8501166994086833
793 828 0.7009557640164349
793 794 0.39386487890870914
794 829 -1.7220504720576109
794 795 0.2506050887063508
795 830 -0.7667017651316642
795 796 -0.9397914822854625
796 831 -0.22073976726883532
796 797 1.3454325049058815
797 832 1.2292368147190507
797 798 -0.011171476618374022
798 833 1.2994229059121045
798 799 0.0720973921691113
799 834 0.22245478487983628
799 800 -0.12694408345217295
800 835 -0.8099399142965873
800 801 -1.0453625785350662
801 836 -1.5230520195254038
801 802 0.4220125267046798
802 837 1.1261550300165724
802 803 1.724240996192034
803 838 0.538786784777519
803 804 -0.41838327913971163
804 839 -0.19450525793547718
804 805 0.5831248401105447
805 840 0.3652049283718738
806 841 1.1551462475678547
806 807 0.003376058999202776
806 840 -1.0481256914247163
807 842 -0.6124327010409354
807 808 0.08486711365414946
808 843 1.3973424481989305
808 809 -1.5864732689985699
809 844 -0.23007844116094978
809 810 -0.6623553780785658
810 845 -1.637076298930619
810 811 -0.8814238746624856
811 846 0.17240946145957872
811 812 0.2631530935629106
812 847 0.6131144496525204
812 813 -0.4843963310645081
813 848 -0.2950690621579137
813 814 -1.8250844205955783
814 849 0.6366150373799367
814 815 0.44543582401272663
815 850 -1.1058767852178426
815 816 0.09354788900094457
816 851 -0.3096499762982743
816 817 1.0401315903953834
817 852 -1.2295682913776989
817 818 0.603098636885167
818 853 -1.2075953374746666
818 819 0.47517897016928334
819 854 -0.5364834905160049
819 820 -1.1355599141032804
820 855 -0.4518862918748118
820 821 1.2792654132186088
821 856 0.3255747308859101
821 822 -0.7456999405844696
822 857 -0.0643274756644588
822 823 -0.5016659586225235
823 858 -0.3733233704835831
823 824 0.20510990033399787
824 859 1.0360067351403017
824 825 0.48237685984069567
825 860 1.6179272759941024
825 826 -1.8490068915643043
826 861 -0.41882974405576157
826 827 -0.746058584396985
827 862 -0.5962312305102463
827 828 -0.8259190986696606
828 863 0.9657062219857897
828 829 2.134723194590861
829 864 -1.9528795618531547
829 830 0.9270943495116137
830 865 -2.0714737065198476
830 831 -1.0926168861727104
831 866 0.028611694408480663
831 832 -0.9204644521622204
832 867 0.46998225763095064
832 833 0.0769234505663297
833 868 0.6306028002128132
833 834 -0.767721840521506
834 869 0.6629342057882683
834 835 -0.7751607950315573
835 870 0.056586473109261445
835 836 0.3756973070893351
836 871 0.3236233815526059
836 837 -1.243787360985266
837 872 -0.570468553434749
837 838 1.569564253208934
838 873 0.1566308649446376
838 839 0.7356237738114935
839 874 -0.23980125012065515
839 840 -0.14724038524699817
840 875 0.39819734868954126
841 876 1.2984612199265608
841 842 -0.36128817527435875
841 875 -1.1645198762397018
842 877 -0.13463298713088664
842 843 -0.44323097598492744
843 878 -0.8161556427696982
843 844 0.1937116833524001
844 879 0.10735299026720849
844 845 -0.06867792822841502
845 880 -0.3571136821556086
845 846 -1.6060050446953529
846 881 -0.05228487950364461
846 847 -0.1696919670647125
847 882 -0.4820624246117371
847 848 1.6291125342052586
848 883 1.3814231609271688
848 849 -1.4498438855629283
849 884 -0.4827660776772114
849 850 1.4322191849221266
850 885 -0.6624806541467632
850 851 0.7025522183502944
851 886 0.0018065881777899703
851 852 0.9381773876332946
852 887 -1.8169133503742811
852 853 0.3201520597942956
853 888 0.18525906388944038
853 854 0.5769016002180585
854 889 -0.8377185176942663
854 855 -0.09003184239654614
855 890 0.22485469173104605
855 856 -0.746229321229449
856 891 -0.49769168598384034
856 857 -0.08267782186535723
857 892 -0.8017630177489049
857 858 0.5954434237618463
858 893 -1.4043897203841686
858 859 2.1336776497615815
859 894 0.9357218369600074
859 860 -0.2949909308927058
860 895 -0.5529517696654518
860 861 -0.33104493880846825
861 896 0.9143044604519812
861 862 -1.0649522211866504
862 897 1.0164060658732195
862 863 -0.4545676414540305
863 898 -0.995747540357922
863 864 -0.3912483224936643
864 899 -0.42150292396013445
864 865 1.2883664373200714
865 900 -1.1911919137329565
865 866 0.14972413078598615
866 901 0.9100622715410526
866 867 -0.8441435783542085
867 902 -1.7511304342490324
867 868 0.0409464981873651
868 903 1.2937726029655479
868 869 0.9036049166359756
869 904 -0.9511302557240758
869 870 0.18693160199086784
870 905 -0.40295028155671503
870 871 -1.519714688828088
871 906 -1.714979207309309
871 872 -0.5911029132362874
872 907 -0.8787273819927794
872 873 -2.2189804124650054
873 908 -0.8773043954146426
873 874 0.22620857942245748
874 909 -2.0747472580815502
874 875 -1.1442708745749968
875 910 0.5879777164877548
876 911 -0.025536504300544226
876 877 0.2168899235113963
876 910 0.10068525283382179
877 912 0.633626660603741
877 878 -0.22979976731417495
878 913 0.8851933748386559
878 879 -0.739878218040235
879 914 1.202116700224002
879 880 0.33912697732623703
880 915 -1.2704532280745555
880 881 -1.0746720210557332
881 916 0.9315940393703496
881 882 1.913262490016491
882 917 0.5553912020194239
882 883 0.14523411440894865
883 918 1.014662520770797
883 884 -0.6065413858847026
884 919 -0.9033972854374643
884 885 0.0497333293982854
885 920 0.2961760799642602
885 886 -0.9001557830088297
886 921 0.38322116252155247
886 887 0.9717575736867756
887 922 -2.177448369069579
887 888 1.0712667218492273
888 923 -0.6591545832555767
888 889 0.5822540140036324
889 924 0.8301798377136739
889 890 -1.7955314244609042
890 925 0.5863483089599397
890 891 -0.8425225432622463
891 926 -0.03155041434821843
891 892 0.09409515652161517
892 927 -0.16957159710466924
892 893 0.5760126586811125
893 928 0.873285153374098
893 894 -0.3299913667863755
894 929 -0.6490714647141634
894 895 0.9757395649011904
895 930 1.9402013458545695
895 896 -1.349746529068968
896 931 0.3148458389295181
896 897 0.6046114212814874
897 932 0.09828125603999345
897 898 0.6136168999115897
898 933 1.1754882825136044
898 899 1.5520373145438866
899 934 -1.4061750987161374
899 900 -1.197618890148065
900 935 -1.0190190669025876
900 901 1.8187401246092874
901 936 -0.4123242271383339
901 902 1.553148068081454
902 937 -1.090997178382426
902 903 -1.3690135516239
903 938 0.32513179712553025
903 904 0.5873846050428446
904 939 -0.8026063209838882
904 905 1.0021592728738125
905 940 -0.27749433861422457
905 906 -0.019057167080810136
906 941 -0.3425336792355165
906 907 -0.538010190486479
907 942 -0.7742055609612293
907 908 -0.603988038772792
908 943 -1.2583383085057052
908 909 0.12655830218972294
909 944 -0.4294602762061748
909 910 0.40824279416967135
910 945 -2.324384494978354
911 946 0.12783866449142425
911 912 0.23728472609229448
911 945 1.0337095153942726
912 947 0.5394510402707884
912 913 -0.6982124852877695
913 948 -0.6007922574646066
913 914 0.3107669825555966
914 949 -1.2732704906909202
914 915 0.529850402542788
915 950 -0.4480775814034074
915 916 -0.3165299360879955
916 951 -0.9218446651854434
916 917 2.8422107820881353
917 952 -0.40815160136329126
917 918 -1.7075178324368605
918 953 -0.5524549614341302
918 919 0.2395716237669456
919 954 1.4673593116523798
919 920 -0.8697963762024358
920 955 -1.4197610249976151
920 921 2.2381004518310963
921 956 0.8590440684889024
921 922 1.6416378319250977
922 957 -0.5760654901550889
922 923 -0.372206007551368
923 958 0.20397730639798256
923 924 0.1276297313071458
924 959 -1.1029577490204063
924 925 -0.21187287959325043
925 960 -1.2208697134042759
925 926 -0.3007377276800791
926 961 -0.843052215916161
926 927 -0.18974512439688768
927 962 1.6855106425872612
927 928 -0.12162681095501363
928 963 -1.2508395424553704
928 929 3.102458825181998
929 964 -0.043678226349698125
929 930 -0.24795302423703255
930 965 0.16030211588620352
930 931 0.005335932239266063
931 966 -1.4622237712835842
931 932 -0.6683852897590167
932 967 0.7067306784499284
932 933 0.4444656444155753
933 968 0.15022386328895387
933 934 0.8406312517936421
934 969 -1.8930305167667207
934 935 1.1152557240259342
935 970 0.61520647138713
935 936 0.5038815402356308
936 971 1.1661584545107437
936 937 -0.30402734514678453
937 972 0.5493594545742257
937 938 1.115510432334554
938 973 0.23388389558179887
938 939 1.4708854686605644
939 974 0.42016860998556116
939 940 0.5435858121275201
940 975 0.014449803817566702
940 941 -0.579628173278653
941 976 -0.1747236513854513
941 942 0.2153627682837863
942 977 -0.411344106685202
942 943 -0.22694094337161308
943 978 -0.4824807527753046
943 944 -0.036725499933087886
944 979 -0.4361212280470475
944 945 1.9049568917978534
945 980 -0.27850714745074373
946 981 1.7856194097787323
946 947 -0.03635880304180577
946 980 -0.7590268161182594
947 982 0.1394740202784628
947 948 0.054427746703310284
948 983 -1.7669607572228385
948 949 -0.7389651271087542
949 984 0.3811839924811277
949 950 1.0800686555990877
950 985 0.7166035943732261
950 951 -0.5901512575790755
951 986 -0.8880812366363633
951 952 0.3374101697938639
952 987 -0.44987085185157966
952 953 -0.2963992821898624
953 988 -1.714739567364451
953 954 0.5531652966491106
954 989 1.4559438971739735
954 955 -0.05515023618238702
955 990 -0.6751370638755935
955 956 -0.5323355989660751
956 991 -1.855352795147619
956 957 1.1418145678975056
957 992 0.007737379190515566
957 958 -1.1173302242850063
958 993 -1.2966244273623755
958 959 1.631683945059467
959 994 0.9462542118100187
959 960 2.2626774150861353
960 995 -0.8195240659844487
960 961 -0.09327901580169466
961 996 -2.655199627986881
961 962 1.0588687638418286
962 997 0.25565196874639
962 963 -1.5122196377024113
963 998 -1.8746208178460149
963 964 0.23871117672455833
964 999 0.8559505487967203
964 965 1.2643738538351672
965 1000 0.7888316717961865
965 966 -1.0630158129109948
966 1001 0.39392321797491253
966 967 0.0688477969534553
967 1002 0.5563347912865284
967 968 -1.3381481695129365
968 1003 0.7041026975878363
968 969 0.6837495807388079
969 1004 0.16790010537087213
969 970 0.08128340809824308
970 1005 -1.4821434980096502
970 971 0.21212061290508621
971 1006 0.09494915332641166
971 972 -1.558879661090746
972 1007 -2.745336020646647
972 973 -0.016400302563562997
973 1008 1.8703739440422091
973 974 -2.4490753578750555
974 1009 -0.8611143669326604
974 975 0.8971715749489604
975 1010 0.6169551963557264
975 976 0.589916261128032
976 1011 -0.4502053677668419
976 977 -0.6612321858746483
977 1012 -0.3124760475520226
977 978 2.0134774657745464
978 1013 0.4173919202942259
978 979 0.4766892729831998
979 1014 -0.0037688738932340144
979 980 0.43145132134596353
980 1015 0.14136008868764927
981 1016 -0.5744074242706169
981 982 -0.43770290699597186
981 1015 0.23205828642680076
982 1017 0.9289916228334536
982 983 0.6424296014944602
983 1018 -0.7121476988912746
983 984 0.9710422149831056
984 1019 -2.0463630784431652
984 985 -0.3670890568348982
985 1020 -1.7159540607122987
985 986 -1.1325501771024467
986 1021 1.041881830655164
986 987 1.3582082080502402
987 1022 0.2303053906281139
987 988 0.16094709536888346
988 1023 -0.47284709553089777
988 989 0.24116768801633434
989 1024 -0.7554617987384447
989 990 -0.44514320194605733
990 1025 -0.8595471169932574
990 991 0.12067752537520413
991 1026 0.16545244808622847
991 992 -0.3953011439506615
992 1027 2.093929318917916
992 993 -0.6463092956183213
993 1028 -0.5418734464265736
993 994 0.4071154885404918
994 1029 -1.807377194837195
994 995 1.3844482136431513
995 1030 1.1966889904907103
995 996 -0.03465026552534444
996 1031 -0.2874087567195959
996 997 -1.3160811006364521
997 1032 0.8892719366918693
997 998 -1.2920674616746668
998 1033 -0.08488176291493811
998 999 -0.4010161374363929
999 1034 -1.065745109038388
999 1000 0.3349327484605751
1000 1035 0.021083795373808133
1000 1001 1.2497173581752015
1001 1036 0.5618059962912721
1001 1002 0.18475185069904795
1002 1037 -0.3689543748295422
1002 1003 0.11847084322210187
1003 1038 0.24200769539355557
1003 1004 0.8709839278305442
1004 1039 -1.911978155096036
1004 1005 -1.7338088829093359
1005 1040 0.8001824214254316
1005 1006 -0.2866051282488599
1006 1041 0.025164347265300483
1006 1007 -0.4986779988031738
1007 1042 -0.3570217030294765
1007 1008 0.3519764643672561
1008 1043 0.2546979007244338
1008 1009 1.1864690444957036
1009 1044 0.6016527898113476
1009 1010 0.2993706938159836
1010 1045 -0.4577704846700019
1010 1011 0.37144500607294895
1011 1046 -1.1461340056391733
1011 1012 0.3757023942490076
1012 1047 1.9518163164482432
1012 1013 -0.4876159358524271
1013 1048 -1.9147005433114792
1013 1014 0.9622973937424802
1014 1049 -0.08623113318143653
1014 1015 -1.3332609207174577
1015 1050 1.5389879108535047
1016 1051 -0.495394040049399
1016 1017 -0.030816365380809226
1016 1050 1.2856065951439049
1017 1052 0.4907575226204943
1017 1018 -1.7037315697935442
1018 1053 0.4357487879464874
1018 1019 -0.5092788453001643
1019 1054 -0.6531793928984678
1019 1020 -1.1467136764618615
1020 1055 0.1739663609253799
1020 1021 1.2918514121840798
1021 1056 -0.5871171712331554
1021 1022 -0.1865492324776517
1022 1057 -0.043391758406766213
1022 1023 1.3155861629456351
1023 1058 1.003645558185088
1023 1024 -1.2326650207274257
1024 1059 0.9041869723287955
1024 1025 0.9647559070630575
1025 1060 -0.130755832800964
1025 1026 0.7062388666995916
1026 1061 0.07345095288518753
1026 1027 0.28917102655577964
1027 1062 -0.43147498036583104
1027 1028 -0.43204909403980596
1028 1063 -0.40740406093508885
1028 1029 0.6108621917497329
1029 1064 -0.03238417277002606
1029 1030 -1.6220656906392603
1030 1065 -2.1796074686979283
1030 1031 0.2618976657732928
1031 1066 -1.0470220354075324
1031 1032 -1.7130815316025556
1032 1067 -0.6349208639832203
1032 1033 0.8032954914984384
1033 1068 1.7733771237102651
1033 1034 -0.5073870508654755
1034 1069 0.9724820335610839
1034 1035 0.1857576858343043
1035 1070 -0.045623309275480264
1035 1036 0.30574237498500056
1036 1071 -0.3648271122126353
1036 1037 -1.002074946329627
1037 1072 0.5855199052660424
1037 1038 -0.08826637753270716
1038 1073 -1.2216358112326613
1038 1039 0.24429743784232658
1039 1074 -0.6595707098352518
1039 1040 -1.9085698767571664
1040 1075 -0.5583757951762226
1040 1041 0.12109662998239865
1041 1076 -0.4300729643989464
1041 1042 1.2621692285965858
1042 1077 -0.08423878388532108
1042 1043 0.6267907819083766
1043 1078 -0.5527422007432481
1043 1044 0.43159150245595823
1044 1079 -0.9221800572618865
1044 1045 -0.7797140628208012
1045 1080 0.3207287304306865
1045 1046 0.25500917175912907
1046 1081 0.04370862100027368
1046 1047 -0.5509059530116069
1047 1082 1.0043154061944615
1047 1048 -1.3827692233863766
1048 1083 1.3227142429072754
1048 1049 -0.1997504423012886
1049 1084 -0.14397938875192973
1049 1050 1.5376347062256004
1050 1085 -0.6310499926347563
1051 1086 -0.4025874622826299
1051 1052 0.13529781606953423
1051 1085 0.41210926060095754
1052 1087 -0.3185197582427958
1052 1053 0.1520482489400703
1053 1088 0.4995714462261462
1053 1054 -0.5953095588952143
1054 1089 -0.8000060916732851
1054 1055 -0.9278766188011403
1055 1090 -1.1015884120514792
1055 1056 -0.35564627576184876
1056 1091 0.9293298219693475
1056 1057 -1.382883839791501
1057 1092 0.24845108766712537
1057 1058 -0.46557467878633607
1058 1093 0.5996266359782011
1058 1059 1.030440688955389
1059 1094 0.6916040469811691
1059 1060 -0.5953277721169844
1060 1095 -0.1955928665332268
1060 1061 0.47291915123016987
1061 1096 0.660700651480079
1061 1062 -0.21311424515682026
1062 1097 0.1485155866700095
1062 1063 -0.40313613693382927
1063 1098 1.5419633131943618
1063 1064 1.5194126547005278
1064 1099 -1.8459095905248333
1064 1065 0.9875146189384455
1065 1100 -0.15229316571443158
1065 1066 -0.38156125556032494
1066 1101 -0.6574588131017048
1066 1067 -0.3548482879872328
1067 1102 -1.1981091827232315
1067 1068 0.009982909886527419
1068 1103 0.29623933146987536
1068 1069 1.2383821764887164
1069 1104 2.023989039241107
1069 1070 -0.43047689461747835
1070 1105 2.3198845933309085
1070 1071 0.896332433838888
1071 1106 -1.8925758316569858
1071 1072 1.2969256618991218
1072 1107 -0.5691522563552688
1072 1073 -1.2976884543003906
1073 1108 0.3914386490007107
1073 1074 1.4133390943851003
1074 1109 -0.36217978719403177
1074 1075 -2.5176578107746814
1075 1110 0.7447037230319951
1075 1076 0.030709159054077655
1076 1111 0.2594493819822626
1076 1077 -0.9956611154443281
1077 1112 -0.4842629624642963
1077 1078 -0.7546814550541027
1078 1113 -0.9574192057039826
1078 1079 1.5253164570022941
1079 1114 -0.6127057121310887
1079 1080 1.6134605368638788
1080 1115 -0.09931149800284694
1080 1081 -0.7055562678356654
1081 1116 -1.026030521414276
1081 1082 0.04640681249892271
1082 1117 -1.4081367161728742
1082 1083 0.46334159860400326
1083 1118 -1.7459146406960626
1083 1084 0.19323944950122104
1084 1119 -0.8077782366884158
1084 1085 -1.502447805288376
1085 1120 -1.802961258319268
1086 1121 0.5581597060533204
1086 1087 -1.2312700695147023
1086 1120 0.2203384356388861
1087 1122 0.9672251633703072
1087 1088 -1.4291012837294401
1088 1123 0.39138809405147124
1088 1089 0.990640538163215
1089 1124 -2.423947077308084
1089 1090 1.2916981525630153
1090 1125 0.3000872322465121
1090 1091 -1.6163162841393992
1091 1126 -0.3352597291096512
1091 1092 -1.4867658390411762
1092 1127 -2.3627620044532573
1092 1093 -2.2844149347641824
1093 1128 0.330611777639671
1093 1094 -0.9124269330489896
1094 1129 -1.2304259553531063
1094 1095 -0.6611094416522285
1095 1130 -0.26305826560226925
1095 1096 0.5312432470815117
1096 1131 1.747633306054842
1096 1097 0.6535768493981501
1097 1132 0.760093895550082
1097 1098 0.011092350017526066
1098 1133 0.1562697177950531
1098 1099 -0.6271241921412661
1099 1134 -0.2944068745664485
1099 1100 0.5809925305653817
1100 1135 0.8700645052046798
1100 1101 -0.1682605219470608
1101 1136 -1.056870254073408
1101 1102 0.5498968520064148
1102 1137 -0.9092211954192805
1102 1103 0.26493113471497864
1103 1138 -1.852268452882059
1103 1104 0.31290419883480086
1104 1139 0.386582728823523
1104 1105 -1.0611848995455286
1105 1140 -0.17309286109189354
1105 1106 -1.1701797252391617
1106 1141 1.4045836237247893
1106 1107 1.526395267451911
1107 1142 -0.1585857488482681
1107 1108 -1.1635388876132464
1108 1143 1.2227731855451147
1108 1109 0.46254381271346084
1109 1144 -1.5664466221556415
1109 1110 -0.24868841397978084
1110 1145 1.8629116870223108
1110 1111 0.016404222125520326
1111 1146 -0.9257067936392914
1111 1112 1.2425755464203627
1112 1147 -0.005470930679807708
1112 1113 0.7092106156618697
1113 1148 0.9955721214602808
1113 1114 0.46216342837053936
1114 1149 -1.5382283294191486
1114 1115 -0.35237395154004686
1115 1150 -0.5690386424038653
1115 1116 -0.9321722415633593
1116 1151 1.3755950149284961
1116 1117 1.7397673437455379
1117 1152 1.2070477356605174
1117 1118 -0.0942592159049479
1118 1153 -1.019902246862041
1118 1119 -0.04736462271458151
1119 1154 -0.3862904234595161
1119 1120 -0.9626016979728926
1120 1155 0.41153528501378966
1121 1156 -0.5615151361816307
1121 1122 -0.9305112083487336
1121 1155 0.5106056086645578
1122 1157 0.8650100453267141
1122 1123 -1.5546894583106703
1123 1158 -0.7147161690966121
1123 1124 0.8555091589741732
1124 1159 -1.0146484543713121
1124 1125 -0.09255655220908393
1125 1160 -0.20774195008686439
1125 1126 -0.6289659084294524
1126 1161 1.8332673355634737
1126 1127 -1.0505971774189629
1127 1162 0.7973931811906361
1127 1128 -0.12935433177683162
1128 1163 2.919784130074631
1128 1129 -0.5672873513128793
1129 1164 0.09177892821052068
1129 1130 0.7719884244064259
1130 1165 -1.446055962866073
1130 1131 1.7532581538930367
1131 1166 -0.48021364602528455
1131 1132 -0.12405445308120544
1132 1167 2.2498175295548917
1132 1133 -0.8576527629646016
1133 1168 0.8381742673385747
1133 1134 -0.35380392473316513
1134 1169 0.8128268599850176
1134 1135 -0.88658654482584
1135 1170 -0.9091000539273615
1135 1136 0.12845582427424398
1136 1171 -0.3994303919269832
1136 1137 1.264117755294814
1137 1172 0.06861168535727867
1137 1138 0.4098727419865641
1138 1173 -1.4722403220346998
1138 1139 -1.6556290207617546
1139 1174 -1.9267715886655878
1139 1140 0.8840554099650941
1140 1175 -0.8316810054404026
1140 1141 -0.40431041360931097
1141 1176 -0.29108045545258526
1141 1142 -0.3648591087541989
1142 1177 1.2119344118437343
1142 1143 0.055530990286556524
1143 1178 0.10286108989214435
1143 1144 0.49398201248763124
1144 1179 0.07294148413129385
1144 1145 -0.12020263664608641
1145 1180 -0.3103351620851476
1145 1146 -0.9911521175146973
1146 1181 -0.45281413525192393
1146 1147 0.4399448060383041
1147 1182 -0.050738510108379466
1147 1148 -0.006295867586353475
1148 1183 1.5583642139328635
1148 1149 -0.07916603946399892
1149 1184 0.9253667935588394
1149 1150 1.6918287826914429
1150 1185 0.1815714274967729
1150 1151 0.557566725832156
1151 1186 0.16371747866252567
1151 1152 0.537936879389753
1152 1187 -0.15303326666964515
1152 1153 0.16929370744551195
1153 1188 1.3122176917318893
1153 1154 -0.9885023679929686
1154 1189 -0.23519295597949444
1154 1155 0.8064930776896653
1155 1190 -1.000209657979256
1156 1157 0.10459014247478056
1156 1190 0.21890084449128178
1157 1158 -1.6646904676766296
1158 1159 1.1214663341305866
1159 1160 -1.2005950432615689
1160 1161 -0.047087872655930216
1161 1162 -0.36144297848319173
1162 1163 -1.3476169286355488
1163 1164 0.5451298829191362
1164 1165 2.5996748345366516
1165 1166 0.9202704120060016
1166 1167 -0.3574434960918659
1167 1168 1.3005119796929612
1168 1169 1.34300479176378
1169 1170 -0.46182293558713455
1170 1171 -1.297823194800573
1171 1172 0.029737808954685765
1172 1173 -0.013246685916764785
1173 1174 1.277118188942221
1174 1175 1.6126771939226154
1175 1176 -2.1552249525465728
1176 1177 -0.9839840172010198
1177 1178 0.2995827561940984
1178 1179 -1.6449618212260444
1179 1180 -1.1724031658719132
1180 1181 1.312984744412483
1181 1182 3.099784569858822
1182 1183 -0.7644557639160857
1183 1184 0.8965357729849949
1184 1185 -0.634758290462435
1185 1186 1.0724960206856553
1186 1187 -0.9799370179453576
1187 1188 0.45257417107046005
1188 1189 1.427943180807649
1189 1190 0.9814716077166303
