1225 2450
1 36 0.12418071255291384
1 1191 -0.4496273761511699
1 2 -1.4730963450917796
1 35 -0.12420387160014389
36 71 1.9708967351974558
36 37 0.25946068571187914
36 70 1.1853827414632434
1191 1156 0.33077094062673296
1191 1192 -0.6958165908579789
1191 1225 -2.226213127074179
2 37 -1.1407281566530523
2 1192 1.0974924292285726
2 3 -0.3241741733876308
35 34 0.0977880241785554
35 70 -0.5421514275585231
35 1225 -0.6145129652836532
37 72 0.8559538878657752
37 38 -0.4267442526664672
1192 1157 -0.11420503206086578
1192 1193 -0.19686701914871343
3 38 0.7315421909662719
3 1193 -1.437427721416496
3 4 -0.021176360182616275
38 73 0.683189212264786
38 39 0.8245129279846596
1193 1158 0.5020405607540657
1193 1194 1.0638206955562
4 39 -0.13261462648992028
4 1194 -2.307786031444266
4 5 -0.5438198920241328
39 74 -0.4517109308743826
39 40 0.06088925890124506
1194 1159 0.1275657607949025
1194 1195 -0.18283332847943148
5 40 0.9460039611756186
5 1195 0.7645775679314029
5 6 1.6047703416666221
40 75 -0.3909051540370087
40 41 -0.002537027011608377
1195 1160 1.567887155893966
1195 1196 -1.3541951108405397
6 41 -0.719553591359672
6 1196 0.8136707340865926
6 7 0.7028303271347568
41 76 1.215515787987682
41 42 -0.6665043859521704
1196 1161 -0.188778866513183
1196 1197 -0.9747467826468907
7 42 0.42930437479176586
7 1197 0.5162605288092742
7 8 -0.04103800504430129
42 77 -1.6267094662423
42 43 -1.1210410294708097
1197 1162 0.8905392843891109
1197 1198 0.6264940470159528
8 43 0.16584398070003048
8 1198 -0.7704241237786086
8 9 -0.5079631013605165
43 78 -0.026455203433745727
43 44 1.6543539056427123
1198 1163 0.8445490255716372
1198 1199 -0.8570932092351735
9 44 -0.8069198971834516
9 1199 0.015766824141736843
9 10 -0.16743937298101422
44 79 -1.264599421037767
44 45 0.12516201924405262
1199 1164 0.6053707186430974
1199 1200 -0.598718243047748
10 45 0.7976557084501901
10 1200 -0.5748547630451855
10 11 -0.1852922037166466
45 80 -0.7097873922749535
45 46 -0.3823372591187647
1200 1165 0.08576161045996288
1200 1201 -0.33753440047479527
11 46 -0.8267283357429055
11 1201 -0.5273767653370636
11 12 -1.550687615632412
46 81 -0.13302073822946966
46 47 2.1966444532072398
1201 1166 1.906679108641713
1201 1202 0.14637486193799173
12 47 -0.33967487237359417
12 1202 -0.16608416051421285
12 13 0.1630715403864633
47 82 -1.413612051461907
47 48 -0.27761951981236116
1202 1167 1.7477756520921917
1202 1203 0.8040624740290664
13 48 2.1273518811568977
13 1203 -2.5296838100618415
13 14 -0.44637895960915197
48 83 1.100555154658692
48 49 1.1331362150365978
1203 1168 1.9299499383384189
1203 1204 0.42333651857941085
14 49 0.8330524189090938
14 1204 0.13282623140725885
14 15 -1.2730411813586433
49 84 -0.28032231739656477
49 50 0.7805093749824319
1204 1169 0.7153953953034475
1204 1205 0.7351941844255009
15 50 -0.9489243508801284
15 1205 -0.6668604966679332
15 16 -1.1771398529522807
50 85 0.9630819014564257
50 51 -0.0652666855281168
1205 1170 -0.1640736131006969
1205 1206 2.0172573526329
16 51 1.1047163862750329
16 1206 -2.107363046608099
16 17 0.21232997947011648
51 86 -0.8328521143178631
51 52 -0.9849490422463748
1206 1171 1.5075734116005735
1206 1207 0.6536671080412596
17 52 0.508924453605586
17 1207 -1.1127576280731493
17 18 0.8279389020914467
52 87 1.2156966147808348
52 53 0.4429610884108172
1207 1172 -0.7777969906116405
1207 1208 0.11467782992833642
18 53 -0.8757793371929926
18 1208 -2.1335024553680184
18 19 0.9212944918624033
53 88 -1.4413268837939999
53 54 0.38430907838691925
1208 1173 1.0219144918109453
1208 1209 0.957753807992522
19 54 0.6267054654979513
19 1209 0.4976959966989452
19 20 -0.09333254556009161
54 89 -0.8336526260647913
54 55 0.6565036385877389
1209 1174 -0.17060077761577114
1209 1210 0.015513001883476148
20 55 1.5967636975109245
20 1210 0.7211966599200537
20 21 1.1456308689098773
55 90 0.49914154407062156
55 56 -1.3321423222823676
1210 1175 1.2046684870403601
1210 1211 2.1751878936745603
21 56 1.516706037798855
21 1211 0.8758478410724718
21 22 -0.17246419563236315
56 91 -0.9561366304303
56 57 -0.22596038892055811
1211 1176 -0.9656373218683543
1211 1212 0.7780677393613835
22 57 -2.3187030515201634
22 1212 0.5056613332246879
22 23 -1.056086368919522
57 92 0.8245699642134445
57 58 -0.322862320747886
1212 1177 1.003513007647429
1212 1213 0.22945478859362164
23 58 -0.587272412808438
23 1213 -1.3874375414813733
23 24 -0.6676641145705132
58 93 -0.27497685555755963
58 59 -0.1032950674550657
1213 1178 -1.0651878167774278
1213 1214 -0.4124635081315628
24 59 -1.5198405078333161
24 1214 0.7579734080994969
24 25 -0.6967492354629252
59 94 0.06524490513076969
59 60 -0.013373494675454642
1214 1179 0.8025929279150578
1214 1215 -0.24358542014003817
25 60 -0.3191211712683543
25 1215 0.23776093763661957
25 26 -0.2817073641774744
60 95 -1.3548461925804318
60 61 -1.0375228362814848
1215 1180 0.14507658501452675
1215 1216 -0.3652481525956197
26 61 0.07414423717514777
26 1216 0.6111172987866085
26 27 0.9285253583198174
61 96 0.561011366608564
61 62 0.9416841446112496
1216 1181 -2.3775910673341554
1216 1217 0.5694322034127433
27 62 -1.5634462036024757
27 1217 -2.0056745484010956
27 28 0.4379812612794911
62 97 2.001599050858913
62 63 1.2234181664530333
1217 1182 1.1300585009310558
1217 1218 -1.1956814476628839
28 63 0.19807839165278884
28 1218 0.8327989276713884
28 29 -0.8945998886565456
63 98 1.2281288964106694
63 64 0.3477652266471266
1218 1183 -0.3450265693149871
1218 1219 -0.38550266639276254
29 64 1.1999123892596328
29 1219 1.3408643529665596
29 30 -0.5461671200945946
64 99 1.627951182950155
64 65 0.5338342906352016
1219 1184 -0.9386375816375518
1219 1220 0.7345497511266804
30 65 -0.031798689062363654
30 1220 0.4065484314454937
30 31 0.6063663349056738
65 100 -1.4084881984433302
65 66 -0.009678034611060564
1220 1185 -1.5125575401098756
1220 1221 -0.054532350153245354
31 66 -1.0407501990853
31 1221 0.13281431188799409
31 32 -1.1003808560894184
66 101 0.018804732311035143
66 67 0.3914293320289425
1221 1186 0.4825175711710021
1221 1222 0.8080489134984822
32 67 -0.25295632818444735
32 1222 -1.9930727645343858
32 33 0.09298716699289429
67 102 -0.5254296143648248
67 68 0.7705613762467654
1222 1187 0.15047793833413478
1222 1223 -2.9913471203575144
33 68 -1.9117399164228424
33 1223 0.00662749245236749
33 34 -1.2524850942691999
68 103 0.08341605637986646
68 69 0.9488600940033045
1223 1188 0.23136756819399434
1223 1224 0.2457375435031849
34 69 0.4885640451295772
34 1224 -0.06633479995927075
69 104 -1.0444195505357274
69 70 -0.7037185065372216
1224 1189 -0.4898831315401901
1224 1225 1.587587708433187
70 105 -0.17999735046927756
1225 1190 -0.25306899501600716
71 106 1.455088441083537
71 72 0.29292146389074486
71 105 1.2023115681636076
72 107 0.7002651419364103
72 73 -3.5060420606636433
73 108 -1.4619020687244224
73 74 -2.1051614578582263
74 109 -0.2909176356649884
74 75 0.8736610619701641
75 110 -1.08309827499935
75 76 -1.09657206498913
76 111 0.6828231515911628
76 77 -1.305549091969019
77 112 -1.192142071381965
77 78 -0.9525827101128441
78 113 2.7831465718262627
78 79 1.0656102050992797
79 114 -0.10798730349447291
79 80 0.6558068106099464
80 115 0.349870243459492
80 81 0.7869413681051393
81 116 -1.8855868212550806
81 82 1.2534283826828043
82 117 1.5604395380246363
82 83 1.1714244223836996
83 118 -1.0811011906397499
83 84 -0.2450974823869509
84 119 -0.6665254882025933
84 85 0.5013768917984393
85 120 -1.5230269343667415
85 86 -0.00890209706607018
86 121 0.4398928762128713
86 87 -0.5695761491582415
87 122 0.1115615614699901
87 88 -0.5654565129231047
88 123 -2.0437612354904133
88 89 -0.42964490284508555
89 124 0.36431022151665876
89 90 0.785264379933569
90 125 -0.7575273800138776
90 91 -1.0469102458679274
91 126 1.206454968652196
91 92 0.8889306092773296
92 127 -0.25106690907213147
92 93 -0.009366888656858575
93 128 -1.4387537563850954
93 94 -1.1908542671495952
94 129 -1.6914693532121228
94 95 -1.5042188743103884
95 130 1.891236861194297
95 96 0.7060436599425932
96 131 -0.2512573491435942
96 97 1.375131365384517
97 132 1.1409184846779121
97 98 -0.8242567151136437
98 133 -0.43324168645358246
98 99 -1.7868813280913851
99 134 -2.5865019395395303
99 100 -0.7146785624314101
100 135 -1.334367276808391
100 101 -0.21184843751610874
101 136 0.6729455427581071
101 102 -0.9727822448878097
102 137 0.1288026944603423
102 103 -0.7664277908118455
103 138 0.5319901103385072
103 104 -0.5826996451286897
104 139 -0.04042162492416731
104 105 -1.9365960558384974
105 140 -0.33573880257279215
106 141 0.4852567797190607
106 107 -0.10339788031105916
106 140 -0.020299393932938184
107 142 0.16551215958899673
107 108 -0.5349080141850987
108 143 1.3014055926736854
108 109 -1.7888377215919467
109 144 0.42779192423836004
109 110 -0.4463216488303528
110 145 -0.7929236364857899
110 111 -0.23001022722717332
111 146 -1.0795846382293923
111 112 1.279738223318288
112 147 -0.09454612187166887
112 113 -0.37907135249207424
113 148 -0.5158546156536191
113 114 -0.26739637263754173
114 149 -0.41641439940026004
114 115 -1.5221033118183895
115 150 -0.3381005395645085
115 116 -0.9867885678939455
116 151 -0.46825778431104126
116 117 -0.2799279750803236
117 152 -0.16984761519229705
117 118 0.9295011482639071
118 153 -0.16723338033080717
118 119 1.8198859832178556
119 154 0.5361898722952403
119 120 1.203233908843589
120 155 1.9826574099299725
120 121 -0.9703690288937803
121 156 0.8716158613472363
121 122 1.2542111463082175
122 157 0.5207481499566444
122 123 0.7580241553933371
123 158 0.2765452406840005
123 124 -0.708330812144915
124 159 0.4782474585497631
124 125 -0.19608847314912844
125 160 -1.0078203274328628
125 126 -0.5202827188700136
126 161 2.4246885357878303
126 127 -0.727367251006388
127 162 1.3834858319559487
127 128 0.8184844325646207
128 163 -1.4671279964672992
128 129 0.16488458669765016
129 164 -0.2562719996293458
129 130 2.196803154618288
130 165 0.6244590911278861
130 131 -0.5483165894412398
131 166 0.14580327470681642
131 132 -0.19930942664225818
132 167 1.2885937089128103
132 133 -0.45508232543131955
133 168 -0.5111594405363686
133 134 0.4788970336977847
134 169 -1.1060550962294213
134 135 0.8086215464376356
135 170 0.36098455084244285
135 136 -0.05824569274417942
136 171 -1.531081369482085
136 137 2.3047620012469454
137 172 0.16151067694839208
137 138 0.630626489623236
138 173 -0.9065614291476537
138 139 -1.183434169847059
139 174 -0.40821894541070375
139 140 -0.1907817901829689
140 175 -0.04087245352743965
141 176 0.6075544585657214
141 142 0.5457298936177172
141 175 0.7836245755997701
142 177 -0.7323062090720429
142 143 1.2037234456815469
143 178 -0.061174283299166694
143 144 1.031493163228507
144 179 -0.6263005913320197
144 145 0.28264850405189135
145 180 -0.9629483467202553
145 146 -0.7725706349379248
146 181 -0.961627575215757
146 147 0.9373572562624448
147 182 1.5725440435544837
147 148 1.6993103037472097
148 183 1.035994150452291
148 149 0.9540161770203379
149 184 -0.8974623209339915
149 150 0.5683101057668775
150 185 0.04443433860976001
150 151 -0.39783638607947186
151 186 -1.6089788032934094
151 152 0.07071749953997876
152 187 0.3869954307067362
152 153 0.9008860764901679
153 188 -0.6354056293166183
153 154 -0.7740785832483748
154 189 -0.9478190664754125
154 155 -0.16770099719957235
155 190 1.752824935767908
155 156 1.2385858036406492
156 191 0.00998658384924368
156 157 -0.26933320747864964
157 192 0.799378239997305
157 158 0.21829137543263671
158 193 1.4888614050677496
158 159 -0.7158188887568558
159 194 -0.17701554336104347
159 160 -0.1910609599592077
160 195 2.267773504687798
160 161 -0.6097369086244465
161 196 -0.44526588965417685
161 162 0.6057336577504765
162 197 -0.061405236879737986
162 163 0.8182887596022899
163 198 0.5829419393473942
163 164 0.3043344135765371
164 199 -0.6743517634330196
164 165 0.9920298825583387
165 200 1.4572270286076656
165 166 -0.3743432442900921
166 201 1.0340094928828467
166 167 0.5322621425335332
167 202 -0.5748564685207438
167 168 -0.9461055417985663
168 203 -0.11115305300664904
168 169 0.929642530934683
169 204 -0.6967296175560872
169 170 0.3077268093316544
170 205 -0.09309060953218098
170 171 0.11910671063146908
171 206 -1.3564217120403124
171 172 1.0430955699077729
172 207 0.301624703649785
172 173 0.22996554921052367
173 208 0.23090678823688876
173 174 0.2685493337463538
174 209 -0.3710116220377782
174 175 2.2240425634588488
175 210 1.0361472808732728
176 211 -0.5129451540857651
176 177 1.732655030165108
176 210 0.8229776338638798
177 212 1.3252850176486155
177 178 -0.4863303935357063
178 213 0.11317184837733286
178 179 -2.407589370606827
179 214 0.8820288562350508
179 180 -0.4086572277390035
180 215 1.6348957161122544
180 181 -2.534827623923549
181 216 1.3908351339713878
181 182 0.6769962124035982
182 217 1.2911951553028693
182 183 0.3529787024142276
183 218 0.652633588548742
183 184 0.4070000103702983
184 219 -0.3345173468450885
184 185 0.08887867783885174
185 220 -1.6211978658759993
185 186 0.30223110029294264
186 221 -1.2101647970633003
186 187 0.09252329803042722
187 222 -2.027233741829667
187 188 -1.217946367218952
188 223 1.443814409534791
188 189 -2.107086079707866
189 224 -0.402499732428014
189 190 -1.9892285844539574
190 225 0.6842343116084822
190 191 -0.039885064011116036
191 226 -1.9458294603293866
191 192 -1.5342794078362618
192 227 -0.7554751077691603
192 193 -0.5534481032265408
193 228 -0.031165815220977208
193 194 -1.1344495773834735
194 229 -1.2176710136986264
194 195 -0.45718618207414974
195 230 0.8498645875589331
195 196 -0.033402229075638785
196 231 0.6118222235905719
196 197 -1.7281892528810299
197 232 -2.261617916761401
197 198 -1.041317842514371
198 233 1.1188672663014219
198 199 -1.3848554441373195
199 234 0.33412317885421383
199 200 1.480086716485622
200 235 1.249276259546489
200 201 -2.045785832865682
201 236 -0.6994395726131678
201 202 0.008109121089740644
202 237 -0.3176903875552728
202 203 -0.7383824758901529
203 238 -0.04640531669730386
203 204 -0.4969986639495491
204 239 -1.4093719938044973
204 205 -1.10161483005261
205 240 -0.5063580474611677
205 206 1.4743732976833646
206 241 -0.9307982842211541
206 207 -1.2405347021448907
207 242 1.3730689956574706
207 208 -0.46868294151948603
208 243 0.2521337805880303
208 209 -1.4138106736694729
209 244 0.01385156205451508
209 210 0.5743561749337153
210 245 -0.7847702083372625
211 246 2.46736208796605
211 212 0.5408525404440562
211 245 0.08428973077806101
212 247 0.7792591324172291
212 213 1.1134873959710594
213 248 1.191898263311202
213 214 1.299161768419625
214 249 -0.1760451331488526
214 215 -0.10360540208977949
215 250 -1.1557215548229873
215 216 -0.47566693442455316
216 251 1.0916374709719059
216 217 0.3749332040604941
217 252 0.8438525343194301
217 218 -0.8636002276665037
218 253 -0.16817783895462718
218 219 -0.01790395378555383
219 254 -0.8809042207816816
219 220 0.34658727119574156
220 255 -2.862168623076205
220 221 1.4275719564751626
221 256 0.8183823429446921
221 222 0.16700911259439316
222 257 0.28444395125710986
222 223 0.17907742051670408
223 258 -0.7453905146110036
223 224 1.1771645819496028
224 259 0.2624155621240378
224 225 -1.4098525790806153
225 260 0.7092357200901652
225 226 -0.6826756542111234
226 261 0.89636398065744
226 227 -1.110178951831619
227 262 -0.6376413841228312
227 228 1.2295732349611312
228 263 1.2935261312946698
228 229 0.6067903412909421
229 264 0.0427599024064915
229 230 -1.1544282253833456
230 265 0.9299142036054704
230 231 -1.009943659988318
231 266 -0.5614092776593597
231 232 -0.5223539433804989
232 267 -0.37971174204506875
232 233 -1.0668555422908346
233 268 -0.694383114627225
233 234 1.583541617962769
234 269 1.350481597181031
234 235 -0.5246446862643238
235 270 0.43440107590177296
235 236 -0.020855451210773854
236 271 0.44303100373398546
236 237 -2.1802381738672376
237 272 -0.6763879386042223
237 238 0.6706067649286497
238 273 0.19286607735892955
238 239 0.08994439734247421
239 274 -0.7258385646038606
239 240 1.0576270934122485
240 275 -0.36914751255772754
240 241 -0.7762806069964951
241 276 -0.21704700135558444
241 242 0.29565060436871043
242 277 1.045012131179267
242 243 -0.4339909086150549
243 278 2.685411878927171
243 244 1.266971167019463
244 279 1.4346397389307
244 245 0.6246787369584715
245 280 -0.9536965067690238
246 281 0.6477495187417233
246 247 -0.563392784892919
246 280 -0.44310043813677796
247 282 0.20707372850627226
247 248 -0.1887596028693559
248 283 -0.367907404807389
248 249 0.5838198591390552
249 284 0.10701153863048397
249 250 1.9184164999839726
250 285 1.9814975096319511
250 251 -0.8723494455952799
251 286 0.5168056319145892
251 252 0.6508918887957614
252 287 -0.23855086144106258
252 253 -0.5375767421653962
253 288 -1.4430201087051386
253 254 -1.1353757439882264
254 289 -1.8958846527057704
254 255 0.6958746713949887
255 290 0.02260193618233571
255 256 0.09102900681137448
256 291 -1.087920000808213
256 257 -1.8150802288398198
257 292 0.05646039712480667
257 258 1.3839232877694658
258 293 0.43157412643068827
258 259 -0.3089267138999777
259 294 1.5902664460479086
259 260 1.0242082552410006
260 295 0.7074799076746543
260 261 1.2221008334134604
261 296 -0.009536838593133453
261 262 1.5005717669059466
262 297 0.3821103945567233
262 263 -0.14407354946639073
263 298 -0.3743830564594359
263 264 1.222161077532491
264 299 0.021809523629019216
264 265 0.1994188173161805
265 300 -0.43842376342019745
265 266 1.4187255343957303
266 301 0.3627649803323903
266 267 -0.8466548945922855
267 302 0.977312351634285
267 268 0.6247215650169413
268 303 -0.7095167833066915
268 269 -1.0163252376265377
269 304 -0.36385723945390885
269 270 1.6006732545794584
270 305 0.5557361568850973
270 271 -1.3324404380631334
271 306 -0.4407061472169725
271 272 -0.6888552419961922
272 307 -0.4018094643395821
272 273 0.08639880176995818
273 308 -0.3941344841446493
273 274 0.7875806857253519
274 309 0.7687936174971519
274 275 1.7617044610276578
275 310 -0.5218334520813876
275 276 -0.07583256701951455
276 311 -0.4918305360625074
276 277 -2.6348264934690486
277 312 -1.0085718618572588
277 278 0.5305917911176784
278 313 -0.5800469187374869
278 279 1.8838537310797154
279 314 -2.182200108436982
279 280 1.546226697427397
280 315 -0.525732079544083
281 316 0.410237856014587
281 282 -0.34330207732790274
281 315 -0.35048662673643555
282 317 0.13078216843348833
282 283 -0.3206983042190073
283 318 -0.8404415211089376
283 284 0.036942270021112535
284 319 -0.06411067346871088
284 285 0.6203277925828684
285 320 -0.5415980283208408
285 286 0.3171462069001762
286 321 -1.5127621785087009
286 287 0.5243725826229364
287 322 -2.3626202156041
287 288 -0.4909753653310252
288 323 -0.2093850165924584
288 289 0.6111205891057624
289 324 -1.6571309297461527
289 290 1.1400402547991089
290 325 -0.4279037911845352
290 291 -0.4812413318842162
291 326 0.8698415230794567
291 292 0.0814412659124353
292 327 -0.2659351260678788
292 293 0.6699969194178149
293 328 2.0879197427257035
293 294 -1.2664340933512566
294 329 0.7012241130761995
294 295 -0.6227547032523698
295 330 -0.8363576460700064
295 296 -0.6826578141101505
296 331 -1.4820189850174557
296 297 0.3912358147083619
297 332 2.9617708300544483
297 298 0.6418670165754388
298 333 0.6443071787225566
298 299 -0.981443123817658
299 334 -0.08971562770168258
299 300 -0.5668118079765587
300 335 0.09085131823209279
300 301 -1.048353236634675
301 336 1.4140144025761767
301 302 0.30453704721688
302 337 0.5818800137807275
302 303 0.04407472607687587
303 338 -0.7976027512545583
303 304 0.15917372791835374
304 339 -0.1050940932070589
304 305 -2.089120504822615
305 340 -0.9420857386057316
305 306 1.8777052634429081
306 341 -0.1758919717523313
306 307 -1.5452878387800701
307 342 0.08864091797090907
307 308 -0.28512955662078604
308 343 0.43708703994099224
308 309 -0.7544512196307375
309 344 1.5305491540717056
309 310 0.9138705898826169
310 345 0.7923595497565328
310 311 -0.30799192304144823
311 346 -1.1778167429675968
311 312 -1.0433574044895173
312 347 -0.35076457575798076
312 313 -0.7508092679046796
313 348 1.8542765032608717
313 314 0.41432035011480944
314 349 1.3097375594994478
314 315 0.19950583160429908
315 350 1.1432587685767843
316 351 0.6996114956565239
316 317 0.3323060795362268
316 350 0.860631874659793
317 352 -0.05705332665384117
317 318 0.268750491176732
318 353 -0.06596620513658227
318 319 1.0295137108519348
319 354 -0.592198318279769
319 320 0.4427541744360836
320 355 0.9658841394640562
320 321 0.9865129822338751
321 356 -1.6913938377787279
321 322 1.43166087340005
322 357 0.15364700563391392
322 323 -0.3310803729394533
323 358 0.8016039927834029
323 324 0.8525376768933993
324 359 -1.5972501051585004
324 325 -0.8053980605202079
325 360 -1.637857100533167
325 326 0.8508543734306397
326 361 1.0175938307751808
326 327 0.555308580365962
327 362 -0.9485021375742279
327 328 0.04499435068684229
328 363 1.4245277841941395
328 329 0.37491383658873145
329 364 -0.2193167575339505
329 330 0.23682250245442021
330 365 0.33239678258694205
330 331 0.6246312691205609
331 366 0.9254609201970581
331 332 -0.07707016274471665
332 367 -0.2754181417692464
332 333 0.4870758538885163
333 368 -0.5380975656587491
333 334 -0.04079760115064987
334 369 0.5180338232830728
334 335 -0.2836942761094449
335 370 2.577905259826352
335 336 -1.0339095683758392
336 371 0.20513101738905196
336 337 1.018881120451673
337 372 -0.0615920883709722
337 338 1.5174201524131012
338 373 -0.5243852033166642
338 339 1.763234940301022
339 374 1.1439520029581407
339 340 -1.339761545900236
340 375 0.03282261860956738
340 341 0.5465669648483287
341 376 0.37363873290904526
341 342 2.0237517755987224
342 377 -0.22400372327291873
342 343 -0.6249689854406731
343 378 0.2106740223996225
343 344 0.7840572454236682
344 379 -0.5240338208625142
344 345 -1.325175178856257
345 380 0.20815068038931925
345 346 0.005356884297630095
346 381 -0.06922324914204925
346 347 0.48304400060632785
347 382 0.7547595192517952
347 348 -1.9185211049019515
348 383 -0.17176825636331322
348 349 0.03334818999746944
349 384 1.0083958882395985
349 350 -1.247952471019115
350 385 0.9294643599493635
351 386 -0.4588531271684491
351 352 -1.30817598616836
351 385 1.1009584691019103
352 387 1.571455954026568
352 353 1.6907975462198626
353 388 -0.24419033012272323
353 354 1.0326049196751619
354 389 1.7464168147219057
354 355 -0.2646372845283552
355 390 0.7665211059534699
355 356 0.9703090879184729
356 391 0.3756084466809575
356 357 -0.5452514650477555
357 392 0.0153694628344915
357 358 -0.1820610509530664
358 393 -0.9415515800774851
358 359 1.3830093712641405
359 394 0.542469819629126
359 360 -1.0431111625278378
360 395 -0.9067738525686727
360 361 0.451967493477291
361 396 -0.9857156538007174
361 362 -1.683980305130192
362 397 -1.3346898162999217
362 363 -0.5582684188384904
363 398 -1.2072370667414845
363 364 0.3396069714367038
364 399 -0.5592996995877823
364 365 0.2350708318906104
365 400 0.1518966966428234
365 366 0.30721528925616853
366 401 -0.5233031154793707
366 367 -1.178852170472236
367 402 -0.7625623259534694
367 368 -0.8540608418167968
368 403 -0.9576833913449496
368 369 0.3761080534282084
369 404 0.41703534273129717
369 370 2.132329051754815
370 405 0.23778410791109472
370 371 0.9386981695567345
371 406 0.8171359510453156
371 372 0.9457314771340601
372 407 1.430229789608796
372 373 -1.2192408538265296
373 408 -1.4219240693219282
373 374 -0.469378216191044
374 409 0.4970621610930128
374 375 0.11645960058058022
375 410 -1.7153605801468137
375 376 -0.7060014416801834
376 411 0.984341490395937
376 377 -1.9480965882192942
377 412 -0.5873998600633922
377 378 1.931422703674861
378 413 -0.19457919341240595
378 379 0.05917893628409089
379 414 0.32168075120283346
379 380 -0.5402990452714781
380 415 -1.0611854039245743
380 381 -0.889439539272516
381 416 0.2851970382625266
381 382 -1.4275733414703378
382 417 1.1407784692911938
382 383 0.25955871697556837
383 418 0.026917549579732823
383 384 -0.6127052350635206
384 419 -1.030949493388627
384 385 -0.6857984424976664
385 420 -2.3135235878280778
386 421 2.0953266017747856
386 387 -1.7349252236536505
386 420 -1.808205311506429
387 422 0.6838487061213816
387 388 0.2015110976189793
388 423 1.4604612870941542
388 389 0.8471797169181108
389 424 0.06309081385663193
389 390 -0.7203715709426465
390 425 -0.8790046654830871
390 391 1.7535229349430652
391 426 1.092153730322324
391 392 0.41451668342853865
392 427 -1.0198598212847914
392 393 0.4993550355612185
393 428 1.5946023307168267
393 394 0.4819774052525122
394 429 0.760640652277476
394 395 0.16898296739502805
395 430 -0.2623037116000722
395 396 -0.4602660622261067
396 431 1.330555379138016
396 397 -0.20996314905552896
397 432 0.2084908205367668
397 398 0.1368980857356366
398 433 0.4036005520476477
398 399 0.4800223111927183
399 434 -0.3620982362919034
399 400 -0.07926717638110499
400 435 1.4622267587674898
400 401 2.7869139840180255
401 436 0.3996108153071284
401 402 -1.0003962309748848
402 437 0.48530340895712687
402 403 1.6657845626981074
403 438 1.2396022866884127
403 404 -2.49311564783062
404 439 0.9465231816877916
404 405 0.11277632365961199
405 440 -1.2952568098439845
405 406 -0.09597844543901557
406 441 1.4933654486059085
406 407 0.852078726224559
407 442 -0.6004636332379134
407 408 -0.8320141413067437
408 443 -0.9090276847487524
408 409 -0.2796641193954728
409 444 0.6869511671487052
409 410 -0.5602664915903863
410 445 1.553508984905065
410 411 -1.270816403759458
411 446 -1.6463130050489565
411 412 -0.26318918083835763
412 447 0.155900921284163
412 413 -2.589118517838328
413 448 -0.21917917744198456
413 414 -2.1139696144375915
414 449 -0.8057156052046555
414 415 0.9279322853616077
415 450 -0.6014940951868935
415 416 0.20735721944540011
416 451 0.2372832767431756
416 417 0.0038757219739926976
417 452 0.28844661521533366
417 418 -0.7188795047980246
418 453 0.46296294578718633
418 419 -0.24894357678103837
419 454 1.6359425590936953
419 420 -0.4455392132174087
420 455 -0.14184447989804047
421 456 -1.2844722122615335
421 422 -0.7204881706072946
421 455 0.3143967091862086
422 457 -0.3263206364295916
422 423 -0.22253004663823628
423 458 1.5682937949857745
423 424 -0.3807958113041293
424 459 -0.29143167105458934
424 425 0.33832576394481345
425 460 -1.7700031406267556
425 426 0.42847832789097556
426 461 -1.2803583646464216
426 427 -0.38177747046671
427 462 -0.33869877836872453
427 428 -0.9736655501595116
428 463 1.0044059172557
428 429 1.6467515161178585
429 464 0.7267001241862123
429 430 -1.0693229788491436
430 465 -1.1443670544313702
430 431 -0.6213395493381619
431 466 1.2490514298360909
431 432 -0.22952787836039784
432 467 -0.7416811622506305
432 433 -0.28450526032396367
433 468 -0.2874364272580527
433 434 0.19034518675489084
434 469 -1.2598722993914881
434 435 1.2375077722827497
435 470 0.5524404298636133
435 436 0.09084074103462621
436 471 0.5552066962723164
436 437 1.6416268730156638
437 472 -0.778097354487556
437 438 -0.0923600158872108
438 473 -0.8072302962642359
438 439 1.4127439541891367
439 474 -0.010215238925405887
439 440 -0.5236898206793746
440 475 0.36087530319919087
440 441 0.5103692761338807
441 476 1.6957629272549617
441 442 0.28191445661980125
442 477 -1.7373864520068232
442 443 -0.0930514092864259
443 478 0.9910262508046074
443 444 -0.45654247715477275
444 479 -1.7544391061538405
444 445 1.3601609689919283
445 480 -1.1052237679614523
445 446 0.7683765031484977
446 481 -1.0771150376578873
446 447 0.4412450376495205
447 482 -0.28329909371714895
447 448 2.7809235583803766
448 483 1.6166683035229275
448 449 0.5507054333016239
449 484 -2.427661572617648
449 450 -2.410236274303687
450 485 1.3808212525172434
450 451 -0.7096664433304002
451 486 -0.011320489877822998
451 452 0.6537437511422012
452 487 1.273898096134337
452 453 -0.8798897320968213
453 488 -0.5064778605749047
453 454 1.7955566881530003
454 489 0.5265272395951044
454 455 -0.37451384556757794
455 490 0.6115032736336447
456 491 0.6517712177164869
456 457 1.2270049664865743
456 490 0.08845497395763664
457 492 2.415750596771125
457 458 -0.46081885926373695
458 493 -0.4415580819118469
458 459 0.10398124037237522
459 494 1.0211868026157842
459 460 1.9098786267460293
460 495 -0.16120542353621534
460 461 -0.12872823639722578
461 496 1.0529922509144938
461 462 0.7748029401965321
462 497 1.2195604616299702
462 463 1.0764292453769668
463 498 -0.5225512539965467
463 464 -0.8206880944264296
464 499 0.30933954122201773
464 465 0.39689866631517423
465 500 0.10144785684114942
465 466 -0.8248711239694503
466 501 -1.038337939002302
466 467 1.1262302576064807
467 502 0.41987119292250574
467 468 0.801291722308689
468 503 0.18504867849377016
468 469 -1.1851113539544507
469 504 -0.38851975812722234
469 470 -1.2419454671990684
470 505 -1.7127943736086646
470 471 -0.6667411539157768
471 506 0.3123481163816562
471 472 -0.12844216117688295
472 507 -0.26391096394565844
472 473 -0.9307323389347941
473 508 -1.0159979377779176
473 474 1.4361965502716993
474 509 -0.04588014604463526
474 475 0.36249378619254924
475 510 -0.7270734348269648
475 476 0.04740748925112766
476 511 -0.7374489813637888
476 477 -1.992928493138289
477 512 -0.024701173257119357
477 478 -1.2172776072379452
478 513 0.24551396114954177
478 479 0.7476032447115311
479 514 2.3487455873647187
479 480 0.0964446255716039
480 515 -0.34324373008388376
480 481 -0.9621955180309817
481 516 -1.0566031306724204
481 482 -0.009018537147475927
482 517 1.1557257074596425
482 483 0.11969134471554917
483 518 -1.2843226890175559
483 484 1.8215655169804537
484 519 -0.2681097670261365
484 485 0.8743379338295567
485 520 -0.9846794814809499
485 486 -0.1852170193260118
486 521 1.7751245578827748
486 487 0.3808374949878137
487 522 -0.1554672781443472
487 488 0.8831956867860453
488 523 0.6820787172574411
488 489 0.3487420738617135
489 524 0.42713114506975625
489 490 0.7454145448567562
490 525 0.9795093519467808
491 526 -0.38498489744641556
491 492 -1.3147215294122663
491 525 -0.06441421473058695
492 527 2.2637756498716834
492 493 1.5300285300059948
493 528 0.8794890304332765
493 494 2.399303668784492
494 529 -0.3294074519288321
494 495 -0.8876070845443261
495 530 -0.8777574982943973
495 496 0.43663521938384425
496 531 2.062269953806117
496 497 -2.214174165546426
497 532 0.1346205874970679
497 498 0.3370409783151263
498 533 0.34201138311567025
498 499 -0.33426883736066226
499 534 0.3650490730191316
499 500 0.8920165126539795
500 535 1.0669104767430067
500 501 0.4776380221626821
501 536 0.14085350159187637
501 502 0.8826542702270181
502 537 -0.2326224049354474
502 503 -0.05402511040418839
503 538 -3.167127249538186
503 504 -1.7533943628317896
504 539 2.5009086393603672
504 505 0.5489239843844882
505 540 -0.7136203558688377
505 506 0.32838409451098527
506 541 -0.3699823357378429
506 507 -0.3390426772797832
507 542 0.23018165467746485
507 508 -0.6990495738930652
508 543 -0.44527852148148456
508 509 0.5425366124150905
509 544 0.8834900741524532
509 510 1.575186115966501
510 545 0.9351778009124196
510 511 1.3671755438222477
511 546 -1.6241126571571833
511 512 0.11834043843202156
512 547 1.7761275318481475
512 513 0.36059128358275694
513 548 -0.7748570056465219
513 514 0.314945554317213
514 549 -1.5968163463196683
514 515 0.12599747610594056
515 550 1.1965171282722302
515 516 0.8581845641368065
516 551 0.10849154835550892
516 517 -0.01407226393978809
517 552 1.434328157843858
517 518 0.07551161361892506
518 553 -0.4263279930507952
518 519 1.0754542983242164
519 554 -1.5695021523749384
519 520 -0.054384156004186994
520 555 -1.0179670608646165
520 521 0.768319264520075
521 556 -0.800591650529639
521 522 -0.047052976740180344
522 557 -0.059423178650952944
522 523 -0.027531662193933243
523 558 2.288476097195578
523 524 0.3469887637386894
524 559 -0.905158194220854
524 525 -0.5942246900683928
525 560 -0.4178559418776096
526 561 -0.8104258386251613
526 527 0.24923217721466284
526 560 -1.1689581059205605
527 562 0.7650279650382305
527 528 0.6376846798973268
528 563 0.9866583198513313
528 529 -0.5751782859840563
529 564 -0.6676228905957201
529 530 1.6703611615334506
530 565 1.268138284361279
530 531 -0.08119401843843398
531 566 -0.43979395259191323
531 532 0.6991238416647659
532 567 2.2041433158669395
532 533 -0.6309650653007003
533 568 -0.31035508043655524
533 534 0.6278770234910742
534 569 -0.21741163818227888
534 535 -0.9338718061018387
535 570 0.7855362517006528
535 536 0.2698510044819009
536 571 -0.18159204311546398
536 537 -2.5244529379717977
537 572 0.24299565562289555
537 538 -0.5136853396636032
538 573 -1.1327302064550921
538 539 -1.196637908309098
539 574 1.9655420731373194
539 540 -0.5286162633492958
540 575 0.009151786184177868
540 541 0.93842964589319
541 576 -0.7149930738380422
541 542 1.085128796190803
542 577 0.2901204489139105
542 543 0.7555491000099646
543 578 0.3964092360208078
543 544 0.09769731709421936
544 579 1.0003975707823545
544 545 0.4715029178790012
545 580 -0.4401194413696965
545 546 1.8827042574306059
546 581 -1.1740683627002875
546 547 -1.0288646812404418
547 582 -2.0657902389022094
547 548 -0.7453741741258246
548 583 0.6263749813089051
548 549 0.26984741006725493
549 584 0.02927607941440857
549 550 0.8639826629642228
550 585 0.2737914846241298
550 551 0.9837016277007719
551 586 -0.43933741768610585
551 552 -0.5921413552786051
552 587 -1.0899261237217386
552 553 0.3096447980807826
553 588 3.4270319174575103
553 554 -0.9069243387817569
554 589 0.40163516067761085
554 555 0.004308268813630043
555 590 1.3821865680170835
555 556 -0.29085793687418743
556 591 -1.0987944429263097
556 557 -0.9789627618423207
557 592 -0.6981804112077001
557 558 -1.2205979982350652
558 593 1.3863633416627037
558 559 -0.6795684431469681
559 594 -1.2647350714539554
559 560 -0.6226232943025207
560 595 -0.844522421622221
561 596 -0.8342222185497918
561 562 -0.6298265443844561
561 595 0.7835410639229897
562 597 -0.10424613671426305
562 563 0.5666442558135748
563 598 0.12171961730894229
563 564 -0.04729816410105629
564 599 -0.16959006804580418
564 565 3.0392259172196674
565 600 0.6836069214782313
565 566 -0.7324513563340859
566 601 2.5058433729772975
566 567 -0.45739597275889093
567 602 -0.7155192309598679
567 568 2.4341063809472634
568 603 -0.07413779346891633
568 569 -0.293257555515448
569 604 0.670656535189607
569 570 1.1287569824188428
570 605 0.3983995115524386
570 571 -0.4442866832462005
571 606 0.36321072818263056
571 572 -1.3370399263731885
572 607 -0.5969885427014707
572 573 0.7188964215464154
573 608 -1.5551276799820692
573 574 1.1937223465423505
574 609 -0.9821438122381817
574 575 1.8453215895376918
575 610 0.867295966805682
575 576 -1.394468396056419
576 611 -0.8264434365947363
576 577 0.45054685327900235
577 612 0.7565571305233048
577 578 -0.3777251635289208
578 613 -1.0748709268074501
578 579 0.2060331368725629
579 614 -0.9064598559421347
579 580 1.6861626656223199
580 615 0.6774004583245734
580 581 2.031799703425688
581 616 0.46891925203334744
581 582 1.5566123599487212
582 617 -0.7498550533164222
582 583 0.8345271126488936
583 618 1.4740775194529416
583 584 0.6593466832238895
584 619 1.0523678438317425
584 585 0.4678832337368547
585 620 0.7659025235105137
585 586 -0.4616731666662023
586 621 0.20628589163224498
586 587 -0.2554732863573114
587 622 -0.3654717881966409
587 588 0.6383824519108411
588 623 0.7905143515213219
588 589 -0.7308395225396561
589 624 -1.1819732878302862
589 590 0.6912480905520832
590 625 0.0015160521397109361
590 591 -0.20927748886125963
591 626 -0.3811301752828314
591 592 1.388590225060199
592 627 -1.5833440211482424
592 593 -0.1081156511075282
593 628 0.12106763468693116
593 594 0.15175521856639818
594 629 1.4381485805492524
594 595 0.8355967029165942
595 630 -1.1006548001888152
596 631 0.04602476999969584
596 597 -0.8361821444626903
596 630 -1.0123645026481642
597 632 -0.05335537078374899
597 598 -1.9966431254430015
598 633 0.03828308690489772
598 599 -1.0221296573094079
599 634 -0.5270927601435917
599 600 -0.7806924732617614
600 635 0.09690996869380258
600 601 0.8090361615477255
601 636 -0.11689213370176241
601 602 0.30166838885908853
602 637 -0.29028892025729147
602 603 -0.008097126579067719
603 638 0.9228263721179768
603 604 -2.1845431266876814
604 639 -0.15490409559303173
604 605 -0.10782699941859686
605 640 0.9165867185781992
605 606 0.3982638373171767
606 641 -0.12110720641879114
606 607 -0.2060379788489614
607 642 -1.0911287439013315
607 608 2.1898988205230965
608 643 -1.9581472116764491
608 609 0.9820957357743305
609 644 -1.4591233110437574
609 610 -0.2503017205366398
610 645 -0.20960968680918698
610 611 0.11609764669327541
611 646 -0.6132010676650764
611 612 0.4932337834689951
612 647 -0.03351191170294876
612 613 0.14162760098695049
613 648 -1.0693408901542152
613 614 0.17774499714709754
614 649 0.5129142324210271
614 615 1.2142718084901256
615 650 -0.20029226864335153
615 616 -0.4802254852169392
616 651 -1.3405584757914168
616 617 -2.4080332779501594
617 652 -1.1346549016094558
617 618 0.4177306615751188
618 653 -0.4056674924942494
618 619 -0.5930939996620089
619 654 0.6180287999866099
619 620 0.5000885018197957
620 655 2.1240775411693273
620 621 -2.4369311032309606
621 656 0.058980389148568235
621 622 -0.5291742678479071
622 657 -0.5532330322075134
622 623 -0.3508742756375236
623 658 -0.5196242081378791
623 624 -1.2542211918841064
624 659 -0.25626741661789376
624 625 -1.8111448652254787
625 660 -0.7917357939849685
625 626 0.23862251489497344
626 661 0.09859531428266761
626 627 -0.3522752983676498
627 662 1.0929753957333024
627 628 1.0646043109086585
628 663 0.9759898691493473
628 629 1.111668231696615
629 664 0.6081496150620536
629 630 0.9082281017417203
630 665 1.4556198571470564
631 666 -0.0471456122850174
631 632 0.2330471439126912
631 665 0.540974739548632
632 667 -0.22804852480758106
632 633 -3.254548520987431
633 668 -0.8108211645825794
633 634 0.016137537937993215
634 669 -0.37578172217805955
634 635 -0.05131008452694145
635 670 -1.2220631160180129
635 636 1.2690007061013973
636 671 0.8074679857614379
636 637 0.39508088259019597
637 672 0.31690268707423214
637 638 0.29264401885910946
638 673 0.12250278005564441
638 639 0.3396577548179228
639 674 0.3536259001617405
639 640 -0.14073224540828225
640 675 0.4733376238814983
640 641 -0.22771699992298974
641 676 -0.9509533228376527
641 642 -0.754260575380745
642 677 0.7184864498137863
642 643 -0.9124316216869888
643 678 0.010912667174230931
643 644 -0.5410966536974153
644 679 1.635977803141097
644 645 0.7840927579818642
645 680 -0.3822394035671349
645 646 -0.07054595960148669
646 681 -0.07182371873315217
646 647 -0.9031053876819028
647 682 -0.739337883217848
647 648 0.899664095724281
648 683 -0.05368541676802228
648 649 2.5928127552480316
649 684 1.3662448400014777
649 650 -2.12911632721861
650 685 -0.44809208277976986
650 651 -1.5965564391442817
651 686 -0.9433798670862672
651 652 -0.11617503122415752
652 687 -0.7148472225628166
652 653 1.1167543197018135
653 688 -0.18795001070442868
653 654 0.3051186801891589
654 689 -2.433664103832466
654 655 0.5403967416125743
655 690 -0.0014779063221870468
655 656 0.255702267830057
656 691 0.521101939001733
656 657 0.019398120085116894
657 692 -0.536923761932741
657 658 0.19864413363188316
658 693 1.1991226787141496
658 659 -0.8942419236644302
659 694 1.3232571664381405
659 660 -0.1983029181771416
660 695 -1.199320272945303
660 661 1.7135341162457014
661 696 0.5439656059470088
661 662 0.44028434780262726
662 697 -0.4868138763522726
662 663 1.4207548254207645
663 698 0.9272338927646082
663 664 -1.0073945753809168
664 699 -2.1366056759685064
664 665 0.0044769450350508
665 700 1.7222308532690747
666 701 0.2038747658303722
666 667 1.8147528887250708
666 700 -1.3037621583928123
667 702 -1.1699299154887906
667 668 -0.004980859082498855
668 703 0.012627376355473618
668 669 1.0238066510602084
669 704 1.1200331447838723
669 670 -0.6563778863269135
670 705 0.9524059262525724
670 671 -0.009002966963242572
671 706 1.7373424161168043
671 672 1.0699743314628942
672 707 1.8931831862670345
672 673 1.0582790901473405
673 708 0.3458738264203201
673 674 -0.7544262600773682
674 709 0.4688878907260622
674 675 0.9379083677182519
675 710 1.021648489302873
675 676 0.10277874366820494
676 711 1.257239013871991
676 677 -1.1365521539632772
677 712 0.4374167349323952
677 678 1.1468565141533131
678 713 -1.5299874011224668
678 679 0.19410754576949835
679 714 -0.07045566028855582
679 680 -0.3735495133099175
680 715 0.9884080049715065
680 681 0.4537917821040997
681 716 -1.081993444450795
681 682 -0.051325361836087276
682 717 -1.4903540554967576
682 683 -1.238223963649063
683 718 0.6367366223926344
683 684 0.7624160652669502
684 719 -0.710613682896457
684 685 -0.04887200561606252
685 720 0.5816396970663312
685 686 -1.4940602923819484
686 721 -0.124744578894733
686 687 -0.5551521825889469
687 722 0.8774166272576248
687 688 -0.7957932924238171
688 723 0.5682873455342935
688 689 -0.7309913684633159
689 724 -0.26725461558925717
689 690 0.26071833599970373
690 725 0.0275918764807502
690 691 0.2864794314904099
691 726 1.4171247789873036
691 692 -0.8931749100837719
692 727 -0.6011701320997158
692 693 -0.44661313074581016
693 728 0.5705928484700159
693 694 -0.47696537606062095
694 729 -0.8379378660275133
694 695 -0.6456195587850162
695 730 -0.3617624291781772
695 696 1.8971386967207757
696 731 0.5582716457511275
696 697 -1.9799699441871625
697 732 -1.656315454865081
697 698 1.006945336558772
698 733 -0.018062063897240188
698 699 -1.1609703781858773
699 734 0.10044320976041149
699 700 0.4817937424703145
700 735 -0.35939668489255416
701 736 -1.3675270633221446
701 702 1.5982556412655358
701 735 -2.192584610020475
702 737 0.7677218180434164
702 703 0.7869817104610857
703 738 0.2883158065824397
703 704 0.8830891437617573
704 739 1.014383077662179
704 705 0.25231155525644156
705 740 -0.7104753550666121
705 706 -0.13738427647731505
706 741 -0.6061615013095706
706 707 -0.3016989417850112
707 742 -0.49772478040378787
707 708 0.2150598404382597
708 743 -0.4342907260797238
708 709 -0.25672621568544884
709 744 0.5011356500209683
709 710 -1.8149996954420644
710 745 0.1593761333203357
710 711 1.4548738476845409
711 746 -0.22341794062998757
711 712 1.1695325588249512
712 747 -0.33212460416039635
712 713 0.5029611853755395
713 748 -0.31458491325559684
713 714 1.0873614221050119
714 749 -0.5268345048748884
714 715 0.6856800749118822
715 750 -0.2738745602313044
715 716 0.6683952282540722
716 751 -1.146825180010357
716 717 1.8975773974793044
717 752 1.7493312659697207
717 718 0.4927314433363625
718 753 0.6426305360866033
718 719 -1.0026677678262643
719 754 -1.2120673960879491
719 720 0.5039059144171731
720 755 -1.6079936053829227
720 721 0.5461589641422133
721 756 -1.2267257119662094
721 722 -1.4394727473043434
722 757 0.058373762075697395
722 723 2.2249020730187046
723 758 -1.9110173167918896
723 724 -0.6353520665677866
724 759 0.4531917277261147
724 725 -1.8882848168942619
725 760 0.6521244343238715
725 726 -0.25252200574747624
726 761 -0.7568462082333796
726 727 0.3849804140560735
727 762 0.6349068689987732
727 728 1.075429207671171
728 763 -0.5488861740423938
728 729 0.3323294361750207
729 764 0.6796307867827973
729 730 0.8582986617934011
730 765 -0.626584704878042
730 731 -0.8741494838867075
731 766 -0.1565181749382013
731 732 -1.0484222855471785
732 767 1.206819065085396
732 733 -1.3900276672093126
733 768 0.7312245185217923
733 734 -0.22699058898298233
734 769 -2.054367259662777
734 735 -0.31205115935720834
735 770 0.6488809025425458
736 771 0.898984011128811
736 737 -0.3803316852844894
736 770 -1.0485226992925545
737 772 -0.11028517641532222
737 738 0.278501621856878
738 773 -0.2245851723898597
738 739 1.0709748782294757
739 774 0.8904311451817691
739 740 0.924391470164948
740 775 -1.6583643137755555
740 741 -0.32777628901376304
741 776 -2.000600502241676
741 742 1.588703441742296
742 777 0.8430846804144142
742 743 0.9310722466675764
743 778 0.40743096644957383
743 744 -0.42518301809741577
744 779 1.3016493615607627
744 745 -0.6488941895627798
745 780 0.44795142273683525
745 746 -0.2673104488900566
746 781 0.2674146895160797
746 747 -0.48036256102012354
747 782 -0.0872575935647949
747 748 -1.2996831744871786
748 783 0.8981226404134381
748 749 -0.23442683185630045
749 784 0.9033587523359515
749 750 -1.5235508775618598
750 785 0.6928695281059233
750 751 -1.9262846909571976
751 786 0.7083371376984402
751 752 -0.6007408273079252
752 787 0.0812474105899571
752 753 0.0324689277486094
753 788 0.5252006667681067
753 754 -0.002428702674584899
754 789 -0.48060463963195793
754 755 2.1484151084508984
755 790 0.48746713212734605
755 756 0.8385184580256221
756 791 0.7159393425587853
756 757 0.028616195042381824
757 792 -1.8175473047238389
757 758 2.3002520730128047
758 793 0.24190202931954577
758 759 0.20655248979395055
759 794 0.7046441858305073
759 760 0.07219758210271986
760 795 0.006532331480553372
760 761 0.804670939810292
761 796 -0.23328549581660288
761 762 -0.21750133596399926
762 797 0.24683415473361672
762 763 0.01089402638630152
763 798 0.734491970423898
763 764 1.3230537726603293
764 799 -1.549240857860017
764 765 -1.3707539340524821
765 800 0.5881931412125408
765 766 0.7245493862900969
766 801 0.9149971905749692
766 767 -0.6881896894443816
767 802 1.2482567431818947
767 768 -0.15947132395349065
768 803 0.9697242712115817
768 769 1.5353583759341687
769 804 -1.1380986087183023
769 770 -1.1927802844547628
770 805 -1.6014893187504795
771 806 -1.4885899345462794
771 772 1.8981897416955644
771 805 0.33702067785399714
772 807 1.7705869964877279
772 773 -1.1111070521743345
773 808 -0.9389444996930706
773 774 -0.09540258532915903
774 809 1.016273640965314
774 775 -2.6137502226880067
775 810 0.6399366513496962
775 776 1.5960706072356534
776 811 -1.0486243031621039
776 777 -1.2693064030689016
777 812 0.3506174879917638
777 778 -1.5003393013087114
778 813 0.4538252836619554
778 779 2.5624392556274715
779 814 -0.4428277669325004
779 780 -0.022547663827278165
780 815 -0.33170066086856026
780 781 0.044215060326248584
781 816 -1.0865756247822467
781 782 0.6063333420817371
782 817 0.6028865474306908
782 783 2.1477152028424182
783 818 -1.1441378713036083
783 784 0.7926809555617912
784 819 -0.8151536823807359
784 785 0.5056337616877019
785 820 -0.06684726006135651
785 786 -0.3829198528657135
786 821 -0.7900106634826484
786 787 1.1233458387374446
787 822 -0.10934361406884227
787 788 0.1684716710499287
788 823 0.6182549736534229
788 789 -0.13772090430404527
789 824 -0.7886444787915634
789 790 -0.12783914957034861
790 825 0.587026704580426
790 791 -1.115426865721931
791 826 -0.4822809062892491
791 792 -0.8661516913257701
792 827 -0.7329863517475748
792 793 1.2655849437063822
793 828 -0.6468125438163603
793 794 -0.43529418211943105
794 829 1.9941538288949594
794 795 1.1939470907006353
795 830 0.1418416514987362
795 796 1.2488833260898984
796 831 0.48954527436189615
796 797 -0.2522247365759553
797 832 -0.20366995554909673
797 798 -0.8764618644199116
798 833 -1.6657208241100263
798 799 -0.6173824732588596
799 834 -0.029078587511545496
799 800 -0.9155917625538323
800 835 0.2567982066918455
800 801 1.0600466992419777
801 836 1.267833948932236
801 802 1.8629739957997977
802 837 2.481374018528155
802 803 0.19889514190195337
803 838 0.17550252603381078
803 804 0.1594155387519173
804 839 0.9051047999177743
804 805 -1.8661791439982955
805 840 0.35351642841904757
806 841 0.02801820429126145
806 807 -0.6373258087793972
806 840 -0.7038530809996897
807 842 0.5511676708002765
807 808 -0.427212853518455
808 843 1.1765662320389612
808 809 0.6994934303515337
809 844 -0.28820932649505454
809 810 0.6763960069616534
810 845 0.34035972199687553
810 811 1.6612638537470892
811 846 0.14138071964464793
811 812 0.5927108254997197
812 847 0.5133817218324894
812 813 0.7797498056039123
813 848 -0.25239753440216833
813 814 -0.5299338954275015
814 849 -1.621090920259894
814 815 -0.21160865965816844
815 850 0.6574123880378249
815 816 0.4015254750668073
816 851 0.8734792474905831
816 817 -0.29192085636686804
817 852 0.10222803856411737
817 818 1.4721911908009082
818 853 0.9905064937039275
818 819 -0.6312687125249694
819 854 1.2852098667718814
819 820 -1.5599764103209763
820 855 0.3381027792654968
820 821 0.12766443372704692
821 856 -0.4806282862508514
821 822 0.5619334401763645
822 857 -0.10784956265840263
822 823 0.4661362878590824
823 858 -0.47323392935144526
823 824 1.2838441993568128
824 859 -0.2031894307287657
824 825 -1.2066262941073198
825 860 1.0264785362108937
825 826 -0.19665732432831945
826 861 0.02627384083738352
826 827 -1.0543168275242345
827 862 -0.57437018227662
827 828 0.02529158163670218
828 863 -5.777022890955917e-05
828 829 0.3310289629176652
829 864 0.16484067673043842
829 830 -0.41885890486983035
830 865 2.0067928839920164
830 831 0.21508465968933468
831 866 0.5967095090142248
831 832 0.6543141601085257
832 867 -0.7090387000256414
832 833 0.09435684863633322
833 868 0.36389320693711613
833 834 0.8837995840260113
834 869 0.6663079622068965
834 835 1.2143941756898686
835 870 -0.23942466305441723
835 836 1.579375363470646
836 871 0.42767716619495194
836 837 -0.025389775196693967
837 872 -0.856546810280286
837 838 -0.28501896832391
838 873 1.6110066481014031
838 839 -0.20790373331092915
839 874 -0.07157909594445996
839 840 -0.22694174323462024
840 875 1.0799187338534637
841 876 -0.7763876885861345
841 842 0.015679948242519108
841 875 0.6840839552397806
842 877 -0.6086592700516462
842 843 0.7698105511646911
843 878 -0.07251995085942932
843 844 0.24366562352015556
844 879 -0.6459025998800338
844 845 1.1014364392605545
845 880 0.4180757110897748
845 846 -0.2798392860469155
846 881 -0.7884807863720752
846 847 -0.03763511376310077
847 882 -0.15822775744037657
847 848 -0.7212885611934633
848 883 -0.8574089192501227
848 849 0.14134397861008222
849 884 1.3397721737759944
849 850 -0.36535617571401635
850 885 0.027240658814441446
850 851 -0.2194094677774688
851 886 0.0887629465962901
851 852 -1.468623708995602
852 887 -0.03816135744558405
852 853 -0.7393724241813419
853 888 -1.2867992544432525
853 854 -0.012380157630263185
854 889 -0.8550746044470842
854 855 0.4648409816487017
855 890 -0.22493857911205523
855 856 -2.1012523231964804
856 891 2.481368806529577
856 857 1.2552103584208474
857 892 -0.05192864739065859
857 858 0.8499698503734995
858 893 0.4371609690669023
858 859 1.7919733721039282
859 894 0.6533599793716863
859 860 0.6994245485263976
860 895 0.6106743705566319
860 861 1.1715835046830174
861 896 -0.269818852594905
861 862 0.45540304794305364
862 897 0.03925073556326351
862 863 -1.5691956648002605
863 898 -2.2412775220737315
863 864 -0.15677462450087234
864 899 0.3564666957462334
864 865 1.6524199827832307
865 900 0.060188874129776186
865 866 -0.40325721258937114
866 901 -0.03844221458581263
866 867 2.2794362383704625
867 902 1.4256192002614252
867 868 -0.15681572120524717
868 903 -0.48121662808127524
868 869 -0.5164186650073515
869 904 -0.03424714590720887
869 870 1.1621016690446668
870 905 -0.6700919834625151
870 871 0.4492832387329877
871 906 -1.0429308644960837
871 872 -0.401081996767132
872 907 -0.15520417220908672
872 873 0.3712289172904461
873 908 -0.17345743728452298
873 874 1.517613463206365
874 909 0.5688610890459421
874 875 -0.2699142274360406
875 910 -0.5875964094634714
876 911 1.1808896378085718
876 877 1.267710134181202
876 910 1.5143607904264544
877 912 -0.07000306905283753
877 878 0.028091794052813406
878 913 1.5116425146499008
878 879 -0.7498654287000949
879 914 -1.3506870779777074
879 880 0.9900185483114318
880 915 1.6567729303076633
880 881 1.1568117775207778
881 916 -0.2832110787693598
881 882 0.4874861717786635
882 917 0.2480944018624968
882 883 -0.11318064264772346
883 918 0.10530383024852263
883 884 1.0677271473037242
884 919 0.19903455524870198
884 885 0.5568895337833759
885 920 -1.3783110820316953
885 886 -0.0355925698137811
886 921 1.7555689983244833
886 887 -0.07918058957335355
887 922 -0.7332963528473496
887 888 -0.3198691871761918
888 923 -0.41415234966355285
888 889 0.12460856128861747
889 924 2.3612100276027337
889 890 0.21100487967209522
890 925 -1.1969277261693694
890 891 -1.04717975872597
891 926 -1.1392228824665878
891 892 0.001105487054186042
892 927 -1.8595119594777125
892 893 0.9736134321631956
893 928 0.5967740509075294
893 894 -0.043926272544424244
894 929 1.3013912334176325
894 895 -1.3704134872864864
895 930 -1.1941020258336617
895 896 -0.5210529220207752
896 931 1.5878763993194878
896 897 0.7636265348259569
897 932 -0.7683050718167111
897 898 -1.1571504427061965
898 933 -0.9090374574296095
898 899 0.4491699254047748
899 934 -1.4445114023615708
899 900 0.32261665214870194
900 935 -0.6499623736219021
900 901 -0.975615198563914
901 936 0.6693409045810508
901 902 1.2779159036965826
902 937 -1.205993827518047
902 903 -0.20219224063330488
903 938 -0.2227650530146507
903 904 -0.0050778294234601045
904 939 -0.752298570695478
904 905 0.7672833990786655
905 940 0.3152834700203275
905 906 0.13918596782673473
906 941 -1.1366274072164724
906 907 -0.831764961196397
907 942 -0.3415319326393479
907 908 -0.2706637617478089
908 943 -1.1566331796768095
908 909 -1.4414243364995134
909 944 1.4422742294194975
909 910 0.28657029421604036
910 945 0.5902713047850641
911 946 -0.9889114072004771
911 912 -0.8377860639757032
911 945 0.3381082518556933
912 947 -0.973439238857445
912 913 0.21271252515736003
913 948 -1.5059677392309496
913 914 -1.6947421388699926
914 949 -1.8091350693482213
914 915 -1.1828751443944163
915 950 -1.2504771977137568
915 916 -0.7864543649533557
916 951 -1.5246006858875318
916 917 -1.012336985089518
917 952 -0.9592649872180287
917 918 -0.23502309600648122
918 953 0.4478463550122614
918 919 0.800309486589024
919 954 0.47267741539648317
919 920 0.7757392590727369
920 955 1.5240085354675788
920 921 0.2749638920993978
921 956 -0.08372469522349318
921 922 1.0184242754986192
922 957 0.412464064638915
922 923 1.0188241046057394
923 958 -0.25197580584810647
923 924 -0.407521225843221
924 959 -2.6220010589180536
924 925 1.6402180513876798
925 960 -0.31215701959691916
925 926 0.4476981809695604
926 961 -0.46484565763160274
926 927 -0.33066547423286474
927 962 1.0578309201997251
927 928 -0.3974107908310116
928 963 -0.4188061044285902
928 929 1.0348568019175186
929 964 -1.3787597859882446
929 930 -0.5766656871038016
930 965 0.34137551690470475
930 931 -0.34174271849397503
931 966 -0.18222290240112504
931 932 -0.9148023046502046
932 967 -0.799453517027735
932 933 0.37936435942156144
933 968 -0.44382973661101177
933 934 -1.1526323544718193
934 969 -0.1566647175819502
934 935 -1.950991654843802
935 970 -0.30213886891428476
935 936 -1.022966391625077
936 971 0.5180313508888441
936 937 0.43848354820441593
937 972 -0.36822972757566175
937 938 -2.5782686365932395
938 973 1.1265578785606374
938 939 -0.7463955897134603
939 974 2.0663170354716462
939 940 0.5729756345492858
940 975 0.9468894079348482
940 941 -0.5602771115363856
941 976 0.3128268426603207
941 942 0.9465239791937314
942 977 -0.21250068124260083
942 943 -0.5211312199119369
943 978 0.08268211762652135
943 944 -1.6661178609627745
944 979 -0.13499490358639687
944 945 -1.0816175474293124
945 980 0.7730542846215049
946 981 0.3603517179244374
946 947 1.2271066592511983
946 980 -0.4621273762303325
947 982 0.21993936517039714
947 948 0.5020918388350452
948 983 1.014953206892124
948 949 2.0018855519821357
949 984 -0.14440835815461744
949 950 1.5176925879579437
950 985 0.7703431529508307
950 951 2.3348499448108977
951 986 0.03630780477551428
951 952 0.45503181939120924
952 987 -0.1802013367143422
952 953 -0.805278340284608
953 988 -1.5846166207156822
953 954 1.275233449803719
954 989 0.8268420954904327
954 955 0.8534240647563128
955 990 0.024357956082823654
955 956 -0.8939501513898815
956 991 1.28970353001437
956 957 -0.9554725203538955
957 992 2.1806965100373983
957 958 0.6207409529783234
958 993 1.552037194645118
958 959 0.9413791452345621
959 994 -1.1112032577927011
959 960 0.3093330435066106
960 995 -0.07399914007606515
960 961 0.19077025273811013
961 996 0.8651410790748774
961 962 0.6285192341404001
962 997 2.183146372858208
962 963 -2.0774423031000673
963 998 0.11778582550293895
963 964 -0.5555946802195361
964 999 0.8343226028069224
964 965 -1.3794735048356588
965 1000 -2.2183558482013743
965 966 -0.3579485463457297
966 1001 -0.0949361057437316
966 967 -0.4236742547670799
967 1002 -0.7596966151416
967 968 0.16645260281686972
968 1003 -0.5967703653229223
968 969 1.510074953276545
969 1004 -0.673899266135969
969 970 0.1985538743443677
970 1005 -0.1320349472054207
970 971 -0.3054215695369245
971 1006 -0.2685795586557541
971 972 1.0968534008853084
972 1007 0.5220511007438857
972 973 -0.05891266617930337
973 1008 0.2923121166651716
973 974 1.2535008426352334
974 1009 0.07472891407050827
974 975 -1.23670482498777
975 1010 1.2247401614493718
975 976 -0.16379053004384825
976 1011 0.11960681830758835
976 977 -0.1480863774401098
977 1012 0.22051081814554546
977 978 -0.10132571117951522
978 1013 -0.8000510043104607
978 979 -0.05235158978170316
979 1014 0.8976594029416322
979 980 0.3903291012428829
980 1015 -0.8612875917440485
981 1016 -0.2878662679240139
981 982 0.9147403312496694
981 1015 -0.16843106913862646
982 1017 0.8810567859136904
982 983 -0.5896309617462681
983 1018 0.5218244519816089
983 984 0.6337431823832281
984 1019 -0.04813730674055544
984 985 -1.7052234591959168
985 1020 -2.6325265843533177
985 986 0.774400518967245
986 1021 0.11638764077452775
986 987 0.5781734498859885
987 1022 1.174243782931106
987 988 0.1480570173839358
988 1023 0.5591324889934082
988 989 0.09981669658712411
989 1024 0.6838846266658146
989 990 0.33755610512008916
990 1025 -1.9315871729896354
990 991 -0.3028563230397548
991 1026 0.4186032786531681
991 992 0.11361828358296024
992 1027 0.8009609788940552
992 993 0.015488696169525562
993 1028 0.5797902725479573
993 994 -0.11162085205689097
994 1029 -1.3043620478996845
994 995 -1.1463835945780907
995 1030 1.0998893436682302
995 996 0.20020602907943302
996 1031 0.6136616256156465
996 997 -0.2892465341896213
997 1032 1.5343427061847263
997 998 -1.6054685477015587
998 1033 -1.995623685586908
998 999 1.3544212284478832
999 1034 -2.0928328532473266
999 1000 0.3744732773985186
1000 1035 1.8168742311595554
1000 1001 2.6007156681399817
1001 1036 -0.3400005120903347
1001 1002 -1.889913751977989
1002 1037 -0.4738455894277566
1002 1003 1.3171568456431388
1003 1038 0.9614199969641688
1003 1004 -1.456419918787029
1004 1039 1.243222685134977
1004 1005 1.6867099005730024
1005 1040 -0.6717310412054176
1005 1006 -0.12356526361679493
1006 1041 -2.1300323006109516
1006 1007 0.9028037501347588
1007 1042 -0.8587427182342496
1007 1008 1.2856518267771277
1008 1043 -0.08008710853155887
1008 1009 -2.0422524391627017
1009 1044 -0.03308765001057146
1009 1010 -1.2429485517689354
1010 1045 1.3458940689169814
1010 1011 0.09414892017836601
1011 1046 0.3007043052982336
1011 1012 0.22741576565551413
1012 1047 0.45530937687657813
1012 1013 0.5177179645551018
1013 1048 -0.05827116137203382
1013 1014 0.7387764573228216
1014 1049 -0.151660869435164
1014 1015 2.0575357186974332
1015 1050 1.0607113112956774
1016 1051 -1.8334226033525847
1016 1017 0.39146415730486533
1016 1050 0.016203107783835786
1017 1052 -0.40300992037989025
1017 1018 -1.7838708324726762
1018 1053 -0.6522036483227334
1018 1019 0.4521600433952789
1019 1054 -1.2508320885993784
1019 1020 1.283428798942479
1020 1055 -0.5506741751339485
1020 1021 1.225663619096897
1021 1056 -0.08898973115915826
1021 1022 -1.3731173803867027
1022 1057 -0.17135652424765177
1022 1023 0.1129925429766982
1023 1058 0.8911222321001683
1023 1024 -0.9101180389178724
1024 1059 -0.259850684053499
1024 1025 -1.0221462444891978
1025 1060 -0.24721172120901505
1025 1026 0.6095631996437199
1026 1061 0.4160328534674827
1026 1027 -0.33453092616644414
1027 1062 -0.9529928545048121
1027 1028 0.8707302357914927
1028 1063 0.007093285841660965
1028 1029 1.0488847878007255
1029 1064 1.4656651846922157
1029 1030 1.2690537118182137
1030 1065 0.9962633697762072
1030 1031 1.3298926557756154
1031 1066 0.5298446343389971
1031 1032 1.0292233062581109
1032 1067 -1.095155869207628
1032 1033 -0.7218230445015364
1033 1068 0.2975537839663655
1033 1034 1.3598342111485269
1034 1069 -0.2688887579313733
1034 1035 -1.6687824376943614
1035 1070 -1.5195837362302407
1035 1036 -1.2993440315591138
1036 1071 -0.12106766937036204
1036 1037 -1.6711855004715266
1037 1072 -0.7027696705284701
1037 1038 1.8031227453702743
1038 1073 0.21971151954367685
1038 1039 -0.17800406352765727
1039 1074 0.43206652752314484
1039 1040 0.6230266148688399
1040 1075 -0.37784455649612025
1040 1041 0.4325188183661428
1041 1076 0.5947200959645639
1041 1042 1.020165711989217
1042 1077 0.5502880911524762
1042 1043 -1.8073868801311412
1043 1078 0.9579756405387426
1043 1044 0.814502323001281
1044 1079 -1.2621367312961183
1044 1045 -0.16038263271681172
1045 1080 0.2826817722453947
1045 1046 0.4175502909306624
1046 1081 -1.3750587682299775
1046 1047 0.02828412877995366
1047 1082 -0.8689366247662096
1047 1048 -1.3808535678677263
1048 1083 0.3128198418561793
1048 1049 -0.048497674519698726
1049 1084 1.1525926328053657
1049 1050 -1.6069256726146994
1050 1085 0.7896887907705376
1051 1086 1.4230166355962546
1051 1052 -1.1056875456074353
1051 1085 0.8418030085631796
1052 1087 -0.7430913760968226
1052 1053 -1.8795948875708381
1053 1088 -0.979168996645589
1053 1054 0.4608344419226369
1054 1089 0.8574771820505809
1054 1055 1.7587920479485764
1055 1090 0.5058232807290531
1055 1056 0.5752888519600725
1056 1091 1.8611842244931385
1056 1057 -0.3238223370119852
1057 1092 -1.046546899419044
1057 1058 -0.48972676691061984
1058 1093 -0.7225008453305338
1058 1059 -0.9706952525892858
1059 1094 0.7991512176782066
1059 1060 0.45949302696754835
1060 1095 -0.1995632439837984
1060 1061 0.06798651312217036
1061 1096 0.12906286395618144
1061 1062 0.09477466325016845
1062 1097 0.4886790728554741
1062 1063 0.3640228285192463
1063 1098 -1.198998465225486
1063 1064 -0.5496220260057919
1064 1099 0.6914824052132134
1064 1065 1.6008480437126733
1065 1100 0.07786542939691696
1065 1066 -1.4748002248041636
1066 1101 0.4992625744864717
1066 1067 1.169234051533443
1067 1102 -1.7841187244403915
1067 1068 1.1522387071906315
1068 1103 0.32000530044474806
1068 1069 -1.1969692842034734
1069 1104 -0.11946607203784193
1069 1070 0.914471980558078
1070 1105 -1.7826875464441392
1070 1071 -0.6104525797362949
1071 1106 -1.9218591292366964
1071 1072 0.10975599988351811
1072 1107 -0.2009293251322429
1072 1073 1.0537667106715654
1073 1108 -0.949262829859545
1073 1074 -1.2935494815184112
1074 1109 0.14072581138889237
1074 1075 1.2990948269255314
1075 1110 1.6982849260146868
1075 1076 -0.510027878419694
1076 1111 -0.45448977728887385
1076 1077 0.3440233864821201
1077 1112 -0.21169043642375862
1077 1078 -1.0621543353373895
1078 1113 0.671867515598185
1078 1079 -0.1285387988873519
1079 1114 -0.20716042469620005
1079 1080 2.0871728898459576
1080 1115 0.29760468396451856
1080 1081 0.403769583802467
1081 1116 0.5255462461023405
1081 1082 1.1683665126371192
1082 1117 0.8919003528599121
1082 1083 -0.2195370884672016
1083 1118 0.8762459092580143
1083 1084 1.4976686895681395
1084 1119 0.880284084890148
1084 1085 0.34879049843172194
1085 1120 -0.14230772265142752
1086 1121 -0.7790298495137381
1086 1087 0.752542427801047
1086 1120 -0.7303591322972476
1087 1122 0.9584281579284786
1087 1088 1.935650168917374
1088 1123 0.6081823213105045
1088 1089 0.8723389380547998
1089 1124 -0.946817436922588
1089 1090 -1.0479108168007698
1090 1125 -0.20949314553557735
1090 1091 -1.6745088655708602
1091 1126 -0.2094241003062695
1091 1092 -0.3141639682761595
1092 1127 -0.8206384783303413
1092 1093 0.9487938053933735
1093 1128 0.9115257480679964
1093 1094 2.387909585490124
1094 1129 -1.3750498183064053
1094 1095 -0.7567808588789742
1095 1130 1.0890795893293022
1095 1096 0.4933644000103246
1096 1131 -0.8927163996865694
1096 1097 1.6963160521365683
1097 1132 1.2584119061265169
1097 1098 -0.22640559054473808
1098 1133 -1.735633811840473
1098 1099 -1.7038800312908757
1099 1134 -0.13775061848267292
1099 1100 1.7790481816812913
1100 1135 -0.9460756271383267
1100 1101 0.9666425316444235
1101 1136 -0.013445180980154885
1101 1102 0.516158198047403
1102 1137 0.24989024652954048
1102 1103 1.425346294124397
1103 1138 -0.7094738398357325
1103 1104 -0.28352511647330725
1104 1139 -0.4370241731836252
1104 1105 1.7106966605169416
1105 1140 1.0521950223721146
1105 1106 0.196582219017207
1106 1141 -1.2347456305802362
1106 1107 1.8364811891499144
1107 1142 0.1525171876257276
1107 1108 0.4435305159213192
1108 1143 -0.7928133461070594
1108 1109 0.5408568032879484
1109 1144 0.25373755029942835
1109 1110 1.0640796859090451
1110 1145 0.84874246258331
1110 1111 0.6366157837898482
1111 1146 -0.7834840993505333
1111 1112 1.5402358754229069
1112 1147 0.15476110434607626
1112 1113 2.314858674019533
1113 1148 0.8440353707492373
1113 1114 -0.15180105664378768
1114 1149 -1.1491940136753378
1114 1115 1.3239676172822994
1115 1150 -0.3920754463503099
1115 1116 0.6075839980484269
1116 1151 0.29057520958886557
1116 1117 0.06741076794587157
1117 1152 -1.8068055341404232
1117 1118 0.24826891190537762
1118 1153 -0.47374585541331804
1118 1119 -1.538809782236249
1119 1154 1.0257779688662403
1119 1120 1.0045076363634096
1120 1155 0.3488610656594023
1121 1156 0.6428249006338431
1121 1122 -0.7542788109743516
1121 1155 -0.9631741928121812
1122 1157 1.8653982602881145
1122 1123 0.7728203075397725
1123 1158 0.8751881183385095
1123 1124 -0.002287341764708928
1124 1159 -0.429665518465824
1124 1125 0.9587455469791426
1125 1160 -0.29556393919426865
1125 1126 0.9356963149288122
1126 1161 0.21157907261561426
1126 1127 -0.7349487656550859
1127 1162 -0.7438949726658746
1127 1128 0.9333134248253309
1128 1163 -0.22936723694689504
1128 1129 1.430945217313269
1129 1164 -0.410489601934631
1129 1130 1.665961146835597
1130 1165 -0.37389161046422387
1130 1131 -0.43951038337949533
1131 1166 -1.5801901478491336
1131 1132 -0.6087960155015528
1132 1167 1.014879442973543
1132 1133 -0.961285644386446
1133 1168 0.4567579986928787
1133 1134 -1.2604308563990387
1134 1169 0.9711452796450245
1134 1135 -1.6929445770451697
1135 1170 1.8388048766787293
1135 1136 0.9211189092019577
1136 1171 -0.746870740828059
1136 1137 0.3152625968738937
1137 1172 0.03674177948763571
1137 1138 -0.897648089557025
1138 1173 -0.3698993525744522
1138 1139 -1.054318946650679
1139 1174 -0.41658837604520443
1139 1140 0.2117139412913294
1140 1175 -0.443931079682424
1140 1141 1.225411887096883
1141 1176 1.7671134616050743
1141 1142 -0.9079417899320779
1142 1177 0.1592656438548513
1142 1143 -0.7828281093005567
1143 1178 0.08450935446810984
1143 1144 -1.9253104160929386
1144 1179 -1.7505058647434648
1144 1145 -0.8443709823294145
1145 1180 0.54888076031478
1145 1146 1.150074587388762
1146 1181 0.033654858353387405
1146 1147 -0.9701079663339838
1147 1182 -0.6202760060415958
1147 1148 1.0019169565470902
1148 1183 0.28786524376615813
1148 1149 -0.6447466839859342
1149 1184 1.1188507586421428
1149 1150 -0.7156060198897536
1150 1185 1.472496612524771
1150 1151 0.7647594539610534
1151 1186 2.297796453166561
1151 1152 0.3556112124368388
1152 1187 -2.2425235427854098
1152 1153 1.1153259308293504
1153 1188 0.041260644909018714
1153 1154 0.34168827646212085
1154 1189 0.41856642288844503
1154 1155 0.345922392416836
1155 1190 -1.2835678025567203
1156 1157 -0.709200238857764
1156 1190 -0.7969756889365921
1157 1158 2.0568635415783865
1158 1159 -0.3760528108800527
1159 1160 -0.8532217288476959
1160 1161 1.0409297914985989
1161 1162 0.051747905880274926
1162 1163 0.7522292991167766
1163 1164 -1.5894164816294607
1164 1165 0.8735906215510302
1165 1166 1.205255374868857
1166 1167 -0.7075763777858768
1167 1168 -0.004363346123640639
1168 1169 0.16381357526699594
1169 1170 -1.5798827825857316
1170 1171 -0.25456813409053464
1171 1172 -0.14863810562529434
1172 1173 1.831950080774271
1173 1174 -1.4439292324100523
1174 1175 0.7956734581181605
1175 1176 -0.4815903845987872
1176 1177 -0.9115238517976199
1177 1178 -0.15357546822192455
1178 1179 1.3777741726798078
1179 1180 -0.5045746627486222
1180 1181 -0.8744068340986577
1181 1182 0.15470970006583984
1182 1183 -1.7507428931911961
1183 1184 0.5190943936368158
1184 1185 -0.577252454515478
1185 1186 -1.7660109372342716
1186 1187 0.6221750600724044
1187 1188 -0.44595773042806663
1188 1189 -0.7336330267538775
1189 1190 -1.9544363566566447
