1225 2450
1 36 0.8887565366920545
1 1191 -0.2948147515771635
1 2 0.2717697017393716
1 35 -0.3183054491485652
36 71 0.12571912726131984
36 37 -0.36862718239416337
36 70 1.3528866238555524
1191 1156 1.4397682968167131
1191 1192 -0.0009757218933231269
1191 1225 -0.8780310479942847
2 37 -2.151495105997966
2 1192 -1.7860971419444254
2 3 1.4314675835196256
35 34 0.8528648445207044
35 70 -0.12617145187326714
35 1225 -1.3871498585047657
37 72 0.30068520209614524
37 38 -0.30348649647563586
1192 1157 -0.10683137416353677
1192 1193 1.1968213664982112
3 38 -0.3904207996847018
3 1193 -0.9190929736862813
3 4 0.2238646996742544
38 73 0.6391134085884288
38 39 0.04867599106608299
1193 1158 -0.3205989085855493
1193 1194 1.6426144474798299
4 39 -1.1325573618196967
4 1194 -1.9769529859567243
4 5 2.016720526453563
39 74 1.1138295249127097
39 40 0.6490475775455136
1194 1159 -0.2849326947149494
1194 1195 1.8906103304146968
5 40 -0.08620133010573158
5 1195 -0.28881286300970593
5 6 0.08410393592007674
40 75 -0.7343291641104118
40 41 0.7129362120613572
1195 1160 -1.8292095734668805
1195 1196 -0.14346555439315867
6 41 0.8761685386647198
6 1196 0.7332987400771804
6 7 -1.7415899600765932
41 76 -0.09719087789450953
41 42 0.6807242863997199
1196 1161 -1.1866441063777633
1196 1197 -0.24285781338211607
7 42 0.20231828287455553
7 1197 -0.059962929994449375
7 8 0.06467592175594414
42 77 1.5558477900235332
42 43 -0.23612879127160352
1197 1162 -0.49656414722383574
1197 1198 0.019587716641787926
8 43 0.05306315546738949
8 1198 -0.6128633479593943
8 9 2.3847909839957837
43 78 -0.4179061846272258
43 44 2.4101037882949545
1198 1163 0.09481918632187215
1198 1199 -0.07723942701756727
9 44 -0.15913027481305547
9 1199 -0.1534067031059055
9 10 0.33282833167945036
44 79 0.8927024301718017
44 45 0.12218651176447318
1199 1164 0.25122041838261183
1199 1200 0.7169524104536424
10 45 1.1347393589888877
10 1200 0.19441145637543356
10 11 1.337884577363254
45 80 -1.0605967954400572
45 46 1.0047265358388142
1200 1165 -0.037027599155853456
1200 1201 0.531849852148823
11 46 0.13801297062847784
11 1201 1.329893723505904
11 12 1.7466065703646372
46 81 -0.19566678727023254
46 47 -0.9957071531468213
1201 1166 1.4735276767363144
1201 1202 1.3919422421162704
12 47 -0.5566601095331102
12 1202 -2.101564856930904
12 13 0.28218887688850525
47 82 -0.017296306064047782
47 48 0.41572896987331776
1202 1167 0.7177749336768656
1202 1203 0.7708231789043428
13 48 -0.44217089184535163
13 1203 1.295993834373411
13 14 -0.21205001368103327
48 83 0.06744836009265166
48 49 0.43515752425653803
1203 1168 -0.6532376429633192
1203 1204 -0.3762170886961163
14 49 -0.5321361867802833
14 1204 -0.9725626998877676
14 15 3.439905933663034
49 84 -0.036300970388027445
49 50 -0.72466812632145
1204 1169 0.5231673328091483
1204 1205 1.1035458985741629
15 50 -1.252917162397984
15 1205 -0.14927203727343416
15 16 0.29273206646121847
50 85 0.10395080581821194
50 51 1.3242248502626535
1205 1170 1.9023076382749908
1205 1206 0.4672553726988814
16 51 0.41837017700169177
16 1206 1.6239498902135179
16 17 0.4311434191734594
51 86 -0.36375124686539484
51 52 0.035094390875217846
1206 1171 -0.7061654917579215
1206 1207 0.48218067197715453
17 52 0.9029078600098306
17 1207 0.30358091225401207
17 18 -0.2747430085103428
52 87 1.4841567162586304
52 53 -0.7347062098122801
1207 1172 0.0905374368648284
1207 1208 0.8008096520456336
18 53 -0.19244270959679247
18 1208 -1.8594168189074802
18 19 0.45272691905827506
53 88 0.6802450442308516
53 54 -1.2231994467760376
1208 1173 0.01340098924645326
1208 1209 -0.04921958132403095
19 54 1.7008140426237772
19 1209 -0.7287693608882797
19 20 0.20254314559707992
54 89 0.4049073171735218
54 55 0.7032377901628676
1209 1174 0.16923607088807335
1209 1210 -0.3403954520442623
20 55 -0.9571693414294359
20 1210 -1.5295856141819173
20 21 -1.7305984617822654
55 90 -0.13807301784609124
55 56 1.4258585932654297
1210 1175 -0.40573849647897164
1210 1211 1.0063663687610866
21 56 0.6736279917131376
21 1211 -1.4727294836444231
21 22 1.0631252858048919
56 91 0.18945984064335608
56 57 -0.631020319463136
1211 1176 2.5797009140246936
1211 1212 0.1009193357656908
22 57 1.759364791236776
22 1212 0.48088987108223874
22 23 1.3521620647812838
57 92 0.04653023460387911
57 58 -0.2892430908089983
1212 1177 -1.2155953084763846
1212 1213 0.7595333925951527
23 58 0.15091143159747578
23 1213 0.879948445727048
23 24 -0.07840015956343171
58 93 0.1343222020267173
58 59 2.5198790622072926
1213 1178 -1.2473825170922281
1213 1214 -1.0098780266653224
24 59 0.7260996634495693
24 1214 0.9944877363260279
24 25 0.654877759926579
59 94 0.7456326007839816
59 60 0.45982459047929336
1214 1179 1.4274811085068386
1214 1215 -0.3127836286730217
25 60 -0.32851033097332394
25 1215 -0.5907465867818329
25 26 -0.4745053614018916
60 95 -0.9448451899399847
60 61 -1.433899538712292
1215 1180 -0.6700307088469336
1215 1216 0.1947005517455246
26 61 -0.1488549425466481
26 1216 0.26583462044305356
26 27 0.7315932156600938
61 96 0.17437113916944874
61 62 -0.05316713726087837
1216 1181 -1.9809657093894584
1216 1217 0.5448130902162241
27 62 -1.4837678996927282
27 1217 0.8470296768046083
27 28 -0.12858335740667587
62 97 2.2247324771814743
62 63 -1.3785090819782022
1217 1182 0.044164668427289284
1217 1218 -0.32222578133204827
28 63 -0.3843097130506543
28 1218 -0.3216427922125853
28 29 -0.7179763849179175
63 98 -0.24241594762250188
63 64 1.495651044163757
1218 1183 -0.9164131632505146
1218 1219 -0.041947171494683015
29 64 0.8841867822186719
29 1219 0.7057288191273562
29 30 -0.28946560940892785
64 99 -1.2935063927621129
64 65 -1.2886366376832559
1219 1184 -0.7298562237253546
1219 1220 0.054292013030241955
30 65 -0.7336301727890558
30 1220 -1.0526127625752084
30 31 -0.07284132067706013
65 100 0.23973038132335786
65 66 0.670181960254801
1220 1185 0.1883887671824333
1220 1221 0.927723793420648
31 66 1.393349921071906
31 1221 -0.40435580190416914
31 32 -0.33451146878493043
66 101 1.3059694026503077
66 67 -0.7723368930280958
1221 1186 -1.3198401458972857
1221 1222 0.708185298958896
32 67 0.19958113821842305
32 1222 0.2804207087601351
32 33 0.4912093037411984
67 102 1.0595672882761882
67 68 1.0149180390416195
1222 1187 0.2740920326114623
1222 1223 0.3833044026297954
33 68 -0.2114650078251594
33 1223 -0.9193650883473067
33 34 -0.46257106815142207
68 103 0.09962364843776839
68 69 -0.8488341732093532
1223 1188 2.2378843433756717
1223 1224 -0.4040515869774108
34 69 0.015315667653702625
34 1224 0.041839662433291895
69 104 0.7751922343805551
69 70 -0.3795268627148984
1224 1189 0.23343631772943343
1224 1225 1.256584761043739
70 105 0.7334483570291078
1225 1190 -0.5875056436279407
71 106 1.216632604501934
71 72 -0.02234415620640697
71 105 2.742364155687621
72 107 -0.6880218220456189
72 73 1.013768527564413
73 108 0.09527497523956353
73 74 0.9465786861282774
74 109 0.6322155894381768
74 75 1.4674621607359533
75 110 0.7320654833896435
75 76 0.37785445912558785
76 111 -0.6123198087895609
76 77 0.9507661377998142
77 112 1.7545356312029274
77 78 -1.7130092135253154
78 113 0.6299246728608958
78 79 -1.326231289874353
79 114 -2.4899102595081564
79 80 -0.8710923977152103
80 115 -0.07031872726734426
80 81 1.9160603265884766
81 116 1.3604086531864852
81 82 0.09449867322387838
82 117 -2.0616435702201885
82 83 -0.45694708280607105
83 118 -0.433418354815418
83 84 1.5356953602118364
84 119 0.5823370956249385
84 85 0.2903132902100751
85 120 -1.1745353164424994
85 86 0.5148601176023632
86 121 0.7574826677637843
86 87 0.9106377441441125
87 122 1.1627074187240432
87 88 -0.28550402903624506
88 123 0.1927030420147732
88 89 0.248279190029381
89 124 1.3975238132878234
89 90 0.5554088656199713
90 125 0.9295574684792245
90 91 -0.754510658365239
91 126 1.5804748584478907
91 92 0.48058085264111083
92 127 0.6209397356576246
92 93 0.09829182657559221
93 128 -1.074198133929873
93 94 -0.05071990319200131
94 129 1.3007065906758954
94 95 -0.3392335643977111
95 130 1.4857237973444877
95 96 0.5170830196625401
96 131 -1.5387440193726358
96 97 1.0122346887594005
97 132 -0.0675743941307196
97 98 -0.16812500896297736
98 133 -0.2614951372295876
98 99 -0.4992004599201122
99 134 1.6358050913893047
99 100 0.5819548465613421
100 135 1.2936981058160388
100 101 -0.043492754509926665
101 136 -0.7144089116638542
101 102 0.38228638490197975
102 137 -1.9816618843934677
102 103 -1.0215379627203698
103 138 -0.31410420128748645
103 104 -1.395998506780914
104 139 -0.3341924606438178
104 105 -0.1387757593407462
105 140 -0.037507682293664975
106 141 -1.5315020950877836
106 107 -0.9977326101069358
106 140 -0.9479142560098175
107 142 0.16756343929913758
107 108 0.10844216573159314
108 143 -0.29485810235917265
108 109 -0.31855516004719686
109 144 -0.5050669099257222
109 110 0.06661313717390702
110 145 -0.554325284888364
110 111 1.67353135012457
111 146 -0.33402298066995356
111 112 0.5291487148042894
112 147 1.779863813824565
112 113 -0.6149533561137783
113 148 -2.7550676873199005
113 114 0.4002440258077326
114 149 -1.0254408884567687
114 115 -1.032018102329862
115 150 0.13979834525053358
115 116 1.6021781541015163
116 151 -0.731253750780004
116 117 1.1881915300792658
117 152 0.6907532564439997
117 118 -0.04207320818645219
118 153 0.2641389509562286
118 119 1.2552969998289767
119 154 0.13234753631180618
119 120 1.141966399408974
120 155 -1.1637173373788046
120 121 -0.83122544344377
121 156 -0.7212104935766523
121 122 0.2354913683111602
122 157 -0.8208005136695631
122 123 1.3707289905505633
123 158 -0.44522364893071814
123 124 -0.8471131856152511
124 159 1.2635466946257945
124 125 -1.162480148740289
125 160 -1.0360131903527585
125 126 -1.0344588924179003
126 161 1.5207336030866603
126 127 0.7082684229801686
127 162 0.21991143372386052
127 128 -0.36231412062218726
128 163 0.18077106481504915
128 129 -0.02727157966863888
129 164 1.1505559592333188
129 130 -1.0422707465407124
130 165 1.3782926319233963
130 131 -1.6565200317746822
131 166 -0.978336467067698
131 132 0.41867081906263115
132 167 -1.587030170700237
132 133 1.801819674858452
133 168 -3.1238034889030386
133 134 0.09604189109463548
134 169 -1.360864906747563
134 135 0.4299868483675207
135 170 -1.2403914248455423
135 136 -0.862159250608319
136 171 0.015007139791167294
136 137 0.22268055732025713
137 172 -1.647649034810305
137 138 -0.805002028700255
138 173 -0.19726375517096567
138 139 -0.6397755619990728
139 174 1.9141635595649524
139 140 0.2939857387969653
140 175 -0.35725791964365866
141 176 -0.984330915686518
141 142 0.09719033657645856
141 175 0.03471297019642072
142 177 -0.26938882024398875
142 143 1.107603618687865
143 178 0.353502059367272
143 144 1.0570928434963451
144 179 1.104526362513067
144 145 -0.4817815572273032
145 180 -0.9973279845960838
145 146 1.0349994744640099
146 181 0.7509732301293647
146 147 -3.1833805928623424
147 182 0.8409078868336404
147 148 0.6517529151204698
148 183 0.5149615319268388
148 149 0.8097357825622522
149 184 -0.2444487717442393
149 150 0.26255338688971563
150 185 0.849525460282401
150 151 0.4806791864655473
151 186 0.22972595322937708
151 152 0.5981924732070653
152 187 -0.48872788224135605
152 153 -0.7116624305827673
153 188 0.3984857277349625
153 154 0.05636918932144545
154 189 -0.13313414207678725
154 155 0.39822910273856504
155 190 -0.7944746658445517
155 156 1.20928703468699
156 191 -0.6964576465572515
156 157 0.550897340622893
157 192 -1.1947393872051657
157 158 0.171281480976423
158 193 -0.16037094724202325
158 159 -0.056398453352754674
159 194 -0.0073871965772195
159 160 -0.32708795410214436
160 195 -0.4936364593407683
160 161 -0.23020424437573375
161 196 0.10683785779033547
161 162 -0.8233631126185972
162 197 -1.3048838585665363
162 163 1.56661200523712
163 198 0.5639997340949053
163 164 0.1474568966573324
164 199 0.4638606912721002
164 165 -2.451000049689904
165 200 0.00230814605839614
165 166 0.20770168335906658
166 201 1.8135957836089864
166 167 -0.9944971479009058
167 202 -0.48469174305387547
167 168 1.050009562437983
168 203 -0.17513918823615307
168 169 -0.0338895070835141
169 204 0.42967412178197006
169 170 -0.25118602833416703
170 205 -1.3274838954814863
170 171 -1.0974763313638247
171 206 -0.24580821910976142
171 172 0.5280499017154717
172 207 0.43741980820720844
172 173 1.6008227945019127
173 208 0.7339834962250245
173 174 -0.20380510497930002
174 209 -0.20058164275695342
174 175 1.0930319747256603
175 210 1.4196404191002263
176 211 0.2954068522296949
176 177 -0.6317717218241147
176 210 0.11304746463856302
177 212 0.9222927674978637
177 178 -0.3215438914389364
178 213 -0.010478206278101193
178 179 -0.280473355760484
179 214 -1.3657478785537458
179 180 -0.388776905384241
180 215 0.9261301263324679
180 181 0.769886828135258
181 216 0.49672287482764316
181 182 -1.170646887793007
182 217 -0.22590753093281873
182 183 -0.13956873499320177
183 218 0.3370917706606319
183 184 -1.1885765691683063
184 219 -1.5204487204711572
184 185 -0.11408064981590321
185 220 -0.7368265967045388
185 186 0.698748412201609
186 221 -1.1902190302310394
186 187 -0.7984195998825496
187 222 0.038664786865051703
187 188 1.2332859346003213
188 223 0.7641869285074596
188 189 -0.9421091208442347
189 224 -1.1021872879761965
189 190 0.30323745343436365
190 225 0.6800340738798023
190 191 0.4245029465195939
191 226 0.4880454156389147
191 192 1.4902743352197783
192 227 1.8533231313685232
192 193 0.1872378108858309
193 228 3.3829525502129583
193 194 -0.4980018793209127
194 229 0.3790751576294206
194 195 1.4939995077513997
195 230 -0.7074337742554405
195 196 -0.8000302676011986
196 231 -0.020314885791382367
196 197 -0.3704474624621738
197 232 -0.9734733629449797
197 198 -0.8735435366505274
198 233 1.0968752038960532
198 199 0.5114928658830977
199 234 1.3480658041465674
199 200 -1.0280086557004016
200 235 -1.0965717164234365
200 201 -0.45175895696104174
201 236 -0.34050611663230496
201 202 1.2353754560995889
202 237 -0.38493897334092897
202 203 0.3046727317152568
203 238 1.0808331298496947
203 204 -1.4858883741240765
204 239 -0.13009464999620138
204 205 -0.5563162964574172
205 240 1.0942193138600393
205 206 -0.9309678128322434
206 241 1.5477428990865338
206 207 1.0831272071433253
207 242 1.3730391539402391
207 208 -0.8583396541848438
208 243 0.5893475885038041
208 209 0.7360019941518139
209 244 1.8415924113286857
209 210 0.5259252359249131
210 245 -0.3343460905617585
211 246 -1.5117922889431497
211 212 0.8983482568063087
211 245 -0.8378455139530562
212 247 1.855808714873323
212 213 -1.3879262498296876
213 248 0.10058277138414398
213 214 1.7027995715719888
214 249 -0.8063853941347684
214 215 -0.7709264096413316
215 250 1.8590084635015278
215 216 0.3088419332967332
216 251 1.1193278264775628
216 217 -1.8189781400541591
217 252 1.0444727898186055
217 218 -0.606288495688722
218 253 1.5077528462315979
218 219 -0.7565981763150461
219 254 0.023724134625043497
219 220 1.4182729583531068
220 255 -0.46655067402196054
220 221 1.9169861578126595
221 256 0.2572710043363439
221 222 -0.7252539714785333
222 257 0.10862933801271962
222 223 0.9559246540943668
223 258 0.38395203220212015
223 224 -0.30640578755953085
224 259 -1.5318049694233453
224 225 -0.6235505157350785
225 260 -0.3601390431678722
225 226 0.8538023245760035
226 261 0.6785595790873518
226 227 -0.46909839450639124
227 262 -0.5693344455497835
227 228 -0.6200823717590529
228 263 -0.7118870156708332
228 229 -0.3062812907627387
229 264 1.2391055147081247
229 230 -0.7218523019419254
230 265 0.41748432031456056
230 231 -0.2118350335186713
231 266 -0.38921654236731446
231 232 -0.6999608021106861
232 267 -1.4855799250750825
232 233 0.8003695802440005
233 268 0.1194942417745504
233 234 0.04544498614747717
234 269 1.4228682215125377
234 235 -1.4828177726948075
235 270 0.13038312335871388
235 236 0.01173603623668374
236 271 -0.42008908803158823
236 237 -0.43172728229147106
237 272 0.22701917000076538
237 238 -2.792798923478196
238 273 -0.6170091724307182
238 239 -1.046563201342026
239 274 0.4216900802628813
239 240 0.9674815264196418
240 275 0.8440845940435765
240 241 1.3289189598512063
241 276 0.5260822396283262
241 242 -0.0005387964946602856
242 277 0.3968670662516598
242 243 -0.952240681977207
243 278 -0.3217435501533559
243 244 1.1142667341424404
244 279 -0.7332922915766082
244 245 -0.7576079746960237
245 280 -2.170072116486079
246 281 -0.7739277709341106
246 247 1.3665378051827306
246 280 0.6378004471572238
247 282 -0.43117694775378684
247 248 -0.8864896335389112
248 283 1.0387309521473336
248 249 -0.5160081649986403
249 284 0.8074008120428126
249 250 -0.5473169133953225
250 285 -0.22104791388001557
250 251 0.7006726908826842
251 286 -0.5149669794661046
251 252 -0.20818291714602732
252 287 -2.090409594004304
252 253 -0.34885511934553853
253 288 -0.20894401508170937
253 254 -1.9656913978515358
254 289 -0.08864931584024252
254 255 0.37699905911461795
255 290 0.8245776573760886
255 256 1.4281941593297787
256 291 0.031347109249683015
256 257 0.3736681244586346
257 292 1.0407566855071426
257 258 -1.4047073590734014
258 293 -1.2179349078807669
258 259 0.11327257698393714
259 294 -0.17654732731347283
259 260 1.7580577227310112
260 295 1.1628263510133154
260 261 0.25769093581953195
261 296 0.2556438633453101
261 262 -1.3368474868489306
262 297 0.2296817329333309
262 263 -1.2824123280899502
263 298 -0.12208446481506055
263 264 -0.7926448880960498
264 299 -0.2675701416826342
264 265 1.551279827865461
265 300 1.0701506298669368
265 266 2.185760905217694
266 301 1.1941269695584995
266 267 -1.0227106968438044
267 302 0.18653080278037076
267 268 0.2508451775858739
268 303 -0.7709759459978692
268 269 0.6966846893691256
269 304 0.0886148048617093
269 270 0.4206194568849684
270 305 -0.09481954906329441
270 271 0.13078323517943416
271 306 0.37096861848212687
271 272 0.7941699017843543
272 307 -1.0886668798699939
272 273 0.789297902144088
273 308 0.17627357300251667
273 274 -2.059992351944484
274 309 0.0029275491481686733
274 275 -0.9838601233330193
275 310 1.0233660664693747
275 276 -0.11041657897941874
276 311 -1.254826459025635
276 277 -0.3988002284060754
277 312 1.8151666361690966
277 278 1.5251879327201379
278 313 1.5701994174258438
278 279 -0.023109025825916334
279 314 1.2952011265133647
279 280 -0.7146432589708651
280 315 1.6946629446540467
281 316 0.17274289472397128
281 282 1.2140309711020774
281 315 1.7918057402344671
282 317 0.6512007074500223
282 283 -1.6148321386163431
283 318 2.6790325250766225
283 284 0.7280751498500272
284 319 0.2646153796295485
284 285 -0.9613273629821039
285 320 0.12444019860299557
285 286 0.5844205804798834
286 321 -0.007711141581096929
286 287 -1.3374623825131269
287 322 -1.510624846709921
287 288 -0.2790956918235667
288 323 -2.2434916033845025
288 289 -0.17915659680961352
289 324 0.4955748645795976
289 290 1.2448748841977855
290 325 -0.9286189764593398
290 291 0.8227635932662376
291 326 -0.650322052812651
291 292 0.04586674864487727
292 327 1.4153272700150916
292 293 -0.6960274672685427
293 328 1.5856821079010415
293 294 -0.923664027127448
294 329 -1.619110728502813
294 295 1.0965677333649162
295 330 -0.8282993512981089
295 296 -0.22420255031874864
296 331 0.6951994259232316
296 297 -2.3092437438908466
297 332 0.8851171443040197
297 298 -0.067458982107836
298 333 -0.7478147862898692
298 299 -1.9387722679275157
299 334 -0.4111890064949934
299 300 -0.19156784422297476
300 335 1.5185616320723265
300 301 0.3092708829633989
301 336 -0.9248829122057006
301 302 -0.0718520444650954
302 337 -0.8768998313709945
302 303 1.008755269382983
303 338 0.007600223407493941
303 304 -0.5210971339367775
304 339 0.027175439647988436
304 305 0.6023869322937367
305 340 -0.9472354309418907
305 306 -0.062102585662021544
306 341 -0.3036723608759596
306 307 0.05320981774382904
307 342 0.8680736865011305
307 308 0.28766408435905044
308 343 1.740735424061952
308 309 -0.28776826306170766
309 344 -1.1210972848148926
309 310 0.7330560855138579
310 345 1.379410052517239
310 311 -0.34203531243596613
311 346 -0.457023760214721
311 312 0.1746232666663187
312 347 -1.2209804702219995
312 313 -0.523494251518567
313 348 0.23560377091653475
313 314 0.9058326920970193
314 349 -0.08551862520348653
314 315 -1.3424705386298952
315 350 0.01790077099492528
316 351 0.5914546511091674
316 317 0.415186534908014
316 350 -0.633417795805498
317 352 0.5544761053221335
317 318 -0.02171323609553438
318 353 1.3082219095330487
318 319 2.1307704788884965
319 354 -0.3770499180218438
319 320 -0.40132235895127805
320 355 1.5327759074434935
320 321 0.06408757031495192
321 356 -1.0336040431701536
321 322 0.6338413197371248
322 357 -1.0469580145408866
322 323 -1.1274829596858558
323 358 1.72552222904195
323 324 2.297843574308215
324 359 1.3796629618813971
324 325 -1.345209624979851
325 360 0.6167318506175781
325 326 -1.742075046300638
326 361 1.3664924695537817
326 327 -0.6393870047108459
327 362 0.30450549982007974
327 328 0.5087409869618942
328 363 -1.4934551655290647
328 329 2.3197827765929424
329 364 0.9262922572476138
329 330 -0.5130808150608843
330 365 0.4567017514686399
330 331 -0.04807755842180307
331 366 -0.8661573466756199
331 332 1.0925948436861033
332 367 0.8157004784084215
332 333 0.5881078023303077
333 368 -0.838068171177856
333 334 0.2648401566457619
334 369 -1.1163901525130258
334 335 2.475314048550289
335 370 -1.1802896032424495
335 336 -0.9463173725418064
336 371 1.65638303217346
336 337 -0.2153630168756772
337 372 -1.1655041477903096
337 338 0.05545633616691916
338 373 0.0028109790353377014
338 339 -0.21017305974736056
339 374 0.5231799126314408
339 340 1.7462008807815332
340 375 1.4012594384863886
340 341 -0.5324831593767377
341 376 -0.9853177131593873
341 342 0.20377747911388122
342 377 -0.14212946014045025
342 343 0.6923187286463276
343 378 0.6840383733721956
343 344 0.2320307683259251
344 379 -0.014887037469905665
344 345 0.9341996937574589
345 380 -1.0479315739844313
345 346 0.8270921860852263
346 381 -0.10372775167486117
346 347 0.5604802093383949
347 382 1.2251951561937922
347 348 0.6351566453834259
348 383 0.3016287603621482
348 349 -0.05430328332035864
349 384 0.6553828950303245
349 350 0.5932327842366607
350 385 -0.27273846862240725
351 386 0.0003794945220171847
351 352 -0.24986116329032967
351 385 -1.092635258498247
352 387 0.7381738271981929
352 353 1.1938598533337172
353 388 -2.603887132483653
353 354 1.6022892232706674
354 389 0.08573101628794344
354 355 -0.37444044218588035
355 390 -0.719984662466114
355 356 -0.2798106609175806
356 391 0.7670463919143563
356 357 0.7173948675787948
357 392 -0.2687180966684386
357 358 0.4360451904106731
358 393 0.432720488909146
358 359 -1.2857447135959568
359 394 -1.357710725272523
359 360 0.7808781878489135
360 395 -1.5804660508640316
360 361 0.8166258906682822
361 396 0.36897846558052994
361 362 0.857375815935254
362 397 0.2541400612915999
362 363 -0.05719404134371522
363 398 -0.6213572740979709
363 364 1.1106503872276337
364 399 0.1046356721008359
364 365 1.0081735872150903
365 400 1.1566544694545646
365 366 -1.573543283000808
366 401 -0.5247259007606996
366 367 -0.20921218033640845
367 402 0.04601987430650345
367 368 0.8930766778084386
368 403 0.8413996822544462
368 369 2.3892932739127333
369 404 -0.39083153056901554
369 370 -0.7539378044614965
370 405 -1.837823982942095
370 371 -0.3302888641349356
371 406 0.39565649465818226
371 372 0.589243402662155
372 407 -0.24225516866917987
372 373 -1.6167091926817911
373 408 1.0179461408320372
373 374 -0.20887617413290924
374 409 0.15930974501625403
374 375 -0.06352192252896675
375 410 0.5505973321611559
375 376 0.3458357639655032
376 411 -0.8367052948785261
376 377 1.3461848637372038
377 412 0.27021012079475937
377 378 -1.0870174120518878
378 413 0.12150919273555583
378 379 0.327325656389239
379 414 -0.29310122055329824
379 380 -0.1450781969809932
380 415 1.1283543542327363
380 381 -1.0770429689465648
381 416 0.2614837753283678
381 382 0.358684620919775
382 417 -0.8410408132634545
382 383 0.8073150085897304
383 418 0.8372037507727442
383 384 -0.973531393449613
384 419 1.3125178248833724
384 385 -1.7356333225097307
385 420 -0.9098367430998742
386 421 -1.0445324800140332
386 387 -0.08024679113902841
386 420 -0.7113702254989844
387 422 0.5288288476651156
387 388 -2.0487696002704534
388 423 2.2683577679660094
388 389 -0.4236081255555229
389 424 -1.322241247333895
389 390 -0.2892435848273683
390 425 0.2543832703684387
390 391 1.3519206283519114
391 426 -1.5433394161359237
391 392 1.3728082696612125
392 427 -0.24804693256790716
392 393 1.8765869944441016
393 428 1.0517087108647425
393 394 -0.568704567238348
394 429 -0.5019603824262641
394 395 0.9838107634463202
395 430 -1.0121827767180338
395 396 -1.4473267044629035
396 431 0.597397104755502
396 397 0.8640325372353347
397 432 0.13459334936825004
397 398 0.8242643124619885
398 433 1.2599508444686727
398 399 0.5186571525886492
399 434 -0.21429755039333775
399 400 0.27545031829401384
400 435 1.918872221136926
400 401 0.3453889595246977
401 436 0.5846362579725759
401 402 0.01320606595605145
402 437 0.4459779734360811
402 403 -2.012789727268549
403 438 -1.8220581274134913
403 404 -2.509895117027295
404 439 1.1062754823722623
404 405 -0.9076354297537026
405 440 -0.8217215028128874
405 406 1.283719359773349
406 441 0.12766947832650347
406 407 -1.5134989890860957
407 442 -0.7919278406207874
407 408 0.8683573562722876
408 443 -1.980757520298783
408 409 0.7105105373378677
409 444 0.2839326206343738
409 410 0.31228628589498186
410 445 2.385610486557527
410 411 -1.5403004625426473
411 446 0.7792069964535451
411 412 -1.0653538204782602
412 447 -1.020163483052717
412 413 -0.022439418562433047
413 448 1.3106452337712056
413 414 -0.4900572472399236
414 449 -1.0484839459763304
414 415 0.6733783965678798
415 450 0.6438381058649733
415 416 -0.23726685833327324
416 451 0.22713456403695112
416 417 -1.894535262537777
417 452 0.6036167752160925
417 418 -1.1581327699855894
418 453 -0.2729767934199207
418 419 -0.6229096001262372
419 454 -0.8827702166158136
419 420 -1.0137062207816327
420 455 0.4692646782211312
421 456 -0.3504411780602351
421 422 1.2860951676536108
421 455 -0.1010479578077336
422 457 0.4308992988895112
422 423 -0.5393881280648514
423 458 -2.146406946672369
423 424 0.22732872448678132
424 459 -0.9772607153417119
424 425 -2.2786203264013545
425 460 -2.1453126673055642
425 426 0.7275143249327618
426 461 1.2394836551761341
426 427 0.18296905945324468
427 462 1.8355145342641568
427 428 0.32645607611195354
428 463 -1.5811006882312972
428 429 -1.8081708848008442
429 464 -0.6941636082761758
429 430 0.33308348450844333
430 465 2.30784189551184
430 431 0.19196395589200263
431 466 -0.7829159471257469
431 432 0.9329393697553107
432 467 0.31615739795861203
432 433 0.9303582094971243
433 468 -0.981749751451028
433 434 -0.717968400528065
434 469 0.6000905766455673
434 435 -0.5397130837851476
435 470 0.9355909926499435
435 436 -1.0925181544799925
436 471 -0.34113909068658876
436 437 0.016808383561528115
437 472 -0.3706472566255934
437 438 0.4605432365826014
438 473 0.15300744796103521
438 439 0.9479032491082932
439 474 -0.06273247877812663
439 440 -0.3652737721465797
440 475 0.637363834836759
440 441 -1.0508743609300397
441 476 2.2337899057930564
441 442 0.4408533087415018
442 477 -0.38362415335456773
442 443 0.4240995672292357
443 478 -1.1927915805036837
443 444 -0.4757134307255064
444 479 -1.0523947022523228
444 445 -0.7653300986396108
445 480 0.3807462273057474
445 446 0.11677035614645986
446 481 -1.9615864327462487
446 447 0.9578450875807221
447 482 -0.45184604690572117
447 448 0.00689333831415595
448 483 -0.5674226894309714
448 449 0.088212113896203
449 484 -0.7272249624228841
449 450 1.477443045802814
450 485 -0.034936283129075124
450 451 1.57244105240663
451 486 0.0017408458158280269
451 452 0.9094594692142199
452 487 -1.2822262601196854
452 453 0.2355537749831416
453 488 0.47079421847105135
453 454 -0.6574743490295992
454 489 -0.43229096758457713
454 455 -1.6746066839378524
455 490 0.5685373708584466
456 491 2.230189769764997
456 457 0.5694676606087472
456 490 -0.012551412386398996
457 492 -1.1026435739768121
457 458 3.0936975723956133
458 493 0.34978527202204207
458 459 -0.18075232379785794
459 494 0.5949234243712904
459 460 -2.7277445264537445
460 495 0.20306131871387692
460 461 -1.4253545267359446
461 496 -1.02650420870539
461 462 -0.9679270029613881
462 497 0.48560672373193836
462 463 -1.4487263908107968
463 498 0.1897168364805673
463 464 -0.015873464384255333
464 499 -0.32179154717973035
464 465 1.6633887581968247
465 500 -0.8530346129374329
465 466 0.7819223270522331
466 501 -1.092043216469964
466 467 -0.5562544809840566
467 502 0.6530688457485024
467 468 1.1542633218777052
468 503 -0.024761373358942004
468 469 -0.42204999788773057
469 504 0.6340074336882427
469 470 -0.4890064992060686
470 505 0.5666966045514409
470 471 0.042920548767139126
471 506 0.8973365405612458
471 472 0.32428040033083777
472 507 0.34153425737653126
472 473 0.02347212763203014
473 508 0.5151195304753723
473 474 -0.10236788907614572
474 509 -1.2526255795934749
474 475 0.19374645595465909
475 510 -1.269509876646094
475 476 -0.28754367947372805
476 511 0.7718616018664652
476 477 1.7282344698898184
477 512 -0.55113717857911
477 478 -0.338080343538525
478 513 -1.6706494545526294
478 479 -1.027595111988739
479 514 -0.2594551407557538
479 480 -0.8584697090965172
480 515 0.5903686414793565
480 481 0.037412272281350384
481 516 2.73672069436754
481 482 0.48659085599533675
482 517 0.16597984265701232
482 483 0.2315879603185311
483 518 0.10592845772891729
483 484 0.3852255110170729
484 519 1.0943811420345608
484 485 0.550134221818254
485 520 1.0080829590776954
485 486 0.29000055933533364
486 521 0.1610243418318209
486 487 0.5024784493769199
487 522 -0.8524855352302029
487 488 0.0340259299504552
488 523 -0.6473820241302102
488 489 0.19619311084315458
489 524 0.1292160818443475
489 490 0.35710533300588937
490 525 0.3943620632852187
491 526 0.5954376113747043
491 492 0.5345669748657172
491 525 1.8602524559015274
492 527 0.8033090380572865
492 493 -0.33166108729331323
493 528 1.2774131811258194
493 494 0.743438593850252
494 529 0.4510159875271481
494 495 0.9277576969708129
495 530 1.021633740658259
495 496 -2.163244365383735
496 531 -0.3580068855085891
496 497 0.21108068178813952
497 532 -0.4765668750268285
497 498 1.4406311643437557
498 533 -0.7860193779744397
498 499 -0.5454202682427713
499 534 -1.9960205396978736
499 500 0.35546469185975793
500 535 -0.7772967106427932
500 501 -0.47240600658195553
501 536 -0.32663309648061767
501 502 -1.0792004462521614
502 537 0.8986862503165949
502 503 -1.1384839285562671
503 538 -1.1572191756869699
503 504 0.5580315682201636
504 539 0.3557521599056009
504 505 0.8806446276080608
505 540 0.7080440740284135
505 506 -0.971541717303493
506 541 -0.09938466974430081
506 507 0.5705529853579637
507 542 -0.9391645299027015
507 508 0.6818008456293753
508 543 0.9580529580437631
508 509 0.05057016414626572
509 544 -0.16549000349529608
509 510 -0.22464267150485337
510 545 1.7633802591608079
510 511 0.7497137824558483
511 546 -1.9663141337807937
511 512 -1.170840699382085
512 547 -0.06096967216257259
512 513 -0.5531456626503947
513 548 -1.0892530260910378
513 514 0.4084661049654547
514 549 -0.41285164322227813
514 515 -2.026029981554287
515 550 0.17119587892296903
515 516 -0.6705567713535807
516 551 -0.6095880996607328
516 517 -0.3804175480672173
517 552 -0.06694083831314782
517 518 0.0987254246462192
518 553 2.1418757368760275
518 519 0.9742527041880198
519 554 -1.2729894153828
519 520 -0.779820820904958
520 555 -0.18412136187613448
520 521 1.0654106828278973
521 556 -0.20048005208402486
521 522 -1.6359349736155637
522 557 0.06998378915970435
522 523 -1.0494665073902332
523 558 -0.13179936139576223
523 524 1.710009444103236
524 559 1.161826157849292
524 525 0.29049553629205876
525 560 0.059511831739016155
526 561 -0.9071702079144781
526 527 -1.060907195561926
526 560 0.25148987155350794
527 562 -0.6289947362074104
527 528 -0.34877068970826086
528 563 -0.058398363248654744
528 529 -0.20224204533244583
529 564 0.05492324355340968
529 530 -1.0592663351332192
530 565 0.5282797907897337
530 531 -1.1862420418153374
531 566 0.5142400778717053
531 532 -2.6510807734594004
532 567 0.8156302400188241
532 533 0.22174655125440407
533 568 2.0447573553954363
533 534 -2.4582604116269557
534 569 2.0614205417208393
534 535 -0.21815776503086381
535 570 2.538726311090179
535 536 1.6998790380246431
536 571 -1.541253038271066
536 537 -0.5194687794472236
537 572 0.629536547862696
537 538 -0.11888176679686925
538 573 -0.7036039680021515
538 539 1.2237119339799498
539 574 -2.237303215931721
539 540 0.011029475759822702
540 575 -1.5777162290690436
540 541 -0.32187608937620316
541 576 0.979745998040983
541 542 -0.4777080212724427
542 577 0.9077880739078878
542 543 0.8353564035788007
543 578 -0.2331288212636302
543 544 -0.4132517274811916
544 579 -0.5277332245131348
544 545 -0.1328225076750111
545 580 -0.7167760418467718
545 546 2.1969421574556067
546 581 0.7730100362954194
546 547 -0.2766977754715295
547 582 0.7183262104698975
547 548 -0.06088703832378591
548 583 -0.8485398245417122
548 549 0.29232272290372574
549 584 -1.8496343639548736
549 550 1.1285631643537777
550 585 -1.5280644616586054
550 551 -0.3885292735180685
551 586 1.4868397509752491
551 552 0.10937988002658926
552 587 0.5117741018482659
552 553 -0.1339860491695972
553 588 0.41179212218447236
553 554 0.15025451889688327
554 589 -0.33240786663831945
554 555 -0.08158205738237113
555 590 -1.3481360017330242
555 556 2.1292044562958905
556 591 1.1219600099816631
556 557 -0.8533715715403252
557 592 -0.04257389038274393
557 558 -3.053358817222966
558 593 0.6075102131943627
558 559 0.06079525307337472
559 594 -0.34463715469197653
559 560 -0.9387171436513647
560 595 1.893645976517898
561 596 -0.18176201162775552
561 562 -0.762060556771814
561 595 -0.6490852423056199
562 597 -0.44214743410323115
562 563 0.2803653112148699
563 598 -0.10706692628897059
563 564 1.2436285916182905
564 599 -0.30579019073370733
564 565 -0.5201951388692928
565 600 -0.10353597368527341
565 566 -0.4146042580574976
566 601 1.9218751435382346
566 567 1.7392510192309492
567 602 0.7352131772300916
567 568 -1.5359197644262217
568 603 -0.3055133050802064
568 569 0.18394134720131386
569 604 -1.3914794757189222
569 570 1.0659398871321673
570 605 -0.2839730272839792
570 571 0.9829649466649526
571 606 -0.572091955340307
571 572 0.6782881302802561
572 607 -1.660702191622778
572 573 1.235510603724065
573 608 -2.799765521158795
573 574 0.5389273927391636
574 609 -0.06013727563133718
574 575 -0.08011006878327016
575 610 0.9512691993277572
575 576 1.5344210266306355
576 611 -0.22618323625441566
576 577 0.15196774929758555
577 612 -0.3620548707801317
577 578 1.849176262492176
578 613 0.4229222803554838
578 579 -0.08115506054439893
579 614 -0.3465136141266743
579 580 -1.6823161747295081
580 615 0.6328391530686331
580 581 -0.371327501032544
581 616 -0.09933713265156759
581 582 0.7316376875290049
582 617 -1.1253358438570007
582 583 0.9808117682986369
583 618 -0.685566108248747
583 584 0.8940404183449113
584 619 -1.5563609989385119
584 585 -1.0083122238406663
585 620 0.9974338142137738
585 586 -1.078687510156962
586 621 -0.5318848296904913
586 587 0.22116645857738387
587 622 0.6297586373308286
587 588 -0.699808006244576
588 623 -0.1993572586887763
588 589 -0.16860833873082526
589 624 -0.4139771865511987
589 590 -0.4439061063773928
590 625 1.3264490406368108
590 591 0.5307795927402762
591 626 0.5020111629435773
591 592 -0.6185741498022168
592 627 -0.5045595934112159
592 593 1.8371277896410871
593 628 0.385980225125615
593 594 -1.4419471684983818
594 629 0.5118494245685996
594 595 -0.11188020047037071
595 630 0.5506964112817534
596 631 0.153370590295162
596 597 -0.12224518732159827
596 630 -1.119530592825836
597 632 0.26978955483679806
597 598 -0.4041480862265507
598 633 -0.5098890028498997
598 599 -0.24992722935114797
599 634 -1.1593193289853623
599 600 1.2716489744170019
600 635 1.4350868652059463
600 601 -0.9077319367905582
601 636 0.17054324995501166
601 602 1.1015708935821944
602 637 -0.29759171064329515
602 603 1.3178544383811839
603 638 0.6038828835572745
603 604 1.6965182424091103
604 639 -1.0698296150492568
604 605 0.8656126388768128
605 640 0.4362453165892947
605 606 -0.48300067305053757
606 641 0.3846559413023705
606 607 1.9622420235601328
607 642 0.11160204515755331
607 608 0.5382557211609885
608 643 0.2073933502390205
608 609 1.7083483467198461
609 644 -0.5850436591560513
609 610 0.9590036249436397
610 645 0.45132102965228693
610 611 0.6143082965982009
611 646 -2.350345201965339
611 612 0.0024146669663997365
612 647 0.10228121667765035
612 613 0.033659101594389715
613 648 1.4900004120771457
613 614 2.1595097925739504
614 649 -0.3644852218321933
614 615 0.6206939007566631
615 650 0.10966964436615236
615 616 -0.02624567512694601
616 651 -1.8161061566548438
616 617 -0.45444244657642824
617 652 0.5401550494123264
617 618 0.8346408243680657
618 653 0.7895085659995148
618 619 0.4035252010287093
619 654 -0.5168680495953866
619 620 -0.2780889571139694
620 655 1.3507312020639826
620 621 -0.46933658385693683
621 656 0.8639576743945007
621 622 -0.9127026529870398
622 657 1.3750398646045972
622 623 -1.3224108756252904
623 658 0.5224555308899138
623 624 -1.1110041237352344
624 659 -0.1831358545372876
624 625 -0.5301197055324627
625 660 0.5958664202193434
625 626 0.8927142415291813
626 661 -0.12633572061555834
626 627 1.0444365186120523
627 662 -0.4073995406277488
627 628 0.09092921557327235
628 663 -0.32539314964209504
628 629 -0.2743801110462972
629 664 0.030570476269654003
629 630 0.7737253978124979
630 665 -1.5414508007868901
631 666 1.3871083108591018
631 632 0.3222356357297937
631 665 -1.145976999673645
632 667 1.9495947408413141
632 633 -0.1455483628343773
633 668 0.5472799978254265
633 634 -0.3713170916576793
634 669 -1.8343109508254334
634 635 -0.14194705598419963
635 670 -0.45423098237566345
635 636 -1.9121053310394494
636 671 0.5614007107755693
636 637 0.999558798167944
637 672 -0.9921935801207826
637 638 1.0664203864869097
638 673 1.5136783573219044
638 639 1.459442985101382
639 674 -0.5364913599442797
639 640 0.03855198394217507
640 675 0.4851912390575411
640 641 0.5072299435657788
641 676 1.2615940902988665
641 642 0.39269837643412747
642 677 0.2683326635887776
642 643 -0.7646783103512995
643 678 0.4496313635823629
643 644 1.0004198032943463
644 679 0.6902701775218627
644 645 0.5114700454872458
645 680 0.19916872459803753
645 646 -1.3210807561479119
646 681 1.1425736898198136
646 647 0.18590607591174946
647 682 -0.5762956269667303
647 648 2.2432682790424954
648 683 0.44027902119722007
648 649 0.0415658825513729
649 684 2.0205121023052834
649 650 -0.2742750144414508
650 685 0.6989779970026917
650 651 -0.09375349988628283
651 686 -1.5810467431497948
651 652 0.2719229629472463
652 687 -0.5698085187992066
652 653 -0.971692051454572
653 688 -2.0055947815711495
653 654 -0.19906731148076176
654 689 -0.20487314840408077
654 655 0.15982195904486482
655 690 0.48082265360153537
655 656 0.44695689401207317
656 691 -0.8846507867049032
656 657 -0.7932536064863124
657 692 0.34344808504642554
657 658 1.3651122813013064
658 693 -1.1966618997822478
658 659 0.6498964411467885
659 694 -0.0551324174730463
659 660 1.209013706550335
660 695 1.251143001813184
660 661 1.1842142947449819
661 696 -0.8246696857831477
661 662 -3.018740767895955
662 697 1.643327998677491
662 663 -0.417720190995425
663 698 -0.7733205985736502
663 664 0.1998867784777627
664 699 0.18529756905771486
664 665 1.2457630727124582
665 700 -0.08143890837417711
666 701 -1.4428714642334066
666 667 0.8278156103665887
666 700 0.7914639565063507
667 702 0.8194500155049083
667 668 -0.09042473101134724
668 703 -1.1836339625992678
668 669 0.906157120519161
669 704 -0.46968830693805236
669 670 -0.37639847255332237
670 705 -1.075219312203714
670 671 -0.8637864004663741
671 706 -0.9075066599033322
671 672 -0.9619999297508246
672 707 -0.2896555902698538
672 673 0.041495522077691825
673 708 0.007636639034344693
673 674 -0.09794757439088608
674 709 0.11720574245315821
674 675 0.4562614971393889
675 710 0.19125242415278357
675 676 -1.1071716458962224
676 711 0.5293280822394638
676 677 0.6502269138502882
677 712 0.30571917353986794
677 678 -0.7515963671233552
678 713 -0.06430819476440272
678 679 -0.8092525118700394
679 714 0.04453451653749771
679 680 2.223222189145701
680 715 0.14781002792698025
680 681 -0.9688970211446915
681 716 -0.5786682741588871
681 682 2.081245422743149
682 717 -0.6384889913766861
682 683 -0.11346764680157488
683 718 0.314855741126491
683 684 0.5045240545760012
684 719 -0.8024047318823764
684 685 -2.095696990062831
685 720 -0.5967948589236369
685 686 -0.02320831428013457
686 721 -0.8368413462884244
686 687 -0.6822421046707915
687 722 -0.6124608477069055
687 688 -0.4073554833251465
688 723 -0.3676220350344422
688 689 -0.49483333719141326
689 724 2.405914769354239
689 690 0.17257637881346255
690 725 0.29477940516759776
690 691 1.507047318073572
691 726 -0.31361556741573104
691 692 0.32217290191792597
692 727 -1.5672281275923972
692 693 0.9299052765381203
693 728 0.6808517143522583
693 694 0.5788870685773938
694 729 1.7556676705143033
694 695 0.6903533122248091
695 730 0.18493309578769482
695 696 0.3623460473124702
696 731 0.950344427137731
696 697 -0.6796389648212715
697 732 0.14397475035151727
697 698 0.7806283770143332
698 733 -0.4364866720464312
698 699 -0.22836123135009567
699 734 -1.084449541238331
699 700 -1.1544301003096735
700 735 0.7909794258475298
701 736 -0.6292581412622189
701 702 0.6862463775313873
701 735 0.9301335676781527
702 737 -0.83275281500246
702 703 -0.9539988043864643
703 738 -0.3356322421841056
703 704 -0.9590357627948617
704 739 -0.8865585426385535
704 705 -0.5132466718251739
705 740 -0.5854182515905252
705 706 -0.3849109732172092
706 741 -0.8499050519708954
706 707 -0.1890447687312853
707 742 0.26261183827221246
707 708 -1.2326287289393205
708 743 -0.7442495481773411
708 709 0.9608121897118734
709 744 -0.9012447086704843
709 710 0.26168284194163544
710 745 -1.943031404885843
710 711 -0.2322189974570045
711 746 -0.10943538292384451
711 712 -0.8541506574288541
712 747 -0.1432604243684778
712 713 1.2833347109870432
713 748 -0.4839917369690834
713 714 0.2695382771891628
714 749 -2.438711711246403
714 715 -0.6059765921042849
715 750 -1.4662104318198577
715 716 0.9652025735799952
716 751 1.7308259247927475
716 717 -0.3815517601061738
717 752 -0.3129154258313057
717 718 -0.4156946718590601
718 753 -0.56171267571402
718 719 -1.1308241653772604
719 754 -1.149420946782788
719 720 -0.040781570653157476
720 755 -1.6369722621561091
720 721 1.0795411559227521
721 756 0.4026626553206331
721 722 0.8808124589727648
722 757 -0.792106402554473
722 723 0.07260787206192554
723 758 0.10167656642457208
723 724 1.2231721753041316
724 759 -0.8980424743375136
724 725 0.3768742883105765
725 760 0.04985999931042282
725 726 -0.6782720019843311
726 761 -0.18111597306848654
726 727 0.27788454978418353
727 762 -0.7405908011994482
727 728 -1.0865553500661935
728 763 -1.350799838787599
728 729 1.7608499779184663
729 764 1.1736623987684396
729 730 0.7197530040013462
730 765 -0.35411779922900233
730 731 1.2748730898896259
731 766 0.3770960668924177
731 732 0.21322871026428253
732 767 -0.4470013587350502
732 733 0.49580229873030224
733 768 0.24232632455051212
733 734 0.27074465425044014
734 769 0.13777990566300738
734 735 -1.18794044700621
735 770 -0.6907685621463499
736 771 -0.46422864373846406
736 737 -0.09597940814726047
736 770 -0.06401955485421754
737 772 1.119451594868885
737 738 0.479747698424087
738 773 1.2538058397709433
738 739 0.40019314367814113
739 774 0.2310877844881024
739 740 -0.32918683915419455
740 775 0.9697892743038485
740 741 -1.0321663457848838
741 776 -1.030151657605918
741 742 -0.7715334015973431
742 777 1.875601708857444
742 743 0.7836114948237868
743 778 0.09141632503776344
743 744 0.17390806186025357
744 779 0.12159798590343687
744 745 1.3180670005835322
745 780 -0.7691683901259782
745 746 -0.9792173444685391
746 781 1.7588432395943596
746 747 0.951695359013118
747 782 0.4870916265640951
747 748 -2.3551021692255207
748 783 1.3825768871081545
748 749 -0.9344033904307643
749 784 0.41465377084956495
749 750 -0.2754678476059725
750 785 0.7632839443860869
750 751 -0.36877237454763495
751 786 -0.7519502742567743
751 752 2.107185236989045
752 787 1.1851093426108505
752 753 0.5663632305243813
753 788 -1.6470360027701803
753 754 -0.44827486602502736
754 789 0.44806417747964505
754 755 0.6734657937322754
755 790 0.44655252103881304
755 756 -0.972822358519248
756 791 -0.5886363190505427
756 757 -0.8060256678896577
757 792 -0.07330287854314864
757 758 0.5551615427490213
758 793 1.9107567215049475
758 759 -0.4914023498691977
759 794 -1.0419128942833078
759 760 -2.342132254680839
760 795 -1.6594517143825285
760 761 -0.14733821357903412
761 796 -0.6689347847527666
761 762 -0.7156383943407485
762 797 -0.803854295733039
762 763 -1.6287452967480076
763 798 -0.453897693189263
763 764 0.3012526115871309
764 799 -0.9795898184163266
764 765 0.8451797385907532
765 800 0.7277211807917982
765 766 -1.513790815034108
766 801 1.1354406829444312
766 767 -1.5457616851984715
767 802 -1.7593272393216426
767 768 0.8962206268052149
768 803 0.18848680640145385
768 769 1.084398477859165
769 804 -1.0734056208740108
769 770 1.0475568675033966
770 805 1.11534244071497
771 806 1.078592537289131
771 772 -0.10535702408434415
771 805 -2.4403263505967616
772 807 -1.3257473605129877
772 773 -0.6847745196837626
773 808 -0.13966993153493068
773 774 -2.4776229433330648
774 809 0.36768692925888996
774 775 -0.029636579641319265
775 810 1.272241705331154
775 776 0.39754537297832154
776 811 -0.20109974880762196
776 777 1.1501135131168096
777 812 -1.4254082551782579
777 778 -0.15791066168165208
778 813 -0.8684795632935255
778 779 0.03986856541095305
779 814 0.2157398868168608
779 780 0.98848897713536
780 815 0.4148752441346927
780 781 1.1499186791315792
781 816 1.0899359808108728
781 782 -0.7637880374603071
782 817 -1.6046890237809488
782 783 0.1591475362062106
783 818 0.38510925624292797
783 784 -0.628630295966412
784 819 0.19609728275297966
784 785 -0.013621167281337538
785 820 0.026229897018999793
785 786 -0.17456800878408213
786 821 1.1075742112828424
786 787 2.342138975233294
787 822 1.7100833151251393
787 788 -0.36026616395875155
788 823 -0.39892906889260876
788 789 0.7704314741651052
789 824 0.8112289023110858
789 790 0.3812350710205454
790 825 0.4693666969478196
790 791 0.2630916846854135
791 826 1.1864038804758958
791 792 -0.0802692478684538
792 827 1.7263908828515357
792 793 -0.821385185153271
793 828 -0.8471860683491313
793 794 -0.8722995267289188
794 829 -0.12453906042077623
794 795 0.46182579894182973
795 830 -1.4587733067380464
795 796 0.3778368662920115
796 831 -1.2007693866571374
796 797 1.6336092720393607
797 832 0.45749829703339134
797 798 0.4923323655656459
798 833 0.018307116652414676
798 799 -1.3488297432190723
799 834 -0.13987443098472357
799 800 0.8595991500199391
800 835 0.024729121874691642
800 801 -0.7607683703865106
801 836 -0.8887047280038878
801 802 -0.9777656240239165
802 837 1.165098797271924
802 803 -0.02436710971474924
803 838 -0.16395817988806674
803 804 -0.4845706715427467
804 839 1.0509748676580462
804 805 0.7730322008326324
805 840 0.017876702150445456
806 841 -0.18568583728287946
806 807 -1.0506384705335574
806 840 -0.2584910276761097
807 842 -1.1847341402186944
807 808 -0.7536135647662726
808 843 -0.6982494427866639
808 809 -0.07195397043541266
809 844 -0.0975713204851997
809 810 -0.6235018440211156
810 845 0.06378357655152676
810 811 -0.9955249235181534
811 846 0.4738531876495483
811 812 0.99973913883922
812 847 0.7172700264152416
812 813 0.6252307676796206
813 848 -0.9491719098725944
813 814 0.32966173294242107
814 849 0.4363648427045655
814 815 1.2912766376675155
815 850 -0.6649521714727158
815 816 -0.23550675593166653
816 851 -0.3104914152429789
816 817 -2.187722768405754
817 852 -2.445911021006152
817 818 -1.5079361679656316
818 853 -1.7463266161897162
818 819 -1.3760951676765676
819 854 0.3141049596158533
819 820 0.48043944723862203
820 855 -0.020014448888589446
820 821 0.46145603041384564
821 856 1.3506369835656864
821 822 -0.297428638641679
822 857 0.7556078733202878
822 823 -0.6527063516921939
823 858 0.510591314834686
823 824 -1.3157356117441965
824 859 -0.08646500344361546
824 825 1.1103075834580978
825 860 0.41401017845524907
825 826 1.314638089559179
826 861 -0.12747729747958023
826 827 0.5698956893840622
827 862 1.3960205549875544
827 828 1.0933205014158063
828 863 -0.45722124883996423
828 829 -0.9129894933603371
829 864 0.4475870601077878
829 830 -0.13803420564439356
830 865 0.37021856749697324
830 831 1.1742966918996272
831 866 -0.3753827183025349
831 832 1.2960318458986515
832 867 -1.5602514928040176
832 833 -0.13489272031905922
833 868 0.6789692283585567
833 834 -0.42415867012252073
834 869 0.48859442915067103
834 835 1.1610778820035295
835 870 -0.6946136096136786
835 836 -1.4957074523801717
836 871 0.233332643482528
836 837 0.7858530298919741
837 872 0.5688504748415494
837 838 -0.6384073982104997
838 873 0.4798817442599764
838 839 0.18987432781656818
839 874 0.7924435694790827
839 840 0.8799089477194681
840 875 0.23590842589354463
841 876 0.6053044825789408
841 842 1.0859785763506418
841 875 1.7437400804176153
842 877 -0.6860546946740644
842 843 0.4890056152066805
843 878 0.8147698352903635
843 844 -0.8267587487048208
844 879 1.662739990570051
844 845 0.21534737073744287
845 880 0.14953546730405584
845 846 1.1874415525340405
846 881 0.11197638433899765
846 847 -0.3133178902995373
847 882 0.054482424028868395
847 848 0.9473164624095991
848 883 1.94801340524606
848 849 0.1830018926325349
849 884 -0.5897329613977953
849 850 -0.20583432674396898
850 885 1.0269284345620535
850 851 1.0501710196761453
851 886 -0.17959649408453368
851 852 -1.7371043837953177
852 887 -0.11881011634597217
852 853 0.5285904381070786
853 888 1.5636845759410023
853 854 1.2636086100448167
854 889 0.9949441236759179
854 855 -0.5005613459212253
855 890 -0.3582748379373015
855 856 0.8583103172294902
856 891 -1.5245975796286246
856 857 -0.25273277289152324
857 892 -0.8228651694496635
857 858 0.6556281322505068
858 893 -1.1554842889041588
858 859 0.6560577989574171
859 894 0.10578500014267982
859 860 -0.6107262818540932
860 895 -0.7213221224782445
860 861 2.622235798387846
861 896 0.8155192488600492
861 862 -0.30273775192356894
862 897 1.4969847241621925
862 863 1.280692220535547
863 898 -1.5638332968614146
863 864 -2.622468434637035
864 899 -0.3712411132396933
864 865 1.1069751492120201
865 900 -0.05959950140115152
865 866 0.26400106750874175
866 901 -1.9498431532583986
866 867 0.9666924264355105
867 902 -0.8108979300246472
867 868 1.0104362907396758
868 903 -0.6840851501791846
868 869 0.8259487039348941
869 904 -0.45449276446562853
869 870 -1.8508362531914824
870 905 -0.5749173909018386
870 871 -1.3432852303930871
871 906 1.5841415790585143
871 872 -0.16468869177099726
872 907 -1.3837739793695227
872 873 1.3443963584534198
873 908 -2.2413867009073214
873 874 1.4007556880537695
874 909 0.3350329019423872
874 875 0.3752829191612293
875 910 -0.7087621325866885
876 911 -0.3809037583245421
876 877 -0.05028733819086495
876 910 -1.4187798117714345
877 912 -0.8388699336391129
877 878 0.03286058174802426
878 913 -0.9479181768961817
878 879 0.6576098015972084
879 914 1.1146150409300828
879 880 0.7879338436679749
880 915 -0.7209575847127454
880 881 0.9192739700551932
881 916 0.06854834186702241
881 882 -0.4260056007815265
882 917 -0.2904637666968705
882 883 0.28142545327115376
883 918 -0.2587092625626618
883 884 0.19354176792793854
884 919 0.7740527153693663
884 885 0.645425549224569
885 920 1.0843144275349628
885 886 1.1063222205140966
886 921 0.34668212445537916
886 887 0.08368009779267319
887 922 -1.5622635712545208
887 888 0.23659588720031355
888 923 -0.6373881593600292
888 889 0.9388951302247026
889 924 0.07018689758965982
889 890 0.4308741973607311
890 925 -0.999731627353853
890 891 -0.24998656555505888
891 926 0.18235459932380005
891 892 0.08429678090835212
892 927 -0.6812723185328614
892 893 -1.9323261465049433
893 928 -0.9356949071061326
893 894 -0.5129200513392606
894 929 -1.1268293721837366
894 895 -0.5288970504330173
895 930 1.085860191395374
895 896 1.4602787150563654
896 931 -1.7215774422292829
896 897 0.3858693813638982
897 932 0.6972801982439021
897 898 0.7495048917356958
898 933 1.4224415181670504
898 899 0.7469423383034051
899 934 -1.3582483424624299
899 900 -0.07368480086332733
900 935 2.243363669029729
900 901 -0.503829406053435
901 936 0.30495979404208784
901 902 0.714902508314401
902 937 -0.4661519619184838
902 903 -2.014180948070402
903 938 0.2285497351851809
903 904 -0.7245896472268823
904 939 -0.7855943398594459
904 905 -1.0570783241227686
905 940 0.22081790125042922
905 906 0.11931656012090978
906 941 -1.0484420953920068
906 907 1.556771943834143
907 942 0.6279848712628592
907 908 1.345358860186565
908 943 0.5776024395117116
908 909 1.2633196516390075
909 944 -1.4655927247716694
909 910 0.28369443724879057
910 945 -1.7651602191891174
911 946 1.0087290761619263
911 912 1.6483795169677293
911 945 0.6678965247273803
912 947 -0.6712175546186517
912 913 0.9823615375686265
913 948 1.6620137833295276
913 914 -2.0747243193593348
914 949 1.428753201212797
914 915 -0.994016612801978
915 950 -0.7577813091159796
915 916 0.6511970835554157
916 951 -0.23931128039589308
916 917 -1.0786388786184442
917 952 -2.4610335195664685
917 918 -0.2958539225351764
918 953 0.9427960174195985
918 919 -0.9162411631117077
919 954 0.9105372769309201
919 920 -1.5723054291998446
920 955 -0.592560613969055
920 921 0.6657646269598836
921 956 -0.640331608076103
921 922 -0.5051675640957874
922 957 0.03766190906681922
922 923 0.21289650373546096
923 958 -0.5871994326858054
923 924 0.9226212352166296
924 959 0.6851966254588376
924 925 0.16255827547208104
925 960 0.6093215328180762
925 926 -1.416928425562975
926 961 -0.2128494335425544
926 927 -1.8581140389505806
927 962 -0.8517763638075716
927 928 1.01319051247842
928 963 0.25215788353225743
928 929 -0.1395906106016425
929 964 -1.187688617213759
929 930 -0.02179938129665753
930 965 -0.38709752276593107
930 931 0.23568125943126159
931 966 -0.5151976008727103
931 932 -1.1600397320027616
932 967 0.4869008787648596
932 933 -1.2002763424697172
933 968 1.2997105675962688
933 934 -1.3237355359435132
934 969 -0.19476713013881106
934 935 1.6632708810794514
935 970 -1.5904214429288603
935 936 -0.764606473061761
936 971 -0.5050209206047171
936 937 1.2498224560462547
937 972 0.6860559661856711
937 938 -1.0591233793100017
938 973 -1.1148184679880637
938 939 -1.410625391311606
939 974 0.9616309108844356
939 940 0.18007711265867365
940 975 1.6742324904357857
940 941 -1.045663222856356
941 976 0.7298322803316623
941 942 -0.1787550090857092
942 977 0.7340817781764696
942 943 1.0393661579425986
943 978 -0.06902415024499312
943 944 1.2569219617241683
944 979 -0.25489624390842
944 945 -0.8029930579716944
945 980 0.20698873818623686
946 981 0.3451918837698387
946 947 0.8679781343998777
946 980 -0.580040618555553
947 982 1.1561758961617676
947 948 1.1338687562020289
948 983 -2.0225576631275506
948 949 0.2574938348264168
949 984 0.9126194430414329
949 950 -0.6716275948170894
950 985 -0.762125533464075
950 951 -1.952917007747786
951 986 0.3126025072997551
951 952 1.780549988785557
952 987 1.222350187914598
952 953 -0.3189467845965453
953 988 -0.8951409130480571
953 954 0.37432689740368796
954 989 0.023009607167492823
954 955 -1.2070048105257956
955 990 0.3424622894929678
955 956 1.5147183546658631
956 991 0.036048949219151694
956 957 0.18129489193431383
957 992 -0.6196151192808045
957 958 0.09989802454756865
958 993 0.2541583586556157
958 959 0.5784221703163189
959 994 -0.02725949491482967
959 960 0.282957187242368
960 995 -0.7131730408796533
960 961 -2.247018404739055
961 996 0.5158278261874343
961 962 0.41816550026501004
962 997 -0.30986621268797354
962 963 -1.7776936680694977
963 998 -0.3965774421359856
963 964 -0.42373028149611
964 999 -0.9133171422299671
964 965 -1.0563551336260553
965 1000 -0.37499907855273634
965 966 1.9194757820982464
966 1001 0.728534666370074
966 967 1.1876080745231288
967 1002 0.44466096055075527
967 968 1.2306686250703882
968 1003 -0.38719380282286814
968 969 0.7511905116766536
969 1004 -1.6659473679464152
969 970 -0.5978298193137463
970 1005 -0.6566021115097778
970 971 0.47087755899088085
971 1006 0.7609544896221225
971 972 0.25080701542360445
972 1007 -0.07757757556111539
972 973 -1.6719785090011088
973 1008 -1.2331753391534483
973 974 0.5019382387852663
974 1009 -1.5380181039258953
974 975 -0.47571697252892187
975 1010 -0.6012540608882598
975 976 -0.020679698683587686
976 1011 -1.5164425831253694
976 977 -2.4565485333632715
977 1012 -0.0786646175662563
977 978 -0.07545787070327348
978 1013 0.39055411876708546
978 979 -1.4137065365175199
979 1014 -0.28116620722820673
979 980 -0.5821569745970161
980 1015 0.6551904662147274
981 1016 0.16450129989931528
981 982 0.5161939541238812
981 1015 0.015483448475427323
982 1017 1.0639330891546734
982 983 0.09342757036260996
983 1018 -0.03207229213489446
983 984 0.34474893315810295
984 1019 -1.622977982026203
984 985 -0.4205293601384117
985 1020 -0.21049999118098325
985 986 -1.454701340895711
986 1021 -1.7750875586255395
986 987 -0.6261308976647874
987 1022 -2.9168316603937123
987 988 0.647252281596723
988 1023 2.3504271278015905
988 989 -1.4508931583177536
989 1024 -0.639248608824599
989 990 0.25085989081041116
990 1025 1.4601277756292086
990 991 0.6682700012316469
991 1026 -0.022953069695713448
991 992 -1.0942585934208222
992 1027 1.6462911455506697
992 993 1.6366742582239906
993 1028 0.7112578221907113
993 994 -0.17530144382113882
994 1029 -0.49653299340435386
994 995 -1.130797537158508
995 1030 -0.3394221567341858
995 996 0.09283572005679258
996 1031 1.4683959051283473
996 997 0.927552383010421
997 1032 -0.8603742555444365
997 998 0.5600309458894738
998 1033 -0.6602698297559704
998 999 0.06754389393260572
999 1034 0.016530985305530908
999 1000 2.4550676186904967
1000 1035 -2.8543000927041895
1000 1001 -1.2687842946131536
1001 1036 -0.561103732132139
1001 1002 1.1962947799724342
1002 1037 1.2604614831709144
1002 1003 -1.0634083084178065
1003 1038 0.7435826672792558
1003 1004 2.2920012941570826
1004 1039 -0.11753238012379512
1004 1005 0.3424559848650091
1005 1040 -1.045792399458207
1005 1006 -0.018435291700807033
1006 1041 0.9480311550482325
1006 1007 0.5232897198601295
1007 1042 0.1673439653793027
1007 1008 -2.0259579420745704
1008 1043 -0.35533046259816803
1008 1009 0.3026413937212767
1009 1044 0.8165028300000056
1009 1010 0.4273043883545236
1010 1045 0.7562928848806916
1010 1011 0.01299791699382564
1011 1046 -1.1861264658171633
1011 1012 -0.2934502802441242
1012 1047 -1.123080999761126
1012 1013 0.011014493408673469
1013 1048 0.34460419002017145
1013 1014 1.0515401820588333
1014 1049 1.3534377375748
1014 1015 1.113180300045508
1015 1050 -0.5877604198963786
1016 1051 0.26075556693497226
1016 1017 -0.4553160181763765
1016 1050 -0.23771362997849088
1017 1052 1.0172524153257432
1017 1018 -0.33823547093110334
1018 1053 -1.1974577284276446
1018 1019 0.24392380573536787
1019 1054 -1.7685333528654108
1019 1020 -0.37268268174267816
1020 1055 1.1015774078154867
1020 1021 -0.3513255503261204
1021 1056 -0.887680709427953
1021 1022 -1.384174312885977
1022 1057 1.191082746203038
1022 1023 1.405500524106353
1023 1058 2.1924444994216965
1023 1024 0.011972482543880676
1024 1059 -0.17598853111547363
1024 1025 0.40473053147248517
1025 1060 -0.5024459625328805
1025 1026 -1.118257139516719
1026 1061 0.10958987048587775
1026 1027 -0.6152924148056876
1027 1062 -0.6040815488736287
1027 1028 0.8254198606969033
1028 1063 1.5874058294071005
1028 1029 0.08843483020686073
1029 1064 -1.5577352145161978
1029 1030 1.1199383188754404
1030 1065 0.9565486119539232
1030 1031 0.5067466298588527
1031 1066 1.4171609474880926
1031 1032 -2.1526723369516296
1032 1067 1.2145034298826463
1032 1033 -1.240677747507834
1033 1068 0.17139859137278787
1033 1034 -1.147574072665249
1034 1069 -0.7822448497491447
1034 1035 0.6856991077012591
1035 1070 -0.7051215410897889
1035 1036 -0.7092674366315669
1036 1071 -0.16045036418715963
1036 1037 1.6150681062060015
1037 1072 -0.7940602209032948
1037 1038 -0.10272016961315433
1038 1073 1.6935831070866705
1038 1039 0.8319883309262315
1039 1074 0.49970937295545914
1039 1040 0.8820692748490003
1040 1075 1.7255361321913574
1040 1041 -0.34777998929321186
1041 1076 0.5417628534494613
1041 1042 -0.4171643868534503
1042 1077 -1.1765621823169565
1042 1043 -1.0716049801829333
1043 1078 -0.41338002821142594
1043 1044 0.21885362197030653
1044 1079 -0.21713845695298026
1044 1045 -0.31959958011951933
1045 1080 -0.1542200955028615
1045 1046 1.0155750211076349
1046 1081 -0.7808395548058283
1046 1047 -0.7678509343257035
1047 1082 -0.7209772288609915
1047 1048 -0.8588884315276935
1048 1083 -0.02146459231726561
1048 1049 -0.6775979119839423
1049 1084 0.8136246180493015
1049 1050 -1.1098421901807527
1050 1085 1.073411194804914
1051 1086 0.5796109177790046
1051 1052 -1.3664268751357427
1051 1085 -1.515205708211199
1052 1087 -0.6625404205137858
1052 1053 0.6448916776564318
1053 1088 -1.2080356398650511
1053 1054 0.731434954646886
1054 1089 2.2717201154717563
1054 1055 0.5424555708810866
1055 1090 -0.5164700919213501
1055 1056 -0.19366471285039563
1056 1091 0.463985250012551
1056 1057 -2.3669431826490546
1057 1092 -1.1547382716233652
1057 1058 1.0604121079339734
1058 1093 -0.5651260119537859
1058 1059 -1.4379920218012143
1059 1094 1.1698658675216587
1059 1060 0.7819311159977416
1060 1095 0.761031778726674
1060 1061 -0.05605238188403285
1061 1096 0.05339562205928804
1061 1062 -0.10760952431938106
1062 1097 0.7063678807172582
1062 1063 0.35744311995397393
1063 1098 -0.7566326593028885
1063 1064 -0.20337013042581253
1064 1099 -0.20298945818735203
1064 1065 0.510018815537147
1065 1100 1.6778791426329622
1065 1066 0.35093931619652713
1066 1101 -0.2788038890501291
1066 1067 -0.21935836031084646
1067 1102 -0.45358453649387925
1067 1068 1.069695244895277
1068 1103 -0.09838903490678129
1068 1069 -1.619897481188366
1069 1104 0.29308582587825616
1069 1070 -0.26132230556834135
1070 1105 -0.6794078904651862
1070 1071 -0.5679988867431001
1071 1106 -0.6137857497348748
1071 1072 -0.42398144691435574
1072 1107 1.7007885044208222
1072 1073 -1.553340929824424
1073 1108 0.6166699513816721
1073 1074 -0.4152986139551982
1074 1109 -1.553397674327066
1074 1075 -0.5822486536510606
1075 1110 0.4246097425041341
1075 1076 1.623114762896776
1076 1111 1.4797915400563721
1076 1077 -1.913953616699371
1077 1112 -0.3938359747733084
1077 1078 0.41207890010971
1078 1113 0.13721668975302487
1078 1079 0.4960887376756621
1079 1114 -0.21271782148147325
1079 1080 0.3757276842071563
1080 1115 0.13412191620217773
1080 1081 0.7574781559727337
1081 1116 1.479758068869239
1081 1082 -0.6567788890730196
1082 1117 0.8369478435496898
1082 1083 -0.2761009364303527
1083 1118 0.5872299977391567
1083 1084 -0.7225874044230431
1084 1119 -0.28979649859857365
1084 1085 2.567782119389019
1085 1120 0.17531337829596055
1086 1121 1.8939227404035506
1086 1087 1.6728129794342108
1086 1120 1.5907275036171857
1087 1122 0.03026042651982218
1087 1088 0.7460258676848494
1088 1123 1.5842251334405058
1088 1089 0.9599533764459097
1089 1124 -0.8709127613662199
1089 1090 -0.284025553232771
1090 1125 0.5107003740644775
1090 1091 0.35735673187475886
1091 1126 -1.1541671454543672
1091 1092 1.635872005654402
1092 1127 -1.9124805469694972
1092 1093 -0.7312686930605982
1093 1128 1.5336773410002975
1093 1094 -0.9056634681728079
1094 1129 0.02504190521835911
1094 1095 1.5617123861455087
1095 1130 0.41021320682435297
1095 1096 2.9333976180963917
1096 1131 -0.6614933130979074
1096 1097 -0.09049212490111845
1097 1132 0.017864077113789137
1097 1098 -0.8895499599554363
1098 1133 2.9394130177778983
1098 1099 0.8109753046321659
1099 1134 -0.6574661861226281
1099 1100 0.746281149729614
1100 1135 -0.8676151299987656
1100 1101 -1.7013523746943973
1101 1136 -0.543081406539424
1101 1102 -1.1550029366347083
1102 1137 0.1779261107185655
1102 1103 0.4071238139605232
1103 1138 0.7282713791730655
1103 1104 -0.019982536428072576
1104 1139 -0.6596551316202288
1104 1105 -0.2756657268906307
1105 1140 1.3752302838489054
1105 1106 -2.3938230100030675
1106 1141 -0.14504363181654376
1106 1107 -0.7231800346652308
1107 1142 1.244287011565574
1107 1108 -0.2584521616629628
1108 1143 0.5890402833103876
1108 1109 -0.5215961062323824
1109 1144 -1.330435598545195
1109 1110 -0.5779757766267336
1110 1145 -0.6066877431916561
1110 1111 -0.4290866052372097
1111 1146 -0.022109560306954535
1111 1112 -0.7327679720147082
1112 1147 0.9151669295644504
1112 1113 -1.1088993378955658
1113 1148 -1.5139311955989512
1113 1114 -0.7762653059814787
1114 1149 0.8035518335084988
1114 1115 -0.6240048857960739
1115 1150 -1.4428126709435127
1115 1116 1.8279306311892667
1116 1151 0.11062087608902565
1116 1117 -0.3140430979994487
1117 1152 0.2041140293629135
1117 1118 -1.2840048446834735
1118 1153 1.698585105438462
1118 1119 -0.6564647423426736
1119 1154 -0.5282657917151113
1119 1120 -1.0679801896339618
1120 1155 -1.5729027765075536
1121 1156 -0.6361252722127163
1121 1122 -0.09080834238787124
1121 1155 -1.2415645772962003
1122 1157 -0.19052700697330036
1122 1123 -0.08890192537556504
1123 1158 -0.28702953768482337
1123 1124 -0.13585232476405948
1124 1159 0.9771878268773021
1124 1125 0.8869012498012071
1125 1160 -1.3729618771537564
1125 1126 1.1970412570622309
1126 1161 0.41108925328322876
1126 1127 -0.9703878985498186
1127 1162 0.7206804565591384
1127 1128 1.0160219812845273
1128 1163 0.10206075296419802
1128 1129 1.4254534276800865
1129 1164 0.008540998604863225
1129 1130 -0.759019762047861
1130 1165 -0.30947349669346147
1130 1131 -0.29638720537883473
1131 1166 -0.5011037478732
1131 1132 -0.3298227019158556
1132 1167 1.127027181743927
1132 1133 0.821895783688159
1133 1168 0.04252984096713883
1133 1134 0.6644826177207248
1134 1169 -2.3670464219288707
1134 1135 0.18427756558334274
1135 1170 1.1389469834608739
1135 1136 0.5415289575784725
1136 1171 -0.8557126528556823
1136 1137 0.48727224392808516
1137 1172 -0.9618236175132223
1137 1138 -1.0386568069447593
1138 1173 1.6700795184213095
1138 1139 -1.6985219936192475
1139 1174 -0.16308021149391333
1139 1140 0.9767815631868441
1140 1175 -0.7122403639297605
1140 1141 0.05825867915186229
1141 1176 0.9961520593333598
1141 1142 1.5920692926174456
1142 1177 -0.9428880780950666
1142 1143 -0.11258650313202477
1143 1178 0.3722532421195923
1143 1144 -1.1290394447823169
1144 1179 -0.9461465543171407
1144 1145 1.154664370355971
1145 1180 0.333671494558281
1145 1146 0.6642498632748624
1146 1181 0.5926482811131402
1146 1147 1.355032268833819
1147 1182 0.45485046582338606
1147 1148 -1.683467116343988
1148 1183 0.20180245000963978
1148 1149 -0.016586538479747143
1149 1184 1.537520937970578
1149 1150 -0.2540729221664422
1150 1185 -1.1350121757436966
1150 1151 -0.19528861333647263
1151 1186 0.5245250462897821
1151 1152 -1.0190286098048407
1152 1187 1.5727655102327107
1152 1153 -1.6152975137328331
1153 1188 -0.7440831474325296
1153 1154 1.8674603592616381
1154 1189 1.0136296964279732
1154 1155 -0.892861145000116
1155 1190 0.7277700390109143
1156 1157 -0.6899457310804531
1156 1190 0.2665826070834631
1157 1158 -0.6914582970839593
1158 1159 -1.1629465098355218
1159 1160 -0.8339024194836049
1160 1161 1.2801672287454309
1161 1162 -0.5276267661326649
1162 1163 -0.37628221041872817
1163 1164 -0.7386360508381232
1164 1165 -1.3411042425249764
1165 1166 -0.6871698227292335
1166 1167 -1.3857640591143472
1167 1168 -0.1855156101807813
1168 1169 -0.3324970231995902
1169 1170 -0.1077755354770375
1170 1171 -0.7166783336656992
1171 1172 -0.8849986725545308
1172 1173 -0.631274367517766
1173 1174 -1.3122760146517518
1174 1175 -0.7951147953400112
1175 1176 2.032976072559442
1176 1177 -0.05602807528861595
1177 1178 0.6016823895140592
1178 1179 -0.24372994262480419
1179 1180 -0.6501757025267543
1180 1181 1.7294365103571583
1181 1182 0.521831029169192
1182 1183 0.4459287782538182
1183 1184 1.221483749891782
1184 1185 0.14073742452748855
1185 1186 -0.0965411661967267
1186 1187 2.207326538858225
1187 1188 0.19817811154817463
1188 1189 1.1949083093712403
1189 1190 -0.06090236741977586
