1225 2450
1 36 -0.46053859756257015
1 1191 2.5899658768250053
1 2 1.4412042952032784
1 35 1.1067499016533324
36 71 -0.11846589761516967
36 37 0.47679775361320836
36 70 -1.1266102566945428
1191 1156 -2.4677834107902843
1191 1192 0.2076480699756949
1191 1225 -0.8436578626708456
2 37 0.5897937346333241
2 1192 -1.2356856606057234
2 3 0.35392085801160433
35 34 1.1505157513576656
35 70 -0.1577112669769476
35 1225 0.0643533559218999
37 72 1.4962067584379415
37 38 -0.7357456566008053
1192 1157 0.13020349061853947
1192 1193 -0.1711435141398566
3 38 -0.031710351483410136
3 1193 1.561829709726573
3 4 1.4917433652904064
38 73 -0.008543295053345905
38 39 -1.0367592924216105
1193 1158 -0.7737718530617655
1193 1194 0.03536782764500886
4 39 -1.3387155964489925
4 1194 1.09976804230447
4 5 -3.5013453027827754
39 74 1.2602868822273996
39 40 -0.06593783598706539
1194 1159 -0.10941347870892798
1194 1195 -0.5066633530156556
5 40 0.14236011326738912
5 1195 -1.6235452890796291
5 6 -0.49792306943677767
40 75 -0.164594587238719
40 41 0.920171453518587
1195 1160 0.8018774575568792
1195 1196 -0.21938811633894428
6 41 -0.4138504506469354
6 1196 1.0825001031108243
6 7 0.08409774826563196
41 76 -0.8280561403422915
41 42 -1.1850648724036612
1196 1161 -2.5564115252535595
1196 1197 -0.7081862163050862
7 42 0.4013557987704397
7 1197 -1.5800793849922001
7 8 0.6040615545614064
42 77 0.7108027906923889
42 43 0.623147346200632
1197 1162 0.07786655665938569
1197 1198 -0.7676071222338534
8 43 -0.7749583873707376
8 1198 0.3361349197287099
8 9 0.9831232771810556
43 78 0.06016371174859576
43 44 0.8743083658849846
1198 1163 1.5426010470323201
1198 1199 -0.5907827882722646
9 44 -0.61737568275211
9 1199 -1.108477581689203
9 10 0.24826113886241424
44 79 0.45995910003199214
44 45 0.45828134364125517
1199 1164 -0.7175352693436052
1199 1200 -0.6716876184917905
10 45 0.08525872192404915
10 1200 -1.168183366741495
10 11 2.1939500811690205
45 80 2.268725470816221
45 46 1.9289663342915677
1200 1165 0.29315211771969846
1200 1201 -0.6683499599640882
11 46 0.6537458107369657
11 1201 -0.3442073971808661
11 12 -1.2286399921381161
46 81 -1.5963376896657941
46 47 -0.5474910585496445
1201 1166 0.25930748008943005
1201 1202 0.692980634605439
12 47 -0.2111857786012504
12 1202 0.23578464373038416
12 13 1.2613393109351398
47 82 0.5425973951042062
47 48 -0.09907319588241376
1202 1167 -0.2820668704933808
1202 1203 -0.7854245607331674
13 48 -0.7649524506059686
13 1203 2.786148166596557
13 14 -0.6719407036969863
48 83 -0.17428277628404587
48 49 0.9046783802785711
1203 1168 -2.28661134695623
1203 1204 -0.040098544292527814
14 49 -0.1290412593488673
14 1204 0.4376575590815894
14 15 1.6505402888632814
49 84 0.5171079693326677
49 50 0.12272462916023061
1204 1169 -1.4341818850793202
1204 1205 0.2749464304138529
15 50 0.5288618194779799
15 1205 0.28188672737559567
15 16 -0.4870050307985553
50 85 1.010433013292118
50 51 0.2631241987779322
1205 1170 -0.4422212881745214
1205 1206 -0.023275423403948857
16 51 2.020248514500059
16 1206 2.5503563243820078
16 17 0.5709712292053093
51 86 -0.30983435420309685
51 52 1.4529446773880585
1206 1171 0.5551378218058906
1206 1207 0.2840795721867145
17 52 0.6412159863074741
17 1207 0.03578396301397176
17 18 -2.4702835627559536
52 87 0.04162693614726056
52 53 0.2526672455772693
1207 1172 0.3580891204880263
1207 1208 -0.2215949295950228
18 53 0.32601487710421695
18 1208 0.31942640347882045
18 19 1.4863970198096617
53 88 1.7023033803642285
53 54 -0.31215902090257486
1208 1173 -0.6555093141437033
1208 1209 1.071586401788554
19 54 -1.0201380405899365
19 1209 0.2689364801572648
19 20 0.6234058498156346
54 89 -0.3316762496322514
54 55 -0.5411319459497763
1209 1174 0.18142458797706654
1209 1210 1.2097482891448754
20 55 1.9564724819877446
20 1210 0.08516430573879522
20 21 -1.397123329185251
55 90 -1.2021520083616148
55 56 -0.8864108204345987
1210 1175 -0.5540398291670221
1210 1211 -0.6395844348882782
21 56 1.3182129708149684
21 1211 0.9868623601794492
21 22 -0.476489319535754
56 91 -0.6469621757373102
56 57 3.1246793996066105
1211 1176 -0.3753165677407915
1211 1212 0.16695283586463902
22 57 -0.4736014010922841
22 1212 -0.9081075703351674
22 23 0.08875851145053769
57 92 -0.5045633362331337
57 58 1.2462488800148614
1212 1177 -1.3709083434513192
1212 1213 0.6836348187693613
23 58 -0.5173698469383526
23 1213 1.1305916053106175
23 24 1.22778446221349
58 93 0.6812876682397591
58 59 1.5215492099087167
1213 1178 0.7675143657537502
1213 1214 0.11459096997485677
24 59 0.13084286724958263
24 1214 2.0180668754072335
24 25 0.6985840252042472
59 94 0.40815123357129135
59 60 -0.25448409230514296
1214 1179 -0.9368438195623199
1214 1215 0.1509651990860844
25 60 0.2746355893968551
25 1215 1.1462445191114448
25 26 -0.11874170670422125
60 95 -0.9017597161057233
60 61 1.4909125148545614
1215 1180 -1.2266666255113912
1215 1216 -1.1732584271591184
26 61 0.25353520536022484
26 1216 2.3692703061398994
26 27 1.371071212010445
61 96 1.0927929408616868
61 62 0.9669108289426103
1216 1181 0.07072525157069157
1216 1217 1.2510288375519678
27 62 -1.6234571190738758
27 1217 1.0354100463103764
27 28 1.799366774953246
62 97 1.3724693649319974
62 63 1.7018152027052933
1217 1182 0.16208414471377758
1217 1218 -0.29787644704112065
28 63 -0.8306046225423578
28 1218 -1.414510686698199
28 29 1.104692183813689
63 98 0.18419813503221533
63 64 0.8483802239629685
1218 1183 1.903759768523379
1218 1219 -0.06709578538159093
29 64 -0.6889386165566722
29 1219 1.8008848756073805
29 30 0.25121323794177364
64 99 -0.5802610100116801
64 65 -0.9806602312357096
1219 1184 0.2198441453051223
1219 1220 -0.05054682982339314
30 65 -0.43266492345787033
30 1220 2.5406811770003817
30 31 0.16750523494151148
65 100 0.32269398153865786
65 66 -1.506939749273071
1220 1185 0.14974403718436288
1220 1221 0.5291398769400979
31 66 0.781024383104089
31 1221 1.4944643628305936
31 32 0.28828018881676526
66 101 0.11545268808079463
66 67 1.7821375416868592
1221 1186 0.4770664450518759
1221 1222 1.8732319208016228
32 67 -0.09756977914114799
32 1222 0.09927844256885135
32 33 -1.1454957609209613
67 102 -0.44271673690321556
67 68 -0.5263217554195894
1222 1187 0.5985787311542007
1222 1223 -1.4613054784677653
33 68 -1.1255938654182265
33 1223 -0.504428758568857
33 34 -0.9623163331325472
68 103 -0.7693688756317326
68 69 0.7616874797220008
1223 1188 1.4434259832845966
1223 1224 -1.1909945960165658
34 69 0.6608907330000948
34 1224 -0.30437743606477863
69 104 -0.9427476361257305
69 70 0.6311335870276188
1224 1189 1.0415383647744216
1224 1225 -0.15008032108847838
70 105 0.8014039779377704
1225 1190 0.6620391443832773
71 106 -0.476956722686214
71 72 0.1653319855910006
71 105 0.8305779798400557
72 107 -0.23337827396326416
72 73 0.6912664185971473
73 108 0.7739899797848242
73 74 -1.768248698192782
74 109 -1.4037956063486388
74 75 0.7437531017142415
75 110 0.9421155920434675
75 76 -1.4580842226146127
76 111 -1.4674563813155952
76 77 -1.6354577181234056
77 112 -0.449810418253517
77 78 -1.4084544370895884
78 113 0.49825543469541306
78 79 2.357371365614966
79 114 -0.022677575611250545
79 80 1.1853550281556198
80 115 -0.7963840618314236
80 81 0.5146332091036994
81 116 0.03115425716025103
81 82 -1.4070520930402706
82 117 -0.14913829729956044
82 83 -0.6849848463011552
83 118 1.1059832804527612
83 84 -0.46558306141045547
84 119 -0.16237070898395303
84 85 0.8172126019909055
85 120 1.459516110116678
85 86 -1.869481795189335
86 121 -2.2836355168812035
86 87 -0.5784870669536457
87 122 -1.218511980832193
87 88 0.7760971989310701
88 123 -0.30295170591193266
88 89 1.7142379054842016
89 124 -1.2637867929116646
89 90 1.541460467058055
90 125 -1.130109103042536
90 91 -0.1785066618896002
91 126 1.3040205903746434
91 92 1.433290715700897
92 127 1.4921842305904058
92 93 -1.0473017101861475
93 128 -0.6001092106458339
93 94 2.6755079966207855
94 129 -0.8198829585306497
94 95 1.5399509773162747
95 130 0.7402228780288476
95 96 0.15583391963988488
96 131 1.2242058463919097
96 97 0.2845007761259735
97 132 -0.9883383604521806
97 98 0.17630058962537928
98 133 -0.6286441600909848
98 99 0.10008902172068967
99 134 0.9650105697891674
99 100 0.4319730020175555
100 135 0.9577551119749278
100 101 -0.5439774762992176
101 136 0.7113326926343815
101 102 0.5080481374729557
102 137 0.16905008714354738
102 103 -1.1235504777307943
103 138 1.0785931491120493
103 104 -1.5466962702664653
104 139 1.0881334280484858
104 105 -0.05191635861772682
105 140 0.24192352541311
106 141 0.27300789459393104
106 107 1.1211777541730301
106 140 1.6563658055833996
107 142 0.8422187248876559
107 108 -0.6492408991152011
108 143 -0.5982174867144652
108 109 -0.454678641928934
109 144 -0.5360317471296838
109 110 -0.5501495927330249
110 145 0.44289090303894474
110 111 -1.0361368232308727
111 146 0.41691845354251783
111 112 -1.1391992379243816
112 147 0.8422232749587488
112 113 0.6435190901223448
113 148 -0.5578031022220356
113 114 -0.07056151148349757
114 149 0.16339963661496265
114 115 -2.5077636863773147
115 150 0.5057669133628946
115 116 0.6148545308085918
116 151 -0.2766358283139463
116 117 0.6999900047121319
117 152 -0.6513580498570295
117 118 1.4951839081763167
118 153 0.03847078528107482
118 119 1.0105352814513289
119 154 -1.4678719920484566
119 120 -0.13745255686034336
120 155 0.7269468436994765
120 121 0.39452388369367425
121 156 -1.2199182147789758
121 122 0.0630537115048926
122 157 -1.7020709119767843
122 123 0.06508257708419798
123 158 1.1246167521578807
123 124 -1.2175436626236673
124 159 1.0494357006219945
124 125 -1.05926444372308
125 160 -1.3530721624185058
125 126 -1.869274470626599
126 161 -1.8054529113798492
126 127 1.8165538014545382
127 162 0.9627381943929473
127 128 1.7717029775577289
128 163 -0.8346833265409168
128 129 1.56922169177023
129 164 -0.8238542574549891
129 130 0.6340212730865643
130 165 1.0395461826417531
130 131 -0.07616587865685223
131 166 -0.340990458164506
131 132 1.8605588509556001
132 167 -0.163845853911427
132 133 -0.7794796377613958
133 168 0.5494621258194269
133 134 0.06719912693400988
134 169 -0.5605656473353995
134 135 -0.5600280406446512
135 170 -0.7464430631391864
135 136 -1.0073339623076227
136 171 0.717304334588645
136 137 -0.8895272342165869
137 172 -2.561918221561478
137 138 -0.21027106046897584
138 173 0.6173553701683447
138 139 0.39766622670101287
139 174 -0.9388767553983312
139 140 -0.8416562679787843
140 175 1.318378501749732
141 176 -0.8177754545223687
141 142 1.605870251358466
141 175 0.8617985686252296
142 177 0.8552387354159444
142 143 -1.9990995365542084
143 178 -1.1254806455124522
143 144 -0.63477008134111
144 179 -0.23703596431174254
144 145 -0.30052853128354523
145 180 0.27967948011978305
145 146 0.7459660874857778
146 181 0.3589942420323196
146 147 -0.978096076486576
147 182 0.3581107518735646
147 148 -0.3372787480960688
148 183 0.10977470658079674
148 149 -0.18144491159393802
149 184 0.8674889102283966
149 150 -2.060369032633133
150 185 -1.5582438720444143
150 151 -0.37518823119938455
151 186 1.2568910731381637
151 152 0.6951121873824642
152 187 -0.8374789890602207
152 153 0.8299595613394183
153 188 -0.2193461249615163
153 154 -0.20879274773402756
154 189 2.518078825039549
154 155 -0.7836592303042454
155 190 1.104075585921918
155 156 -1.2464918521563941
156 191 1.361964672105062
156 157 1.0830944242332183
157 192 0.5354907488606443
157 158 0.6300359931560856
158 193 1.0110602465804197
158 159 0.7295079229666513
159 194 -0.1695051685306217
159 160 0.9610538516752384
160 195 0.33705844675974217
160 161 0.7932087682309462
161 196 -0.28941227129264463
161 162 0.5980589576199575
162 197 0.8086377975063871
162 163 -0.15160663047827122
163 198 -0.9727504021434935
163 164 0.30298477242724464
164 199 0.02381328693478198
164 165 -0.3713959351590041
165 200 -0.47014008904089344
165 166 -0.6922573577949752
166 201 0.9510279506073713
166 167 0.7071950851669132
167 202 0.4332548304641335
167 168 -0.5022686327356553
168 203 0.13700534068073675
168 169 1.469352020767809
169 204 0.34943309251641663
169 170 -0.4111824649992647
170 205 0.5663845777786185
170 171 -1.7050525451305807
171 206 0.9241454366972639
171 172 0.5875547396211678
172 207 -1.9551939157920963
172 173 0.45668266412726344
173 208 0.44783132072890103
173 174 0.4448196857100192
174 209 0.41874151125274967
174 175 -0.427743079197709
175 210 -0.3737450445362832
176 211 0.3495226844855607
176 177 2.0448517802220554
176 210 -0.48662553484100995
177 212 -0.14822782277993035
177 178 -2.6331827144085014
178 213 -1.1841073682398437
178 179 -0.645718782818798
179 214 -0.4539695469867744
179 180 0.4649786481944669
180 215 0.6747280341467533
180 181 0.4530443858998111
181 216 -0.4656400524187704
181 182 0.31653022970073774
182 217 0.6752887670400298
182 183 1.290175833642242
183 218 0.7919358293293199
183 184 0.5391183675367511
184 219 0.39285271534848476
184 185 0.037550545881487825
185 220 -0.04155037611196461
185 186 0.2857643123820531
186 221 -0.14680367771591812
186 187 -1.2243328888319702
187 222 1.4561495955370958
187 188 0.44578949151632147
188 223 0.29230975782436347
188 189 0.9906617857329354
189 224 0.20075716774415908
189 190 1.273818791901854
190 225 -0.13329199644609838
190 191 0.5239259589188058
191 226 0.611307072510104
191 192 0.6980753393784214
192 227 0.21502303195966985
192 193 1.1735919608198349
193 228 -0.80389439362946
193 194 -1.6515960696628171
194 229 -0.40741318627589834
194 195 -1.834417220056713
195 230 0.4694747509431569
195 196 -0.26677722618183863
196 231 -1.5722093069072371
196 197 0.462398472352447
197 232 -0.8535235856439525
197 198 -0.30422202283537236
198 233 0.022710864198911204
198 199 0.20765863221933817
199 234 -0.275686864644848
199 200 -1.5800793137914468
200 235 0.2395873555097787
200 201 0.23174888882924408
201 236 0.20438437207727633
201 202 0.05949554893390985
202 237 -0.6534212833891949
202 203 1.0565095104835525
203 238 -1.396997617626439
203 204 1.0026178888964605
204 239 -1.1084948686017104
204 205 1.6494864652387113
205 240 -1.088179699019421
205 206 0.46330007241836446
206 241 -0.5516859395271517
206 207 1.0244240875235748
207 242 -0.8475794138300857
207 208 -0.8148000724059157
208 243 0.4108666461737958
208 209 0.5583347121055343
209 244 -0.3602642550520305
209 210 -0.6119384643428583
210 245 -0.4189485442839367
211 246 -0.4323503691508346
211 212 -2.894472466555318
211 245 -0.8445336925999206
212 247 1.9261785072370026
212 213 2.2882127875889378
213 248 0.5959639367068932
213 214 0.6093547602429148
214 249 0.8930123948188318
214 215 0.9406778477084444
215 250 -0.18682294884146639
215 216 2.030107812438831
216 251 -0.369410755655545
216 217 3.175216926791146
217 252 -0.27067684610584675
217 218 -1.1223911592838467
218 253 0.15594704360929923
218 219 0.5120190656256468
219 254 -0.4147970374980632
219 220 0.23116946918504813
220 255 0.44041813200567986
220 221 -0.22140619207303966
221 256 -2.4407423278370053
221 222 0.09758137852125223
222 257 -0.47840698973855567
222 223 0.6798438808431322
223 258 0.8535076694639625
223 224 2.0963428588361706
224 259 -0.5062826585384618
224 225 -1.109219015951377
225 260 0.33806994894354575
225 226 -0.8915126499534421
226 261 1.217165437389628
226 227 0.06592110627330743
227 262 -0.2187269696337222
227 228 -0.32506844974887855
228 263 -1.1978278759146452
228 229 0.32343444627086754
229 264 -1.367140433998069
229 230 1.7242437023347714
230 265 2.063462239713754
230 231 -1.4951326690115325
231 266 0.3644258271056898
231 232 0.3382036076500615
232 267 1.1701363415300359
232 233 0.05549434726086899
233 268 -0.8123109239111163
233 234 0.00654101756316394
234 269 -0.4864257667879444
234 235 1.5051420774554287
235 270 0.5702544345832176
235 236 0.15334465191661598
236 271 0.0765974636452979
236 237 0.1888855931196906
237 272 -0.4214023546280109
237 238 0.901970808710594
238 273 -0.5514619498662965
238 239 -2.8454741595950077
239 274 0.13115576932733938
239 240 -0.47343199141571235
240 275 -0.6785119232287681
240 241 -0.1887500301730668
241 276 -0.9791957453629301
241 242 -0.5929155925678744
242 277 0.00746897759947504
242 243 0.21970301819506455
243 278 1.0121997940506482
243 244 1.6407552737711748
244 279 -0.4189982852203392
244 245 -0.44517943470035204
245 280 -0.9681251263372335
246 281 -1.2516798366863133
246 247 -0.7366325574485484
246 280 -0.254184247781105
247 282 -1.2540268577637321
247 248 -0.4402751794508272
248 283 1.7205063038163229
248 249 -1.7501388939671527
249 284 -1.540209681705328
249 250 -0.23680447771188498
250 285 0.6727167739099669
250 251 -0.32139282961040017
251 286 -0.2449530536079086
251 252 2.3348393853565277
252 287 -0.9447109223598998
252 253 -1.1472802288653778
253 288 -0.3370653694731182
253 254 0.8214505642071194
254 289 -0.23143638710851966
254 255 0.0844785608898266
255 290 0.5008895112997928
255 256 -1.6052713124004845
256 291 -1.9765251206088912
256 257 -1.6059353043609994
257 292 0.8736375960640521
257 258 -1.5077544483685557
258 293 -0.7686736226375601
258 259 0.9933556584670263
259 294 -0.6476240450703068
259 260 0.07774253191893195
260 295 -0.33615674118626276
260 261 0.9485267263475735
261 296 0.06342201202988795
261 262 0.3938441495866103
262 297 0.5011774116828152
262 263 0.28993658123040633
263 298 1.3088050957257265
263 264 0.6042526990251506
264 299 1.1633069140571481
264 265 -0.2965827228419768
265 300 1.3101078232647476
265 266 -1.383883934592457
266 301 1.290383634506091
266 267 -0.2784461544073288
267 302 0.8338238679269095
267 268 0.5958312192015686
268 303 -1.3557203815464751
268 269 -0.04149214247077243
269 304 0.18182117437000303
269 270 0.6713955335474526
270 305 1.0655342321063035
270 271 -0.5760073294202064
271 306 1.8835990549762547
271 272 -1.5402851332823688
272 307 0.9067547975073326
272 273 -0.10074137185336125
273 308 0.8526475992810788
273 274 -0.5178125036824627
274 309 0.7862185907526645
274 275 -0.5361452440506774
275 310 -0.5642360088371859
275 276 -0.08748661181304788
276 311 -2.076680704373591
276 277 1.289895113623971
277 312 -0.05414774956717091
277 278 -0.06296690514338434
278 313 1.214188967231086
278 279 -1.1638896606698677
279 314 0.17697793621791458
279 280 0.9067042846657659
280 315 1.8543320558622747
281 316 0.7562932755826117
281 282 -0.9618952774703022
281 315 -1.0828206448079924
282 317 -0.3933952051830705
282 283 1.1430230066946074
283 318 2.262553549151929
283 284 0.21886053769249672
284 319 0.18880729133154436
284 285 0.677702959676916
285 320 -0.8510588689053559
285 286 0.9531171598523044
286 321 0.6100494674946807
286 287 -0.07422593171756738
287 322 0.7339812370189216
287 288 0.004970398604754976
288 323 -1.6924882137770412
288 289 0.1977009519109046
289 324 0.7329187482937796
289 290 2.4931917673806523
290 325 0.6435371373406222
290 291 -1.0225703628710907
291 326 -1.1887262492290551
291 292 -0.40726976823497774
292 327 -0.14022908904987536
292 293 -2.3104775670862514
293 328 -0.6679802256379167
293 294 1.3801490206964688
294 329 0.8257470155193185
294 295 0.519912880903608
295 330 -1.0261300986913764
295 296 0.11250445579677597
296 331 -0.34679409187472493
296 297 1.7395270296619814
297 332 0.3360427252357932
297 298 0.6825679152150347
298 333 -0.7561903149581549
298 299 -0.4400082397456123
299 334 0.24837523295597833
299 300 -0.07949993734781499
300 335 0.24411189642544165
300 301 2.940891642014732
301 336 -0.5657755960445091
301 302 -0.17027830393191482
302 337 1.3951389738995787
302 303 -0.2465831766887828
303 338 1.1451685791510022
303 304 2.532783533003715
304 339 1.0096623029340221
304 305 -0.23088460490481655
305 340 -0.6200168657824132
305 306 -1.1161062475038037
306 341 -1.1309709082870876
306 307 0.47586071656248596
307 342 1.7686119212604892
307 308 -0.32901918606323577
308 343 -0.20395194611374018
308 309 -0.5126016740426137
309 344 0.7734794737614912
309 310 -0.5766144381363083
310 345 -0.8053130865895627
310 311 0.7489388770962678
311 346 -0.9899572250852964
311 312 0.7112378018059494
312 347 0.8755116830857214
312 313 0.033215583398941116
313 348 -1.792593474352602
313 314 0.3226612662655124
314 349 -1.419135839908623
314 315 1.8791108421334402
315 350 0.10065413130731866
316 351 0.17700967170547247
316 317 0.5582591457542119
316 350 -0.5044262810354887
317 352 0.4873855092999605
317 318 1.2058192149916027
318 353 0.5362703456341993
318 319 1.204591489270779
319 354 -0.7465026948280642
319 320 -0.6662228006154579
320 355 0.3635947848350877
320 321 -0.11314494694957988
321 356 0.1587493382386231
321 322 -0.18877572919564778
322 357 0.4103364384464142
322 323 -0.20100248179935515
323 358 -1.245159416605391
323 324 0.1908341636496155
324 359 -0.5958864455020805
324 325 -0.43060485563481354
325 360 1.2356145559570901
325 326 0.46377015792777526
326 361 1.7563551594365818
326 327 -0.5423422237508427
327 362 -0.7752062186830591
327 328 0.41923582423372224
328 363 1.1453523309600522
328 329 -0.323147742364633
329 364 -0.8498974345715997
329 330 1.9244589656449362
330 365 -1.0963321331836273
330 331 -0.6276920612872763
331 366 -1.428498824988946
331 332 0.4696066639558917
332 367 0.5386220446215763
332 333 1.5164383374872232
333 368 -1.1353256827801275
333 334 0.07549602656414887
334 369 1.8838755162236518
334 335 -0.6186200575526648
335 370 0.6891217896478717
335 336 -0.09919865038588886
336 371 0.8451037525170761
336 337 0.4514120365804414
337 372 0.29571565283489226
337 338 -0.24156709754134034
338 373 -1.7560497283784446
338 339 -0.8746748265188801
339 374 0.1288481213366854
339 340 0.259937657690652
340 375 -1.3205351947648107
340 341 0.1148532460989521
341 376 -0.3467624540278209
341 342 -1.0475471753426087
342 377 0.24673634582853635
342 343 0.8772613767867419
343 378 1.7023633122281698
343 344 1.2914604722719663
344 379 -1.5031153574746443
344 345 0.012793188018067048
345 380 0.20223478371901887
345 346 0.5293283630371967
346 381 -0.3845884058889559
346 347 -0.9103439442877197
347 382 -0.18358594406704232
347 348 1.0330890730633815
348 383 0.9212125462915572
348 349 0.05994804892053348
349 384 0.48496396514088647
349 350 1.2762980218192586
350 385 -0.6606971928081181
351 386 0.8707455264327071
351 352 -0.6384198350814896
351 385 0.26233926589258466
352 387 0.25830179172113077
352 353 -0.37534575492282385
353 388 -0.4089306073386248
353 354 -3.7217380740325834
354 389 -0.9358483556875586
354 355 1.345899824593441
355 390 -0.8399897156740965
355 356 0.10946173215562131
356 391 0.7964890422811253
356 357 -0.25439884549678743
357 392 -0.6732907807996076
357 358 -0.02067339311409776
358 393 0.9677799012414338
358 359 -0.97418339878177
359 394 0.45769410193542737
359 360 -0.11121961970363042
360 395 -1.8268271376316692
360 361 1.6119788004159483
361 396 -1.9660614558745695
361 362 -0.9111138644766189
362 397 -0.1971786619150186
362 363 -0.22909615074115047
363 398 -0.7841563339711591
363 364 -2.069561357264422
364 399 0.036326560327250325
364 365 0.741760104150262
365 400 0.6105343724153828
365 366 0.00041367899667879197
366 401 -0.431561932159665
366 367 1.656683185075451
367 402 -1.220813846424468
367 368 -0.36110940553001625
368 403 0.8131185931374151
368 369 -0.5518343998919168
369 404 -0.5328588123796903
369 370 -1.0914306639990805
370 405 0.28201369766640394
370 371 -0.6614494333912113
371 406 -1.3106003160251152
371 372 0.8297858904791376
372 407 -0.6938752488959792
372 373 -1.0015408400436123
373 408 0.009031875296728997
373 374 -1.1700725331564596
374 409 -0.17914135924107433
374 375 0.3146158537924718
375 410 -0.3734354540657961
375 376 0.45889711016558665
376 411 0.692416607974428
376 377 1.054746302929053
377 412 -1.0633155400095013
377 378 -0.4563716305474631
378 413 -0.1340146538175872
378 379 -0.32258631783517394
379 414 0.31666807882933695
379 380 -0.41301626219994786
380 415 1.1142908066053454
380 381 -1.6424244376758181
381 416 0.38391723611331696
381 382 0.9212987411919588
382 417 1.1419417974049366
382 383 -0.616871310275807
383 418 -0.4361680977694258
383 384 1.1661787710194822
384 419 0.6733914875030665
384 385 -1.3901081708528404
385 420 -0.19478156473108518
386 421 0.7903713046893973
386 387 0.16425521556609043
386 420 0.46814933597325953
387 422 1.6100034993542238
387 388 0.7210181998471547
388 423 -1.8713599072785747
388 389 -0.34470101416473076
389 424 -2.27194849493337
389 390 0.4448820746352258
390 425 0.8011827464502261
390 391 0.27593020425584264
391 426 -0.8845305179307295
391 392 -0.32894099257419696
392 427 -0.2075950891916102
392 393 -1.755213626530698
393 428 0.5283995476644977
393 394 -0.1838478849410994
394 429 1.3037796845303893
394 395 -1.5494261185856553
395 430 0.5809486114447789
395 396 0.09557572431803973
396 431 -0.9101015186847993
396 397 -0.730642325771368
397 432 0.19233053799844296
397 398 -0.15040053000824397
398 433 -0.7154338648372193
398 399 -0.8535278363093659
399 434 -0.2674833617703208
399 400 2.0506051365310998
400 435 -0.4586785135622399
400 401 1.8046000030046954
401 436 0.8996153833329016
401 402 0.8250292599039495
402 437 0.08843551257598736
402 403 -0.5994106442636642
403 438 -2.025969673915167
403 404 -1.1146261313239647
404 439 -1.6113904592518988
404 405 0.8356761054950289
405 440 -0.9941169422706441
405 406 0.9482447576670229
406 441 0.5644044451478812
406 407 1.7158697555270281
407 442 -0.8093505987955976
407 408 -0.30727377165176967
408 443 1.4316927092419576
408 409 0.7659235161407141
409 444 0.44504546155858604
409 410 -0.8162295081833546
410 445 1.6114089529682
410 411 -1.5494558110225256
411 446 0.4870584285775935
411 412 0.5352738507638989
412 447 -0.2689536708099866
412 413 0.486991225353344
413 448 0.19093968125099006
413 414 0.32499813189187526
414 449 1.0506579590358565
414 415 0.19273204614347897
415 450 -1.3539748391644666
415 416 0.22425093491789191
416 451 1.391575906945377
416 417 -0.8255921279581309
417 452 1.3072606062689842
417 418 -0.6772196496975234
418 453 -0.9454641310088386
418 419 -1.339246006740076
419 454 -0.30569190804914165
419 420 -0.07442567737205974
420 455 2.028326882592764
421 456 -0.9252314386329994
421 422 -0.47623004273934216
421 455 -0.04333877358074403
422 457 0.8324454452028048
422 423 -0.39414288171498874
423 458 -1.6347789543185625
423 424 1.2878368716252138
424 459 -0.7487629751351668
424 425 1.1959151550911422
425 460 -0.6478199115879946
425 426 -0.13691387983431438
426 461 1.7114765796180793
426 427 -1.2969071460819566
427 462 1.4750973907074072
427 428 0.6347041851102869
428 463 3.1014119220671628
428 429 1.236848314820504
429 464 -1.2029304740644593
429 430 0.1433776780500397
430 465 0.18774035688062593
430 431 -0.2215108698890105
431 466 -0.40913324946337226
431 432 1.0410583929335795
432 467 0.08816468263665947
432 433 -0.4067562990315194
433 468 -1.8737536187905561
433 434 -0.19663917671962414
434 469 0.4793209138733913
434 435 -0.2268823023370423
435 470 -0.10656195454136369
435 436 -0.04149481103591123
436 471 -0.05020821831957349
436 437 -0.30776405920125655
437 472 0.7831032644270531
437 438 0.22387320273464806
438 473 0.9622147764336397
438 439 -0.8290489594498003
439 474 -0.7638139380314793
439 440 1.1328848213039717
440 475 1.781009561864379
440 441 -1.8612028392366682
441 476 -1.1289007025332076
441 442 0.10606631200515933
442 477 1.0748011301062974
442 443 -0.7993091137880352
443 478 -0.46470641056290124
443 444 0.17826959789779748
444 479 0.0866451590944031
444 445 0.8801229187860407
445 480 -0.36124750531581173
445 446 0.3832277341813799
446 481 -2.74173957020588
446 447 0.1259567293416663
447 482 -0.551986875645732
447 448 -0.37579991805320767
448 483 0.5036762457740077
448 449 -1.0424594855081366
449 484 -0.6806600336983383
449 450 1.5616663686997867
450 485 -1.2448372870913496
450 451 0.5579023223033434
451 486 2.0373464564942227
451 452 -0.26128100077890176
452 487 -0.9089999822756533
452 453 0.07410774368101215
453 488 -0.2762217774026131
453 454 -1.2944784733172328
454 489 -1.4047918920680378
454 455 0.5654568385627399
455 490 -1.9491311571656904
456 491 -0.3799143931618042
456 457 0.5231624937311169
456 490 0.003214590579647801
457 492 1.6766259491232003
457 458 0.007884140417927501
458 493 1.172275421358661
458 459 -0.9126342355661066
459 494 0.1351735372234664
459 460 0.6271620795089813
460 495 -0.9016946434522728
460 461 -0.12088518379616262
461 496 -0.8425298466714446
461 462 -0.47430275583468323
462 497 -0.854172597939498
462 463 0.4283035313408275
463 498 -0.665681795647783
463 464 1.0731417701606905
464 499 -0.6933742166729966
464 465 -1.3907922977675091
465 500 -2.014543430076174
465 466 -0.42671209674538546
466 501 -0.5262140840243689
466 467 -0.6332043015911285
467 502 -1.723124368259343
467 468 0.5535289557184141
468 503 -0.44534442478323416
468 469 -0.07387255750839952
469 504 -1.591980307136064
469 470 -0.11108269960225839
470 505 -1.1240535145561716
470 471 0.22916161967268867
471 506 -0.66753774351292
471 472 2.5256055839491167
472 507 -0.8245629377747716
472 473 0.3448302144656776
473 508 1.6532044644581254
473 474 0.8160041313716266
474 509 0.6127227893241094
474 475 -0.03329865131863028
475 510 -0.5438786556413814
475 476 -0.8317070051561622
476 511 -0.2566330801228049
476 477 0.6362057420907238
477 512 -0.13797303987739595
477 478 3.0960602221122087
478 513 -1.3325826804904133
478 479 -0.8021858980544848
479 514 0.8532855751274859
479 480 0.9335227481359409
480 515 0.5362615839315065
480 481 -1.4387817483854335
481 516 -0.49691272162939415
481 482 0.4839336472371078
482 517 2.61220504241943
482 483 -0.7529369966064015
483 518 1.0189341283380178
483 484 -0.11905172690851594
484 519 1.5334797187536044
484 485 0.6616811670574346
485 520 0.9538450101952832
485 486 0.9671657184225662
486 521 1.9564044030560797
486 487 -1.9286492037690706
487 522 1.9515923723392847
487 488 1.2833548664237744
488 523 -2.401141292199655
488 489 -0.3599506516154897
489 524 0.7581875114363901
489 490 -0.9308973911394669
490 525 1.4849212838289756
491 526 1.31387978770556
491 492 2.340385014248154
491 525 -2.5009963702909106
492 527 1.491296466206345
492 493 -1.5724957403012185
493 528 0.949546400109987
493 494 0.2558364411001676
494 529 -2.5707265128471586
494 495 0.30024149112789683
495 530 -1.6959748178558918
495 496 -1.3212141491864613
496 531 0.5187217974085802
496 497 -0.5955164403057548
497 532 0.36184592681417665
497 498 0.5620450083629236
498 533 0.6891923839349468
498 499 1.5664572945252349
499 534 -0.5397062439720096
499 500 1.5457424398153796
500 535 1.0389696042153116
500 501 -0.36812892970517086
501 536 1.235243912230564
501 502 -1.9675619480759763
502 537 2.493133468636291
502 503 1.785102796032735
503 538 0.0201388515475281
503 504 -0.8060788461982632
504 539 0.4194614319195311
504 505 2.5939943980695706
505 540 -0.839625076759104
505 506 1.2939543508337967
506 541 -0.5091255798118964
506 507 -0.3949491686368115
507 542 0.7825580853109888
507 508 0.3631861037763553
508 543 0.22988979938567308
508 509 0.5910491742185927
509 544 0.07839421531429351
509 510 0.16704255688049258
510 545 1.1734868916790513
510 511 0.5113981376946135
511 546 -0.14945641171058094
511 512 0.6322448498517395
512 547 0.5026463920547622
512 513 -0.14284448075092301
513 548 -0.028379577662669547
513 514 -0.607901025321842
514 549 0.0726697780350345
514 515 -0.1557581252859818
515 550 -0.649897575287746
515 516 0.24596438176141916
516 551 -0.5234094818638124
516 517 -1.1041397921213232
517 552 -0.5447984859829798
517 518 0.7163568472909766
518 553 -0.9419858875245011
518 519 1.5186498766152259
519 554 -0.3289868465301723
519 520 -0.5108736107557609
520 555 0.1218522182712953
520 521 -1.1828739192323647
521 556 -0.5757305206325787
521 522 -1.1436156970164206
522 557 -0.6816470890397316
522 523 -1.8486224739768242
523 558 1.1039189079493237
523 524 0.27937147397538314
524 559 -1.620703964793123
524 525 3.333141307612689
525 560 0.401098161527478
526 561 -1.813159680651607
526 527 0.624685108902688
526 560 0.6878381913338448
527 562 1.1516701125119093
527 528 0.3712497762297028
528 563 1.699646650798894
528 529 1.0301515341546525
529 564 -0.4381309925541393
529 530 0.3313309508555156
530 565 -1.4782120545628086
530 531 0.756603097812698
531 566 0.5861122101361682
531 532 -0.26536351039121
532 567 -0.6518380057431304
532 533 -0.3439720907272261
533 568 0.32060112693027215
533 534 -0.16348228624926747
534 569 0.6584540769749806
534 535 -0.5291286036301496
535 570 1.597970722248709
535 536 0.16112936910170858
536 571 0.8631897515501421
536 537 0.26573505074361525
537 572 -1.0777348066772972
537 538 -0.2230885643169583
538 573 0.19271905944453543
538 539 0.6312221747792306
539 574 -0.26411236564418655
539 540 1.1473352912837944
540 575 2.2357729510060547
540 541 0.1438309029156436
541 576 0.184208328810035
541 542 -0.5414001573179148
542 577 -0.9334345115168025
542 543 1.2824877047506718
543 578 0.4363043797814564
543 544 -0.07673658430986711
544 579 -0.1961318799404794
544 545 1.6634649828859003
545 580 0.14300726437545014
545 546 1.0480869722886241
546 581 -0.4906544904719552
546 547 0.5633878742162155
547 582 -0.4824123139370058
547 548 -1.8233122132846535
548 583 -2.1817237681119996
548 549 1.692401791903168
549 584 0.6377830375720328
549 550 0.2808580511727156
550 585 0.3051681490620178
550 551 1.0690607904171519
551 586 -1.5120323923893213
551 552 0.5460328664319213
552 587 0.26172035804978805
552 553 -2.250583973068992
553 588 -0.6773516490529568
553 554 0.3634401213696217
554 589 -1.2873641608822854
554 555 -0.42786073070149067
555 590 -1.0066436805465053
555 556 0.3663438673515324
556 591 0.8073930467869125
556 557 -0.20843478406196456
557 592 -0.5692247166111049
557 558 -0.7370462064891802
558 593 0.6827218468948816
558 559 0.5088129835657558
559 594 -0.45807951149874454
559 560 1.7719774536701967
560 595 0.5492203494977066
561 596 -0.28979275207860133
561 562 -0.7055729229808166
561 595 1.206947781441437
562 597 0.14618282911002328
562 563 -0.9995263645977193
563 598 1.383111439018159
563 564 1.5084207494760666
564 599 0.19147455730504362
564 565 -0.6820137879283846
565 600 1.8498247386305438
565 566 0.49607804055561594
566 601 0.3303697650387277
566 567 0.7420225108214407
567 602 0.542390779686348
567 568 -0.8709531874810328
568 603 -0.7193167095377969
568 569 -0.16541606630263608
569 604 0.35619972937506755
569 570 -0.28875793368440306
570 605 0.3952562179875422
570 571 1.8489896689921972
571 606 0.7952796384882985
571 572 2.0276454982683703
572 607 -2.042924243890898
572 573 -0.5179269810421285
573 608 -0.6895880666266087
573 574 0.6441113456999481
574 609 -1.2676382566278468
574 575 -3.0283946658358816
575 610 -1.1876318508714123
575 576 -0.9036084032065955
576 611 0.5004407298670104
576 577 -1.0758771384756383
577 612 -0.8586922816332917
577 578 0.8095595188262903
578 613 -0.9256672910693287
578 579 -1.5590788695536797
579 614 -0.12608105368068478
579 580 -0.9316796117423566
580 615 -0.5859907666335193
580 581 0.1463471553216922
581 616 1.4845830284940054
581 582 0.34530383668408854
582 617 0.7600279991089697
582 583 1.184186595318076
583 618 -0.420106156910671
583 584 -0.6446666110878172
584 619 -1.2305154874369262
584 585 0.29344888924900375
585 620 -0.06902955006292946
585 586 1.284183282340527
586 621 -1.5707590699094636
586 587 0.6175866276976495
587 622 -0.8603883986101043
587 588 -0.061505456341286874
588 623 -0.3229618016752576
588 589 0.40752764120330637
589 624 -0.7908494654037821
589 590 1.2364167601082623
590 625 0.4574516179282707
590 591 0.11820501362938805
591 626 1.414888634505144
591 592 0.43150988630709763
592 627 -0.6029649492680663
592 593 -1.3056269862822014
593 628 0.19602318120732892
593 594 -0.39892546964229164
594 629 0.13659089122991638
594 595 -0.14841562665461738
595 630 1.1823486306442759
596 631 -0.3463797100937942
596 597 -0.18932198668666797
596 630 -2.3202217133308927
597 632 0.8526542289921765
597 598 1.307528723768914
598 633 2.3081456062761276
598 599 1.132615486915718
599 634 -1.290685022120893
599 600 -0.43391918093547893
600 635 -0.44137400943873095
600 601 0.011316110775212931
601 636 2.272003487079428
601 602 -0.47944881518932514
602 637 0.03429607710607736
602 603 -0.1336878721156489
603 638 -0.21874416219621215
603 604 0.03410552991808659
604 639 -1.4553615731429748
604 605 0.26585656583722145
605 640 -0.8685406057306746
605 606 0.49522752486738086
606 641 -0.45251431934122865
606 607 0.8592723922364953
607 642 1.562854938051264
607 608 -0.029242786406260265
608 643 -0.40749318919329797
608 609 0.8623912604643925
609 644 0.026472073165237954
609 610 -0.8922011852044281
610 645 -0.3030929184177885
610 611 -0.7659639474938194
611 646 -0.14457644579887877
611 612 0.8628379321389819
612 647 -0.4187612914361462
612 613 -0.5919050499049975
613 648 -0.6305192472334793
613 614 0.5417569491470805
614 649 0.14733109981428302
614 615 0.22536975031135406
615 650 -1.1667868896244946
615 616 0.5096059452957692
616 651 -0.42720404392316647
616 617 0.5775305814952547
617 652 0.49411580869063915
617 618 -0.7743580871728322
618 653 -0.14015767304071863
618 619 -2.350183449840503
619 654 1.9559179656601995
619 620 0.5153760582166829
620 655 -2.2454769825231637
620 621 0.043811848957932054
621 656 -0.9366265728473772
621 622 0.22637094478098976
622 657 1.1940883708124816
622 623 0.7606673945453386
623 658 -0.19329252139240322
623 624 0.5236206860489445
624 659 1.347179319133023
624 625 -0.4363621230684
625 660 -1.369291688640247
625 626 -0.8405351176876564
626 661 0.7936654210466583
626 627 0.911565243630888
627 662 -0.26738544836157
627 628 0.1584711829494675
628 663 1.6707622258955068
628 629 0.2936443546544967
629 664 1.232712313316825
629 630 0.5230140564212677
630 665 1.1968164569264075
631 666 -1.5471257519313335
631 632 -0.40791057135548775
631 665 0.07228662414570132
632 667 -0.5027066125449388
632 633 0.47058738680317735
633 668 0.20031311311039648
633 634 0.8587060636439063
634 669 -0.7625527557001505
634 635 -1.0764718512920195
635 670 -1.0572424896505366
635 636 1.4009995706279885
636 671 0.5481028324483441
636 637 -0.7818271777631282
637 672 -2.21893067724545
637 638 -0.5165998226587453
638 673 0.04794630997237699
638 639 -2.12736726290692
639 674 1.0740433526965185
639 640 0.027545385189341125
640 675 -0.7479907209394339
640 641 -0.6768033883274948
641 676 -0.046599775100073494
641 642 0.870398885334556
642 677 0.6701750506884648
642 643 -0.5911932889057058
643 678 0.2756101633027697
643 644 -1.3308316285370774
644 679 -0.26374627868854056
644 645 -0.5092846019079988
645 680 0.22705794326473525
645 646 0.2897262924180872
646 681 0.7105045703130185
646 647 -0.19708803502133568
647 682 -0.3833936813857515
647 648 -0.059387305600832586
648 683 -0.5637958541154201
648 649 0.5443222324624156
649 684 -0.14565032187242558
649 650 -1.2201568558374636
650 685 -0.16795986006674551
650 651 -1.1987102440690014
651 686 0.21284086789895476
651 652 1.1994607768036036
652 687 -0.07303815259223138
652 653 0.31656018433612276
653 688 1.005432999983789
653 654 -0.2718564583192781
654 689 1.0597937494833773
654 655 2.141439201337575
655 690 -0.9471170175481087
655 656 1.1173954006365008
656 691 -0.4377021884893523
656 657 2.313364867365398
657 692 -0.5309750933315402
657 658 2.520418547661071
658 693 0.47716031352117794
658 659 -0.39451568317543934
659 694 0.23299286866488703
659 660 0.1463889706715816
660 695 -0.21589115562276834
660 661 -0.10168307810181054
661 696 -0.6039079689677841
661 662 0.5091918281874119
662 697 0.2144459212716412
662 663 1.419398836551716
663 698 -0.21384134821164336
663 664 0.4800801970051476
664 699 0.6538236277504897
664 665 0.6457279541983814
665 700 0.07649314893596468
666 701 1.0725060997671025
666 667 -0.3386833024137493
666 700 0.6327200095969782
667 702 -0.29051442991797993
667 668 -0.3133498940250109
668 703 0.8902966738146566
668 669 -1.5306781153251894
669 704 -0.6809238809064988
669 670 -0.27132200323415795
670 705 -0.6031907527194272
670 671 0.2833765555604233
671 706 0.34400577066096816
671 672 -2.7081141889641542
672 707 0.24547769730277325
672 673 0.8280392340851859
673 708 1.2914936175093283
673 674 1.41501511961965
674 709 -0.386307586235414
674 675 -0.4663389466242069
675 710 1.0236028751638642
675 676 -0.5473495755949093
676 711 -0.620460925381344
676 677 -0.19803407755371416
677 712 0.9298138654288765
677 678 0.10299121439561998
678 713 -0.5973703757557439
678 679 0.8827110580677725
679 714 -0.40496682916739035
679 680 2.633451174544788
680 715 0.009375075007514552
680 681 0.024245515140939596
681 716 2.1303020818051404
681 682 0.27512566671976096
682 717 -0.7986221531001693
682 683 -0.056718689012335954
683 718 0.23481925150100888
683 684 -1.0001404578711637
684 719 -1.6268434378369219
684 685 0.9933650484837248
685 720 1.274831638267525
685 686 -0.9889969116902505
686 721 -1.3591172571507124
686 687 0.5951497586987428
687 722 0.3326346009111366
687 688 0.44510625379091007
688 723 0.5419297580776112
688 689 0.17745762577336344
689 724 1.5261647147043664
689 690 0.16080228607104463
690 725 -0.04105339419406184
690 691 -0.7323334021703511
691 726 0.5961342510603791
691 692 0.7963989063718597
692 727 -0.1884992392839827
692 693 0.5323984216954049
693 728 1.0497953084670213
693 694 0.5773080249398866
694 729 0.532958413397277
694 695 0.3852823133395805
695 730 0.4401696542870173
695 696 0.10660576656121548
696 731 2.4491974244709582
696 697 -1.2241619831943211
697 732 -0.4660715411886881
697 698 -0.39098935765205833
698 733 2.7426898235643917
698 699 -0.24759080957803006
699 734 -0.3584163287105767
699 700 -1.2981277047013025
700 735 -0.41880241698735493
701 736 0.19958581300001133
701 702 -0.137904198461035
701 735 1.463164822567334
702 737 0.39922918146832914
702 703 -0.16336019789639247
703 738 -0.9236145320867073
703 704 -1.427586832205411
704 739 -1.5462634674169853
704 705 1.6889773608627068
705 740 1.2825116788714044
705 706 -0.03571539921291762
706 741 -0.13473638677051256
706 707 -1.1572056148936658
707 742 2.620362622905063
707 708 -1.1853414629148404
708 743 0.04069919354344045
708 709 0.15437566748875173
709 744 -0.09110234085410941
709 710 0.05959098272736924
710 745 1.8315443500313509
710 711 1.0041107297638951
711 746 -1.0331490675159438
711 712 -0.5698979476963136
712 747 0.8426764857843982
712 713 -0.20547025801407232
713 748 -1.1272975383941697
713 714 -0.41925143002532544
714 749 0.8497548252187428
714 715 -0.8568694247714898
715 750 0.7973296255156409
715 716 -0.9636676287152826
716 751 -0.6814074576412563
716 717 -0.7593754928854279
717 752 -0.41127643267916214
717 718 -0.10664002787585393
718 753 -0.5266820619611556
718 719 2.0081827572589526
719 754 -1.9168702042472792
719 720 0.8900798576734664
720 755 0.643484178795845
720 721 -0.06649982910783377
721 756 0.7857034837830543
721 722 0.3318008339374471
722 757 -0.26478739703576876
722 723 -0.9374948956418323
723 758 0.014071231416175034
723 724 -0.25596456881943624
724 759 -0.6349754908668847
724 725 1.3089170512655288
725 760 -1.231032694681816
725 726 -1.2678133870271995
726 761 0.09347843045780542
726 727 0.9151264208804588
727 762 0.756530633115236
727 728 0.4252370194505866
728 763 0.7903389845407119
728 729 0.1553582240061423
729 764 -0.6326263563195623
729 730 0.5237868394564362
730 765 1.4580690878076334
730 731 -0.6529962036798477
731 766 -0.3239344182961447
731 732 -1.8669060270907936
732 767 0.6666395280089633
732 733 -0.28485953806620756
733 768 -0.19317237093172182
733 734 -0.565961237594514
734 769 -0.5466236385878306
734 735 -0.10305855635190644
735 770 -0.27102921973430427
736 771 -0.9220066798060439
736 737 1.247419128183213
736 770 -0.3808317706510711
737 772 0.028876404348361393
737 738 -2.090734233498465
738 773 -1.8329426125283674
738 739 0.3308803844805781
739 774 -0.9194077425979348
739 740 1.1229240601446189
740 775 -0.8292978604700182
740 741 -1.41056605269865
741 776 -0.14530508364028472
741 742 -2.1153926063463846
742 777 0.7199718206039639
742 743 1.0042858187203874
743 778 -1.1808882089274328
743 744 -0.9851226954134391
744 779 -0.6786430654824422
744 745 2.128064207938346
745 780 0.08493417012343799
745 746 -0.554149785463787
746 781 -0.8966515566540193
746 747 1.5323770661393261
747 782 1.720145274832176
747 748 1.5035777856672787
748 783 0.6207461144543952
748 749 0.3093204646825701
749 784 -0.985638900773608
749 750 -0.04602829960185625
750 785 -0.35163303164857795
750 751 1.0824998632579121
751 786 -1.6049370884633667
751 752 -1.3971840129560786
752 787 1.5612123542478216
752 753 -0.10412006204403358
753 788 -0.15087309835146576
753 754 -1.8990925488292607
754 789 0.8095279009392413
754 755 -1.4340231291744436
755 790 -0.8336293186278482
755 756 -0.4018543720341373
756 791 -0.8909018372206646
756 757 -0.2794873402336208
757 792 0.31495305265967916
757 758 0.6411266848825643
758 793 0.6132035069535631
758 759 -0.4783956594594351
759 794 0.8947236213249108
759 760 -0.29698229772898693
760 795 -1.1504184664610966
760 761 -0.1624654429733167
761 796 -0.5707325394944126
761 762 0.8683465584151775
762 797 0.05361267407485384
762 763 0.2372581760743179
763 798 -1.1301809275115664
763 764 0.12276458618078981
764 799 1.3842608990183565
764 765 -0.7526820187122464
765 800 1.0622112198258755
765 766 0.8110614416537942
766 801 1.3730153771106426
766 767 -0.007766462562898604
767 802 -0.29530987308389445
767 768 0.1333376509946324
768 803 -1.4453873474119325
768 769 0.7924438625579201
769 804 1.0033805598088046
769 770 0.78712753187012
770 805 -1.3868144851407784
771 806 -0.05400591630338395
771 772 -0.6045266938328747
771 805 1.1824749990618713
772 807 1.0117361170900991
772 773 0.0061997518858031425
773 808 1.713144870502021
773 774 -0.5754791639802128
774 809 1.6924509574557143
774 775 -0.704622943265785
775 810 -1.5728369804271698
775 776 -2.1507127761526896
776 811 -1.3267002174855134
776 777 -0.11893553541624353
777 812 -0.41927285991732455
777 778 -0.6759394999142362
778 813 1.174563067186925
778 779 -1.4703096034467356
779 814 1.101621707641417
779 780 0.08593939625850243
780 815 -0.1800526802380682
780 781 -0.3891092553919356
781 816 -0.74193440495765
781 782 -0.9658814703081062
782 817 -0.013686310898356582
782 783 -0.7139498655851757
783 818 -0.16202784599601855
783 784 0.6651412194122281
784 819 -1.5259493832126283
784 785 0.9204195050869189
785 820 -0.8446622317786728
785 786 0.5972408353871492
786 821 0.06542302118171918
786 787 0.21245968912166532
787 822 -0.6444580683741858
787 788 0.3086281132646411
788 823 0.5055881400954334
788 789 0.8949431635861524
789 824 -0.9145736963850073
789 790 -1.1423568785638147
790 825 0.13265335312833365
790 791 0.9198775517984309
791 826 1.1061518185473118
791 792 0.5851452088838458
792 827 0.5490288972088038
792 793 -1.1183334560802778
793 828 0.5116406268744683
793 794 -0.540099114367156
794 829 0.977680817282168
794 795 0.6541887837103377
795 830 -0.44717423964025016
795 796 -0.7520094679450722
796 831 -0.3068296199220801
796 797 -0.5637032305203081
797 832 -0.6656180623819539
797 798 -0.5789496982265842
798 833 -0.930725649481248
798 799 -0.18293494968834453
799 834 1.2150370979896767
799 800 -0.056964092979332276
800 835 -1.2814808828023265
800 801 -1.0507918850524647
801 836 1.349530217651737
801 802 0.09586563335521893
802 837 0.6734952768310731
802 803 -0.7040602059000909
803 838 -1.7411298901253982
803 804 -0.48845395404884606
804 839 -0.9934392144952127
804 805 0.4706483235123047
805 840 -2.043847710253311
806 841 1.3590214772236098
806 807 1.0732033344604635
806 840 -0.046960226630131496
807 842 0.1038229456543707
807 808 0.8855126577334054
808 843 1.369513998472062
808 809 -1.002456839482853
809 844 -1.5885337669938093
809 810 1.2406761684563599
810 845 0.6992738952234809
810 811 1.8105739784889738
811 846 -0.08995940008888342
811 812 -0.5369860958195328
812 847 -1.8439745546668915
812 813 -0.7424984281178706
813 848 1.9820465143283967
813 814 -0.9505129880699879
814 849 1.6680937813442367
814 815 -0.30491341811984607
815 850 -1.267716697503315
815 816 0.2794624901891866
816 851 0.003973385739163149
816 817 0.4594635181611895
817 852 -0.4680865125200841
817 818 -1.4261518585839499
818 853 -0.31260648236556265
818 819 -0.7231235775663566
819 854 -1.617707442755612
819 820 1.0084272579604459
820 855 1.413081962887784
820 821 -0.09411780094396636
821 856 -0.2603706049072597
821 822 1.4903861533048985
822 857 0.9372298459172057
822 823 0.289931314753983
823 858 0.8549060764729565
823 824 -0.9249175719500612
824 859 0.16996368215870625
824 825 -0.1844262084294412
825 860 -0.5933844782875126
825 826 1.1078782308101378
826 861 -0.6750456987706033
826 827 0.261588834922795
827 862 0.23031150359979047
827 828 1.403471733944428
828 863 -1.0918235208193483
828 829 -0.5805974675620328
829 864 2.4210157719450454
829 830 1.4319014218443966
830 865 -0.31902189172525264
830 831 -0.0456342537745994
831 866 -1.016104261601532
831 832 0.007301952506104936
832 867 0.15504536908571326
832 833 -1.4596213601229435
833 868 -0.3167373713244611
833 834 1.089675132222459
834 869 1.5704399249551855
834 835 2.3691783980061527
835 870 -2.029698705998833
835 836 -0.502669866071516
836 871 -1.8843828409133418
836 837 -0.6006118378013877
837 872 -0.9779951154506762
837 838 -0.4181311329720694
838 873 -0.011804266324966426
838 839 0.33991357244596404
839 874 0.15113871130830703
839 840 1.4983083266574517
840 875 -1.116592682715396
841 876 -0.419018926553224
841 842 0.2702220850858522
841 875 0.6404242248109782
842 877 -0.32705539256823446
842 843 -1.758658036119355
843 878 -1.2489851047486649
843 844 -1.1267116720572001
844 879 -0.27682028865978087
844 845 0.27840762932485613
845 880 -0.8102164408095973
845 846 -0.1703913194015293
846 881 0.40388569366891947
846 847 -1.7578947022558065
847 882 0.738830720086266
847 848 1.770384350564093
848 883 -0.6407762318647744
848 849 0.25452509055753236
849 884 -1.4234915959772012
849 850 1.382432176314503
850 885 1.7266372699266115
850 851 -0.21175033886915043
851 886 0.8216751782016865
851 852 0.5614565175244135
852 887 -0.889477899893331
852 853 0.09792027529960186
853 888 0.031295367673223336
853 854 -0.33120793738316007
854 889 0.31957619103825075
854 855 -0.3814818852389741
855 890 2.9533450349743395
855 856 -0.3864332643972521
856 891 0.6079689357903373
856 857 -0.30339109759059
857 892 0.245242856754679
857 858 1.5602582230640876
858 893 0.39943512530008746
858 859 0.7839815354950692
859 894 1.0969096544409245
859 860 0.45825875254431264
860 895 1.0313272461414504
860 861 1.5062965620698001
861 896 -0.36421274217787214
861 862 -0.31362548661342715
862 897 0.0412190959319587
862 863 -2.839758685519969
863 898 1.3517513038524915
863 864 -0.7767308409194216
864 899 -0.16925121137310167
864 865 1.15699186186568
865 900 -0.2956031264061855
865 866 2.522187696568725
866 901 -0.7712756545365551
866 867 -1.0335809779394414
867 902 0.5138521784055817
867 868 2.334382955240739
868 903 -0.0008903300566069147
868 869 1.8689075734103766
869 904 -1.424488324982847
869 870 -0.6113904031358743
870 905 0.38459257871614877
870 871 1.1756420242679333
871 906 0.8381373173451443
871 872 -0.5524411799019758
872 907 0.7118696234582298
872 873 -0.6783698357273242
873 908 -1.0753819050658666
873 874 0.24914148572409192
874 909 -0.45349212635257397
874 875 -0.12542903871177025
875 910 0.9142057576124263
876 911 0.6526801828871275
876 877 -1.5086083195472326
876 910 -0.5639927652824669
877 912 0.8394107756614234
877 878 0.15432133146911423
878 913 -0.633856429238914
878 879 -1.4280613669339397
879 914 -0.9376421477598983
879 880 -0.09215556346893343
880 915 -0.24408274947628958
880 881 -1.2247926222812926
881 916 0.10959208466933103
881 882 1.3736223056254462
882 917 -1.4309219018322714
882 883 -0.12340511816588648
883 918 -1.4830817339296456
883 884 -0.46759863541323027
884 919 0.48634266468905235
884 885 0.5532645692102826
885 920 -0.15529950636926856
885 886 0.4844992026354928
886 921 0.5616800440253843
886 887 -1.2689194978472338
887 922 2.1708713106197766
887 888 1.6336851406823025
888 923 0.6944582717984296
888 889 0.46567488926297973
889 924 -0.806231805088028
889 890 0.4855145486565221
890 925 1.0580653813145855
890 891 -0.19260376444399532
891 926 -0.41722079564464565
891 892 0.8360462160605593
892 927 0.6439145689126613
892 893 -0.4446120996194996
893 928 -0.4995436049154663
893 894 -0.08015665347911953
894 929 -1.5726262118828824
894 895 0.5549864612259179
895 930 -1.2134354671491092
895 896 -0.1727074365539207
896 931 0.09661575593219464
896 897 -1.3899919334876827
897 932 0.18165666362259147
897 898 -0.49051857547724714
898 933 1.4097150777283132
898 899 -0.47130428978963207
899 934 -0.6860670903393313
899 900 1.6040372389635016
900 935 -0.6826848519473767
900 901 0.6584609463258692
901 936 -3.000945973448048
901 902 -0.27222158873358004
902 937 -1.286458125490074
902 903 0.04246748005779589
903 938 0.8020834918830438
903 904 0.9814602565019979
904 939 0.15581355268341948
904 905 0.939881032303156
905 940 0.6312155200379354
905 906 0.3675194572955006
906 941 1.0439018939307512
906 907 -1.0333188004708915
907 942 -1.5166069862153986
907 908 1.3537747834088278
908 943 -0.6306563024326848
908 909 1.2487719751532553
909 944 1.21421373391142
909 910 0.11919068236635116
910 945 -0.31615323380024735
911 946 0.20372579138243446
911 912 -0.6313388830766994
911 945 -1.4595843976505296
912 947 1.0050292242493084
912 913 -0.35192261997457486
913 948 0.15301333559206284
913 914 -0.607155056271197
914 949 -1.4257776030404459
914 915 -0.17448790426990654
915 950 0.032645812798387644
915 916 1.463821560078244
916 951 0.5863089886841929
916 917 0.9516863529283215
917 952 -0.6786072434543204
917 918 0.233830780195251
918 953 -0.852052061348108
918 919 -1.622566889692512
919 954 0.6070918918468994
919 920 0.25130801813246395
920 955 0.10531184006888018
920 921 0.6196935252801032
921 956 -0.7967173681998148
921 922 -0.39996247205681984
922 957 -0.16357200088912077
922 923 2.703132591842068
923 958 0.9191027020642777
923 924 0.1530213624266386
924 959 -0.0070434753389888045
924 925 1.7915401474549166
925 960 0.38679630813166693
925 926 0.543012768425126
926 961 -0.8328840895669346
926 927 1.809992510444117
927 962 -0.38013932305887693
927 928 0.28060279092523416
928 963 -0.7011735433851386
928 929 -0.6324762884145644
929 964 -0.9037112175305496
929 930 1.3046720038074668
930 965 1.4892031721098302
930 931 1.1947601315619771
931 966 -0.08366688326246066
931 932 0.9370474923254379
932 967 0.3950284324958731
932 933 -2.0147947454784605
933 968 1.4068359256801637
933 934 -0.44882856543543864
934 969 1.2913487656683238
934 935 -0.765743269830537
935 970 2.9117329069059332
935 936 -1.7476265936500557
936 971 0.5228178226328146
936 937 -1.2306687812817314
937 972 0.003089912733441436
937 938 0.29666492342931455
938 973 0.6035165978924288
938 939 0.7134225046033676
939 974 -2.55258931600616
939 940 0.11000609633426241
940 975 -1.2783816177210712
940 941 0.07801153575588686
941 976 0.20916811112593897
941 942 -0.9276680114716903
942 977 -0.5270459453370646
942 943 0.4517366144843823
943 978 -1.087829932805316
943 944 1.2972081493201706
944 979 0.5057739672290804
944 945 -0.22635093507610513
945 980 -0.46043982941986594
946 981 0.5641436500468805
946 947 0.09674929200379702
946 980 0.4269317958126727
947 982 -0.9641565338041058
947 948 0.1162253716982058
948 983 -1.2938876402027613
948 949 0.1289058962976136
949 984 0.28131487713770564
949 950 0.09272507863825383
950 985 -0.03306307519699303
950 951 -0.5245731311800986
951 986 2.1691973891389
951 952 0.04081469196034528
952 987 -1.8160171562340113
952 953 -0.6776814233881978
953 988 0.12736517211030965
953 954 0.7824164616032094
954 989 -0.26400305617203024
954 955 0.9675728397894814
955 990 0.6702727554253983
955 956 0.9942377056814696
956 991 0.5635432194490588
956 957 -0.4132912494937472
957 992 0.7605102182071855
957 958 -0.8438758047648198
958 993 -1.5276857938381059
958 959 -1.2046746862367272
959 994 -2.6632801755896067
959 960 -1.9775844243844112
960 995 2.2175259587204463
960 961 -0.7306429154907285
961 996 -0.8453995914677486
961 962 1.0943051646930169
962 997 1.4045063300792349
962 963 2.0226679423603753
963 998 -1.1037991300757355
963 964 -0.20738512363688932
964 999 -1.3733227932081578
964 965 -1.2319249913723607
965 1000 -0.2678792760727571
965 966 -0.5376994405852183
966 1001 0.40887392242009596
966 967 -0.5751069704312358
967 1002 0.25920212561644895
967 968 1.1032489233944316
968 1003 -0.44546383094230113
968 969 -0.05618134702909102
969 1004 0.9265899686101529
969 970 0.5473334154666225
970 1005 1.1403917915234825
970 971 -1.8889507601358548
971 1006 -0.2541459708949559
971 972 1.7431556159510688
972 1007 -0.32036488578565425
972 973 -1.3006213371392752
973 1008 -0.3212553732646336
973 974 -2.82780496048626
974 1009 -1.1209687308102545
974 975 -0.17936314911580345
975 1010 0.8639246967848095
975 976 1.3783142693630037
976 1011 1.7266038293917774
976 977 0.03242833200378865
977 1012 1.0490842447372468
977 978 -0.15692746845178246
978 1013 1.0675636903003205
978 979 0.8035503733782589
979 1014 0.4326569461131708
979 980 0.8206878249464421
980 1015 0.7034795345173787
981 1016 0.8858363076448782
981 982 -1.422679295223745
981 1015 0.5781909646415753
982 1017 -0.6399849848867822
982 983 1.636257140239055
983 1018 0.9966422206838876
983 984 -0.7119038761895812
984 1019 1.1797621415273327
984 985 -0.18655216593246832
985 1020 1.7543995293498955
985 986 1.3790091110231755
986 1021 1.0777516157153417
986 987 -0.26111805233118085
987 1022 -1.7171967669168129
987 988 -0.5796971191291072
988 1023 1.0459407951779462
988 989 0.49502233694725034
989 1024 2.0230200121501647
989 990 -1.3172931572545676
990 1025 -0.34858473919256144
990 991 -0.4716125068647257
991 1026 -0.4860507493197305
991 992 0.6393648026387877
992 1027 0.21559555675873113
992 993 -1.0899857153113615
993 1028 -0.5881942001499996
993 994 -2.107208084548766
994 1029 0.47590727769320285
994 995 0.19214522907460616
995 1030 1.12778329048082
995 996 2.259818788093163
996 1031 -0.4657586721373647
996 997 -0.5416580685147863
997 1032 0.16879741965975023
997 998 0.9331333828565216
998 1033 -1.1570425949009995
998 999 -0.5742727862045995
999 1034 0.05842691916952795
999 1000 0.4977541366205292
1000 1035 0.0965070729378258
1000 1001 -0.02957144948509014
1001 1036 0.09272663066081187
1001 1002 2.0799744218379956
1002 1037 1.0598971291812453
1002 1003 -0.9628805613114063
1003 1038 -0.04605672312242465
1003 1004 1.149383553281263
1004 1039 0.9013395434146663
1004 1005 0.10839452863419631
1005 1040 -0.6812878378162996
1005 1006 0.963838040379453
1006 1041 1.5738215197170404
1006 1007 1.1366123541067477
1007 1042 0.02139839844950962
1007 1008 -1.8342302899627576
1008 1043 -0.23631268801051672
1008 1009 0.6917593045843761
1009 1044 0.09454912449767633
1009 1010 -1.0280807795691087
1010 1045 -1.270802963494134
1010 1011 0.11756085611337708
1011 1046 -1.512847541691885
1011 1012 1.2664926204883833
1012 1047 0.09311238926185868
1012 1013 -1.0429306444712774
1013 1048 -1.2761143059749096
1013 1014 0.6423395576544558
1014 1049 1.0843940684419537
1014 1015 -1.3515665107890071
1015 1050 -0.2108626908041356
1016 1051 -0.26395453765432925
1016 1017 -0.26378666285634333
1016 1050 -0.3713570380560514
1017 1052 -0.5553536396677826
1017 1018 -0.4485876680086702
1018 1053 0.4586124155062917
1018 1019 -0.8535295305218706
1019 1054 -0.09037025595974517
1019 1020 0.27495984476565355
1020 1055 -0.4729184643778633
1020 1021 0.8972920489077457
1021 1056 -0.2391181442001766
1021 1022 -1.8859851974450164
1022 1057 1.0577416821555172
1022 1023 0.542932075289928
1023 1058 -1.8613271470661128
1023 1024 -0.0406174095591353
1024 1059 2.1248719780025143
1024 1025 -1.338393180296362
1025 1060 -0.11771235124888446
1025 1026 -0.6993840245257873
1026 1061 -0.21984999558120488
1026 1027 -1.7911336145590484
1027 1062 -0.3285530596600271
1027 1028 -1.3327992352221312
1028 1063 -0.045740632640606266
1028 1029 1.0670594717194228
1029 1064 1.1135945519819768
1029 1030 -1.1101355564873248
1030 1065 -0.33406074709817807
1030 1031 0.9277070070781989
1031 1066 1.6817095420323411
1031 1032 -2.410257700658962
1032 1067 -0.4469278494556588
1032 1033 -0.9866163384369213
1033 1068 1.2096109074142665
1033 1034 0.45935578122149495
1034 1069 0.9743512100680278
1034 1035 -1.200069194499093
1035 1070 0.5610127209335082
1035 1036 -0.9531677687932688
1036 1071 -0.8236868237998765
1036 1037 -1.1052188707437411
1037 1072 -1.949126772916328
1037 1038 -1.8332568152286435
1038 1073 0.581117447557708
1038 1039 0.9096501746167257
1039 1074 0.3331432265061239
1039 1040 -0.8152367884379317
1040 1075 0.5924344102571967
1040 1041 1.5947955112189065
1041 1076 1.1065886266645883
1041 1042 0.22060900851853749
1042 1077 1.2529930520784691
1042 1043 -1.3309079814864975
1043 1078 1.7520159734987593
1043 1044 -0.013644733219235015
1044 1079 -1.2937981187832763
1044 1045 0.7416296219820284
1045 1080 1.8554380487506588
1045 1046 0.05144921915835757
1046 1081 1.696264550016172
1046 1047 0.046973147178077455
1047 1082 0.31257092792939956
1047 1048 0.20289195439308733
1048 1083 0.6067225826857324
1048 1049 0.5095079725271544
1049 1084 -0.583564752690621
1049 1050 0.39776488167314
1050 1085 1.6979290686353283
1051 1086 0.6719016524379348
1051 1052 -0.2552776996785819
1051 1085 -0.5949525158771454
1052 1087 -0.2619012974602242
1052 1053 -0.8982517695046113
1053 1088 -0.1985117612941787
1053 1054 -0.09950994147992895
1054 1089 1.2079794098108423
1054 1055 -0.09819506294192466
1055 1090 0.25693485948132966
1055 1056 -1.585992088231755
1056 1091 -1.6237168779727351
1056 1057 1.900134943363287
1057 1092 -0.3652926038208895
1057 1058 -0.08254605475534783
1058 1093 0.35340416801313196
1058 1059 0.20191901464954637
1059 1094 -0.1473139607983003
1059 1060 -1.4845746013083077
1060 1095 -0.40663063706090485
1060 1061 0.8395450157138035
1061 1096 0.3734461767541879
1061 1062 0.9109922589969451
1062 1097 -0.37294035926247043
1062 1063 0.8397541897352692
1063 1098 -0.6878270739354112
1063 1064 -0.7639636015085677
1064 1099 0.2553858868252817
1064 1065 1.4697430528831132
1065 1100 1.567725787808006
1065 1066 -0.5965626522765567
1066 1101 -2.221902716797173
1066 1067 -0.6572646981588196
1067 1102 -0.9668774856725291
1067 1068 0.031602154071472696
1068 1103 -0.39225136766025187
1068 1069 1.0991410743926018
1069 1104 -2.348974474968985
1069 1070 -0.6687764514749914
1070 1105 -0.012815285026347472
1070 1071 -0.3502824447316951
1071 1106 -0.2563007630091697
1071 1072 -0.6774311212292761
1072 1107 0.3254240276151106
1072 1073 0.8522855809729006
1073 1108 -0.3308246215228538
1073 1074 0.7090870275713804
1074 1109 0.6935036745398621
1074 1075 -0.5069324042748347
1075 1110 -0.3750069039598772
1075 1076 0.8051681508673082
1076 1111 -0.46762275348946986
1076 1077 -0.2610935885675158
1077 1112 0.40567556745623445
1077 1078 -0.9007260153332204
1078 1113 0.5655965468909115
1078 1079 -1.3824337329574723
1079 1114 -0.3907012604473359
1079 1080 1.2014527465892448
1080 1115 1.790614963931773
1080 1081 -1.2360758008575161
1081 1116 0.005251882807598884
1081 1082 -2.0153618305771284
1082 1117 -1.3167234755750192
1082 1083 -1.6453258861133675
1083 1118 -0.46650454581967715
1083 1084 0.14399503065045513
1084 1119 0.49284552673234083
1084 1085 0.5268902406384612
1085 1120 -1.0305714660887049
1086 1121 0.49412749665540995
1086 1087 0.008994292980392072
1086 1120 -0.7207606619229013
1087 1122 0.265034633658733
1087 1088 -0.08516069139590537
1088 1123 -0.460228240945133
1088 1089 -0.6061591392628003
1089 1124 0.9189423206307318
1089 1090 -0.5819237588523661
1090 1125 0.30048015158523056
1090 1091 0.7363417624757652
1091 1126 -1.6918748737146765
1091 1092 -1.2501027142346701
1092 1127 1.1907594687035474
1092 1093 -0.8486879527623776
1093 1128 -1.157618575920747
1093 1094 0.5086695079504832
1094 1129 -0.6291781956453658
1094 1095 0.06544730287202208
1095 1130 -0.6410484917072137
1095 1096 0.10477117832421297
1096 1131 -0.9301244889107427
1096 1097 -1.4225382368741857
1097 1132 0.5654718715195105
1097 1098 0.3497110971602113
1098 1133 1.1772281229560404
1098 1099 0.5226626936042611
1099 1134 0.726917098476087
1099 1100 1.839301097029875
1100 1135 1.0591359532407636
1100 1101 0.21313362554899415
1101 1136 1.2454412892468385
1101 1102 -1.6704315944652706
1102 1137 2.055298584850572
1102 1103 0.5670485375307412
1103 1138 -0.6846179564430213
1103 1104 -0.3090797408178644
1104 1139 -0.8095169582466859
1104 1105 -0.3954283549203224
1105 1140 1.2900535304315894
1105 1106 -0.8284366606083604
1106 1141 -0.08979219436057136
1106 1107 0.5345129512590971
1107 1142 -0.39198215175184126
1107 1108 1.2709993855403352
1108 1143 0.7960828202680102
1108 1109 0.10389905603308643
1109 1144 -0.40091583046247214
1109 1110 -0.6788292218985255
1110 1145 -0.5281550582885222
1110 1111 0.7118519456180847
1111 1146 -0.7171859740270449
1111 1112 0.19142491784900817
1112 1147 0.8181751250939417
1112 1113 -0.3707118843945635
1113 1148 0.5331091696090489
1113 1114 -0.603511994723843
1114 1149 -0.07378439018477946
1114 1115 0.8962912539890818
1115 1150 0.9904981158849672
1115 1116 -0.3026284501619331
1116 1151 1.4877702538966198
1116 1117 -0.5892938316292988
1117 1152 -0.077442015146099
1117 1118 1.4407990508810609
1118 1153 -0.7456670564999768
1118 1119 0.21200302824937847
1119 1154 -0.5894015239426268
1119 1120 1.6763127134916351
1120 1155 0.5053285826505278
1121 1156 0.4053214398374519
1121 1122 0.25575579388288905
1121 1155 1.120080968669804
1122 1157 1.5749793785638846
1122 1123 0.5688132890534195
1123 1158 -2.1670900952705368
1123 1124 -2.347703516933748
1124 1159 0.48490441806559564
1124 1125 -0.34694603967451215
1125 1160 -0.5112795940536198
1125 1126 1.9669621110581896
1126 1161 1.3585755690067394
1126 1127 -2.6491935191584646
1127 1162 0.5678292486140825
1127 1128 0.7115108421664744
1128 1163 -0.2539064578674185
1128 1129 -1.3584813657452366
1129 1164 1.2845553669789826
1129 1130 -0.6593236338761708
1130 1165 0.432225236883734
1130 1131 0.5344305676066086
1131 1166 -0.859192381177398
1131 1132 0.8985723803753127
1132 1167 -1.5001166272003073
1132 1133 0.19079812108280744
1133 1168 0.6140866208788103
1133 1134 0.37931739992317587
1134 1169 -1.1229414439526297
1134 1135 1.9646917530806447
1135 1170 0.8448569420677885
1135 1136 1.7770186846989091
1136 1171 1.5310455617162821
1136 1137 -0.39350658670165545
1137 1172 -0.06971115376856177
1137 1138 0.1996619809787004
1138 1173 -1.4264845966728488
1138 1139 1.3833122795549173
1139 1174 -0.6927109675263723
1139 1140 0.006890483992022928
1140 1175 0.6904717167886414
1140 1141 -0.6071823293904084
1141 1176 0.22519950423927088
1141 1142 0.45112182254285693
1142 1177 0.9925441565888562
1142 1143 1.666469714574217
1143 1178 -0.5275540986021506
1143 1144 -1.1101377398362258
1144 1179 1.4373582157308311
1144 1145 -1.7282693433745389
1145 1180 -0.1441765665557069
1145 1146 -1.1001632823291805
1146 1181 -0.21798842642221983
1146 1147 -0.13851879514946042
1147 1182 0.9073467521273291
1147 1148 -0.5831711175756614
1148 1183 -1.1701524240014145
1148 1149 -0.5805847639713142
1149 1184 0.11651832152761925
1149 1150 -0.3419737746930117
1150 1185 0.043306301050218904
1150 1151 -1.506696134844162
1151 1186 -0.45467350359349434
1151 1152 0.3020805305548856
1152 1187 1.3864712784825797
1152 1153 0.1681732412565596
1153 1188 -2.118596996357776
1153 1154 -0.7263191008732865
1154 1189 0.14146963934771264
1154 1155 -0.8522569306438493
1155 1190 0.016303915042551218
1156 1157 0.36573727365206454
1156 1190 -0.15308414244684923
1157 1158 -1.364341035811633
1158 1159 0.7861228149557486
1159 1160 2.175706510994526
1160 1161 0.07237681458942959
1161 1162 -0.6210218531464577
1162 1163 -0.8440281375278297
1163 1164 -0.2376611432869601
1164 1165 0.8259986989888682
1165 1166 -1.4667066526248393
1166 1167 -0.05592034400452897
1167 1168 -0.133724908647512
1168 1169 0.11967093846548871
1169 1170 -0.6820834304997975
1170 1171 0.1191284614320252
1171 1172 0.445795657209561
1172 1173 1.0188944529550858
1173 1174 -0.2825671305020002
1174 1175 0.3543556941887597
1175 1176 2.673118154392386
1176 1177 -1.381362321610037
1177 1178 0.19835059439439692
1178 1179 0.3652980545688381
1179 1180 0.3738500114895666
1180 1181 -0.7873108291672204
1181 1182 0.34366346606575077
1182 1183 -1.679923063590315
1183 1184 0.3286010145312069
1184 1185 -0.28412878553951393
1185 1186 0.3944281514065883
1186 1187 2.1224523017698713
1187 1188 -0.0712341806610955
1188 1189 0.5571662004521287
1189 1190 0.10979249706047652
