1225 2450
1 36 -0.3120169581188038
1 1191 -1.6372508484332138
1 2 0.9513955040110743
1 35 -0.6887967921633784
36 71 1.4906297210195267
36 37 -0.860889319326912
36 70 0.10862984685703253
1191 1156 -0.265116074185177
1191 1192 -1.144067304224826
1191 1225 1.0870379476081469
2 37 -0.40038693067748166
2 1192 -0.20812035683099397
2 3 0.49586047964730995
35 34 -0.4116873719777242
35 70 -1.7379895048478153
35 1225 1.161641223471022
37 72 -0.7059207777275841
37 38 -0.31249786048529504
1192 1157 -1.249148030270361
1192 1193 0.08472234856903064
3 38 -1.8030337028631587
3 1193 -0.2743334647078105
3 4 -0.03618711096427863
38 73 -1.8085271563099699
38 39 0.029744353891911775
1193 1158 -1.240352058603409
1193 1194 -0.15035669173990182
4 39 0.20120732326454854
4 1194 -0.6439337896777259
4 5 -1.2272340632382122
39 74 -0.022861069290982167
39 40 1.788144045729865
1194 1159 1.7568795349370638
1194 1195 -0.8074689105357917
5 40 -0.7612507745792159
5 1195 -0.3564905173740525
5 6 1.8911042283208517
40 75 -0.9657331452961295
40 41 2.0222780263750795
1195 1160 0.7718962752052487
1195 1196 0.3068334987606432
6 41 -0.14547856423583416
6 1196 0.7242858931867532
6 7 0.8972616643545537
41 76 0.8881320994022118
41 42 -1.232778972036082
1196 1161 -0.5239475473806892
1196 1197 0.815642666041908
7 42 -1.0780843314966253
7 1197 -0.7177030723447637
7 8 1.5989571071398696
42 77 -0.5350420244233609
42 43 -0.5702393577993101
1197 1162 -0.9599341684108654
1197 1198 -0.31862816140940575
8 43 -1.3165080485720813
8 1198 0.0887935483129552
8 9 -0.22927393625716738
43 78 1.9737894668754223
43 44 1.114680097720431
1198 1163 0.8828080381534831
1198 1199 1.1787304720334608
9 44 -2.024948783586825
9 1199 0.09845220879099395
9 10 0.7026700360340968
44 79 -0.901820376191875
44 45 -0.5175755384005766
1199 1164 -0.7257085496106103
1199 1200 -1.590551519319186
10 45 2.0400987725933093
10 1200 0.47008570424414114
10 11 0.8459556141437765
45 80 -1.2276399779215996
45 46 -0.8172525198584412
1200 1165 0.890582154152337
1200 1201 -1.7944718718132178
11 46 -1.136119148473016
11 1201 -0.05728347851445015
11 12 0.7105560512833975
46 81 -1.2436760390297508
46 47 0.40754688011676726
1201 1166 -0.20729486240465977
1201 1202 -1.5128373422472399
12 47 -0.5680195700958045
12 1202 0.73614326465688
12 13 1.3450239478634785
47 82 0.5466613303209852
47 48 -1.1725303158974696
1202 1167 -0.9602764442996973
1202 1203 0.23744443959150738
13 48 0.6386933165640315
13 1203 0.46831279411874843
13 14 -0.8423359105294375
48 83 -0.32435971415699316
48 49 -0.469294933229287
1203 1168 -0.2988385941898105
1203 1204 -0.2994790316931891
14 49 -0.15641137714740744
14 1204 -1.1228150692263765
14 15 -0.9565386448446442
49 84 0.5734086616929063
49 50 0.433482669342107
1204 1169 0.10861554641024769
1204 1205 -1.1968479181579064
15 50 -0.009091436980088847
15 1205 -1.5089766647028469
15 16 1.9618770425728183
50 85 0.9804285523138886
50 51 -0.3307732111214167
1205 1170 -0.13287122500295126
1205 1206 -0.3698266446013938
16 51 0.6075787329617819
16 1206 0.9648623340090923
16 17 -0.9412174828105873
51 86 1.7043545652586367
51 52 -0.590821303562033
1206 1171 -0.13419138091915947
1206 1207 1.1201929073569026
17 52 0.19251340711703857
17 1207 1.7554266288151466
17 18 -1.4317632628992119
52 87 -1.1063748031187368
52 53 -0.42287336918991747
1207 1172 -0.23023013875479292
1207 1208 -0.5784937004936054
18 53 1.5171192510174838
18 1208 0.9807378249785689
18 19 0.357785655136724
53 88 -0.3178229103500285
53 54 0.37590759150966535
1208 1173 -0.5467231557121085
1208 1209 0.7305354071620586
19 54 1.6825803667818735
19 1209 0.16467531432350263
19 20 1.037908868843602
54 89 -1.2010800869692377
54 55 0.6604941880729475
1209 1174 1.1261627414876003
1209 1210 -0.662528020990258
20 55 0.016848133067643333
20 1210 0.24384906104487966
20 21 0.9095161162094771
55 90 -0.09736885746406135
55 56 -1.9855994681330311
1210 1175 0.4139277757844565
1210 1211 -1.0749012493904686
21 56 -2.043923652505662
21 1211 -1.1030971504311735
21 22 0.22979081124762
56 91 -1.3286405292751
56 57 -1.4713030062514163
1211 1176 -0.6591221924900711
1211 1212 0.9122573091951135
22 57 0.45073899567983977
22 1212 1.0612771134350487
22 23 0.2237009024071684
57 92 0.1522599324482311
57 58 0.1357633408119826
1212 1177 -1.057273733786977
1212 1213 0.15624433870279564
23 58 -0.15023268963718964
23 1213 -1.7830654434240447
23 24 -1.351397349362605
58 93 -0.10181297469106261
58 59 -1.3413454828183218
1213 1178 -0.8253594779160317
1213 1214 1.7044910025341409
24 59 1.639399659988951
24 1214 -0.11044189769966907
24 25 0.08777587025656429
59 94 0.1490445883154168
59 60 -0.400160911217808
1214 1179 -0.6447924666250631
1214 1215 -1.1904406551195572
25 60 -0.6154312323601827
25 1215 -2.1601963611814483
25 26 -0.43250524622191605
60 95 -0.05584946478230931
60 61 -0.21316158253293097
1215 1180 0.3474320753385207
1215 1216 -1.1006965728237263
26 61 0.57013212700343
26 1216 1.1146996291186504
26 27 -0.019129945222779724
61 96 1.7395322267214643
61 62 -1.370594471994247
1216 1181 -1.0762541499741805
1216 1217 -0.8443930523570132
27 62 0.6324522415905033
27 1217 -0.0126407638700757
27 28 -1.1398374878833568
62 97 -1.2231368822577162
62 63 -0.3252098405983884
1217 1182 -0.4578468115967425
1217 1218 -0.05365009632691681
28 63 0.16058660446654227
28 1218 -0.6517262571801821
28 29 0.4404345121072102
63 98 -0.04670447600261709
63 64 -1.2842961996026807
1218 1183 0.20793820682044575
1218 1219 -0.9472856910847772
29 64 0.32556780182379164
29 1219 0.300983288692534
29 30 -1.003632107260111
64 99 0.46852868446792867
64 65 2.151759723611496
1219 1184 0.40754656154615215
1219 1220 -0.2963683278744515
30 65 -0.17253925916944204
30 1220 0.46768117841738793
30 31 -1.273668949995962
65 100 1.6755550603144775
65 66 0.28432309613341566
1220 1185 -0.12992094417555758
1220 1221 1.2371949471153918
31 66 0.48478701803738944
31 1221 0.45016700977558305
31 32 0.8158700519576035
66 101 -1.2569183187995778
66 67 0.44988890193150693
1221 1186 0.7558291316829449
1221 1222 -0.3281964418284319
32 67 -0.3225681385457065
32 1222 0.5286948459048587
32 33 1.7977139257872903
67 102 -0.5802309061101889
67 68 0.1528169083036501
1222 1187 -0.35467476027113376
1222 1223 -1.7335645791544179
33 68 -1.1360011217970094
33 1223 0.3880166731443942
33 34 -0.8321326298124249
68 103 -0.42657197636362704
68 69 -0.9599898949392784
1223 1188 -0.4261421054073415
1223 1224 -1.3823530257135204
34 69 -0.011039720745557617
34 1224 -0.08616476361919065
69 104 1.052820443615751
69 70 1.2085324916011535
1224 1189 -1.2715704839601851
1224 1225 0.954851102361405
70 105 -0.8216873283115682
1225 1190 -0.19150088947297172
71 106 0.1530870263952052
71 72 -0.46375863173566123
71 105 -0.9262553934704375
72 107 -0.03389548672890573
72 73 -0.21228869442830112
73 108 0.2284759746906456
73 74 -1.1338318077703315
74 109 -1.2151159633488728
74 75 -0.3654005599231044
75 110 1.6027532043548252
75 76 1.4683420965744103
76 111 -0.48363676319616894
76 77 -1.054812295332721
77 112 -0.3948912514617746
77 78 0.9539761851839442
78 113 0.6649282281015612
78 79 -0.8052236544741818
79 114 -0.04603994941015325
79 80 -2.3974528104791974
80 115 0.45699751722468185
80 81 -0.4332803197401565
81 116 -0.2039658314912147
81 82 -2.101907467643344
82 117 0.5017706475751041
82 83 -0.1185559163077542
83 118 2.178806695447761
83 84 0.8069524035215806
84 119 -0.7417165916245338
84 85 -0.7554063857179766
85 120 -0.15692789295724197
85 86 0.9329282392235994
86 121 -1.378041838743789
86 87 -0.17446655893172675
87 122 -0.24078189598376742
87 88 0.6206628397314631
88 123 -0.4971728631751605
88 89 0.2108964825983943
89 124 0.8145518715069019
89 90 0.5658344730067468
90 125 -2.2238346820723
90 91 0.5361950512406177
91 126 -0.5151634034322918
91 92 0.19391357174075272
92 127 -0.4102542445774081
92 93 -0.5304781452544345
93 128 -0.10497281245883465
93 94 -0.9037426785595594
94 129 -0.599637864488502
94 95 -0.02123080565210307
95 130 1.11713585784928
95 96 1.1962110623021194
96 131 -0.7767024057593406
96 97 1.300032757277911
97 132 1.3132420898848904
97 98 -0.01109793643565535
98 133 -0.48380616210809557
98 99 1.1162385204508536
99 134 -0.19931829518225058
99 100 1.707052053072188
100 135 2.2125009738611374
100 101 -1.109819158053136
101 136 -0.4865074022977884
101 102 0.5487789618007926
102 137 -0.13384842204584724
102 103 -0.38494483644550775
103 138 1.6405530186483273
103 104 -1.3373381936549837
104 139 0.27152106064727843
104 105 -0.018130113679708612
105 140 0.012472791175234678
106 141 1.0294351286301369
106 107 0.3630724310181067
106 140 -0.9904584378006716
107 142 0.09286873601774191
107 108 -0.06626993093043847
108 143 0.02507849203811332
108 109 0.15197025884583779
109 144 -0.4396025975097808
109 110 1.0705874603161016
110 145 0.8144699343254672
110 111 0.7557789046919475
111 146 2.4914899970941464
111 112 -0.6635601983371766
112 147 0.7233235668509606
112 113 0.19713246708919302
113 148 0.39231234257244474
113 114 1.2249139651529326
114 149 -0.25504966765227266
114 115 0.27932511993692094
115 150 0.6655828267982394
115 116 -0.31719809209282795
116 151 -0.3521647427545883
116 117 0.19248704628992575
117 152 -1.029929981189875
117 118 -0.8419586759573434
118 153 -0.0045428118193177845
118 119 0.7009064871732887
119 154 1.7996070279065013
119 120 -1.8974531766940712
120 155 -0.3243587917524191
120 121 -0.6915643500435371
121 156 0.387723288815882
121 122 0.34254213091835245
122 157 1.3937898792018732
122 123 1.233447791279859
123 158 1.909628798616582
123 124 -1.876964821835107
124 159 0.13068778724334054
124 125 0.42571324635103774
125 160 -0.2284174441580131
125 126 0.6518059734613314
126 161 -0.9594273234246731
126 127 -0.5071241294478677
127 162 0.9579489126401389
127 128 -1.004984987138734
128 163 -1.0947391415658438
128 129 0.15158822861015533
129 164 -0.1221155254666928
129 130 0.7668319684838232
130 165 0.016482125669573047
130 131 -0.6235137190156624
131 166 -1.027853772636526
131 132 -2.122458818427723
132 167 -0.7085645687637967
132 133 0.9705549820224689
133 168 0.4695579858067986
133 134 -0.3651328279585284
134 169 0.5912687298158957
134 135 -1.45601689548288
135 170 -0.5610075845154003
135 136 -2.131177484495057
136 171 -1.3472882316298913
136 137 1.322990674645502
137 172 0.48950721651073353
137 138 -0.43923921945412514
138 173 -0.8683827879294599
138 139 -0.9847619211172015
139 174 0.6614062722844132
139 140 -1.7706336351929075
140 175 0.5180274888619886
141 176 1.1883246287557703
141 142 0.591355182991823
141 175 -1.1269448074937953
142 177 0.6737037903547918
142 143 1.1374310036836954
143 178 0.754360139425408
143 144 0.25516180598192034
144 179 0.2386585880940576
144 145 -0.7722048604307574
145 180 0.552192348002232
145 146 -1.5123332869629666
146 181 -0.3508725703793335
146 147 -0.627902784351895
147 182 0.6369588774169322
147 148 -0.04765127321159454
148 183 1.1272070629848447
148 149 -0.26558030121131004
149 184 -1.382595721215306
149 150 2.065178084927896
150 185 -0.7512839117692868
150 151 0.17649287632880284
151 186 0.009473276900427543
151 152 -0.46331919383676634
152 187 0.7587453423185367
152 153 1.2309096433108138
153 188 1.4497851939636697
153 154 0.944655985201395
154 189 0.1632010731010456
154 155 -0.34565720833613645
155 190 -1.1998100243793195
155 156 0.7023710684734418
156 191 -0.6822639947520469
156 157 0.22525910390038825
157 192 0.17368521096653491
157 158 0.31088652424085705
158 193 -0.2596891758799068
158 159 -0.6079717886327463
159 194 -0.16280069725493765
159 160 0.7926043091411492
160 195 -0.34303928353090896
160 161 0.3733858600030328
161 196 -0.931309268238823
161 162 1.4812232654985062
162 197 -2.0171151603921946
162 163 -2.508543031359282
163 198 -0.2833064332318028
163 164 -0.4881906020434532
164 199 1.1194348151460274
164 165 -0.014303834449011031
165 200 0.0503745371421104
165 166 -1.666315040194813
166 201 1.427089886826698
166 167 0.6565251521662
167 202 0.8315973946127458
167 168 0.894861697322417
168 203 0.3920772919752446
168 169 0.5252071393638525
169 204 1.055110640145859
169 170 0.09462477456279544
170 205 -0.004971853635949135
170 171 0.40704283598981866
171 206 -0.44460530524027925
171 172 -0.8404678216399574
172 207 0.051939613781915854
172 173 1.188456506985785
173 208 -0.8155823767650466
173 174 -1.0641419752943801
174 209 -0.8321235978223487
174 175 -0.570016532929494
175 210 -0.33646941832816113
176 211 0.14941936888925655
176 177 0.9531174807005095
176 210 -0.1156653565720701
177 212 -0.4802511568170983
177 178 -1.9786925460359293
178 213 0.21745269513903237
178 179 -1.1705543337904876
179 214 -0.8536626298565793
179 180 0.044805245923151105
180 215 1.0683164677951857
180 181 0.44943438412485076
181 216 -0.020233296157144472
181 182 0.178344338757485
182 217 2.3966245176135392
182 183 1.305623413255864
183 218 -0.1810460232648095
183 184 1.3223736680752287
184 219 0.25206727713390964
184 185 1.0386516923533555
185 220 1.2917716962884618
185 186 1.3401516237247164
186 221 -0.7215385635165581
186 187 0.3093765637185594
187 222 0.6854393023891405
187 188 -0.7436548658673785
188 223 -1.2482641512429031
188 189 2.719653908855945
189 224 -0.0316635397569765
189 190 0.4765431366957735
190 225 -1.4019364794225675
190 191 -0.11147974234615997
191 226 -0.4568175180708175
191 192 0.031400128255762
192 227 -1.7508918106201696
192 193 1.1428170650945586
193 228 -0.30328602228868984
193 194 0.6618476213878077
194 229 0.7434288861024989
194 195 -0.7859479424558792
195 230 -1.1461582589630384
195 196 0.6754549281632429
196 231 1.919966397706754
196 197 -0.6899634862125915
197 232 -0.7512449905752064
197 198 0.24698040463850957
198 233 0.1637003680221758
198 199 1.3610891244975536
199 234 1.5756430607070022
199 200 0.1460584107871004
200 235 -0.11208254792371754
200 201 1.3082591407152795
201 236 0.9382545274324368
201 202 0.6461829600735386
202 237 -0.13217130933876445
202 203 -0.07931488466909047
203 238 0.9623688208490305
203 204 -0.5604797760361682
204 239 -1.1245032732887574
204 205 0.6923878201922514
205 240 0.12026423083861865
205 206 -1.4737979409164277
206 241 -0.47506536627477897
206 207 0.6722162014680633
207 242 1.6924285555248317
207 208 0.8438967322670152
208 243 0.5733817937231085
208 209 -1.2808734982712988
209 244 0.7285799405446386
209 210 1.2017140579803935
210 245 0.1547146810202624
211 246 -1.268102619807458
211 212 -1.510694340416301
211 245 0.08733063311566834
212 247 0.34245818633943303
212 213 -0.2667534718244159
213 248 -0.9825457027687827
213 214 0.054528327989746765
214 249 -1.7482660423821985
214 215 0.6811148706841473
215 250 0.1618997762129778
215 216 0.9022594095945637
216 251 -0.22406330288679027
216 217 0.08536056383308728
217 252 -1.7727220264554415
217 218 0.8625304737684958
218 253 -0.5491376481441964
218 219 -0.3738998167526039
219 254 0.1206398672536423
219 220 0.7277917495251316
220 255 1.7460353059580345
220 221 -2.440804365177357
221 256 -2.1790435364134204
221 222 -0.7360627234462429
222 257 0.531678543397104
222 223 1.922864250867988
223 258 0.8112297069638039
223 224 -0.38678046855398424
224 259 0.3309031842048156
224 225 -0.6366698200255663
225 260 -0.7513493131704158
225 226 -0.23603942563790326
226 261 1.320664522933005
226 227 0.9434622081146637
227 262 -0.8190238657597534
227 228 -0.38412370731482204
228 263 0.29303981680478774
228 229 0.7318563703349514
229 264 -0.7911080951944903
229 230 -0.7984741922259108
230 265 -0.5515882569189107
230 231 -1.1670319685398136
231 266 1.6720416308318014
231 232 -0.6658166209411782
232 267 -0.08373436442405223
232 233 0.09057365592401773
233 268 0.8913508570371197
233 234 0.31660739202572796
234 269 0.22402483648679616
234 235 0.42889174510920075
235 270 -0.8511913749414455
235 236 1.791313951811928
236 271 1.0618944359317237
236 237 1.0366776375243216
237 272 0.05244000101286569
237 238 -0.6738587660353752
238 273 -0.7569522907435391
238 239 0.1676361218489526
239 274 -0.12249898272594592
239 240 0.6419540544059721
240 275 -0.2544142042813937
240 241 0.3094624385271364
241 276 1.0821543822334854
241 242 -0.34350535554425765
242 277 2.1404144055589978
242 243 -0.17700921312863463
243 278 0.3407512602420157
243 244 -0.13767974565834248
244 279 1.0637077425172503
244 245 -0.8559748549702704
245 280 1.5430138569203633
246 281 -0.11927758613977302
246 247 -1.2192667045383725
246 280 -0.9475436209287693
247 282 2.6048224525441714
247 248 0.536368244188205
248 283 -0.16551558631336755
248 249 -1.1591594747579133
249 284 0.7931847399091615
249 250 1.0061247873902792
250 285 -1.3440136957569437
250 251 0.12956112146706203
251 286 0.13813160849655132
251 252 -0.514988990911305
252 287 0.3757962389110795
252 253 -0.9472650086206755
253 288 -0.7342630629575557
253 254 0.24067853458234784
254 289 0.47966734454432575
254 255 1.3014064282013202
255 290 -0.03846155299211102
255 256 0.7758093500144325
256 291 -0.2566453462055303
256 257 1.2414068459044205
257 292 -0.7386500513315502
257 258 0.3449387813188518
258 293 1.1323007587701874
258 259 0.09489091446798147
259 294 0.2736821941609205
259 260 2.07942634225059
260 295 0.1465129986268301
260 261 0.3186797741178665
261 296 -1.4569862080281528
261 262 1.1579508365745261
262 297 0.6535354364105638
262 263 1.6030936890744252
263 298 -0.20902120563498108
263 264 -0.6635265294721906
264 299 1.244527637543794
264 265 0.9505034428301565
265 300 0.5736663258301926
265 266 0.26922997639095625
266 301 -0.2510835510515599
266 267 -0.8947226378445583
267 302 1.1504291164458518
267 268 0.4843175364584626
268 303 -0.25050213140470673
268 269 -0.25229558484133774
269 304 -0.006003009475846358
269 270 0.7553829485786425
270 305 1.4318690618260042
270 271 0.747950862870525
271 306 -1.9389168757712445
271 272 0.10628977366481032
272 307 -0.6795567913135562
272 273 -1.7368376850668474
273 308 -1.7891695384887392
273 274 0.2959712592015372
274 309 -1.4987141485478543
274 275 -0.47071575052925446
275 310 -0.23409189030397037
275 276 -0.20846274397578243
276 311 -0.3611900430191088
276 277 -0.3743875023922798
277 312 0.5430021807316772
277 278 1.0005448199032445
278 313 -1.7196327010182042
278 279 0.07484606364474537
279 314 0.2195880780318216
279 280 -1.9110918639868062
280 315 -0.04157111010643506
281 316 -1.6696392669705091
281 282 0.26745381175638827
281 315 2.6129341644002286
282 317 1.1802986998019354
282 283 -0.8739004190039042
283 318 1.0343646967822024
283 284 -1.2026008330384317
284 319 -0.5567751358606537
284 285 0.15668861639700288
285 320 -0.4699404949817207
285 286 -0.3735677734428365
286 321 0.7088200350785506
286 287 -1.3268130751169502
287 322 1.0869389535917555
287 288 -0.33853705286411734
288 323 -1.294572973510198
288 289 -0.8799324386743315
289 324 -0.27810718485688596
289 290 0.4375582737385608
290 325 1.1678418753750703
290 291 -0.22688867523871661
291 326 0.21908837738481005
291 292 -0.8458690121686064
292 327 1.1591646348603264
292 293 -0.21853850278099832
293 328 1.5956631528047915
293 294 1.809901321094738
294 329 -0.34627142431817737
294 295 -0.08501554874689066
295 330 0.29143743928127086
295 296 -0.13602277730730783
296 331 -0.34999384819784995
296 297 0.003363747339827757
297 332 0.9687116448676713
297 298 1.2935197894729695
298 333 1.8241996597578027
298 299 -0.5974401812170925
299 334 0.7129547145837399
299 300 0.9215821323551061
300 335 2.099537052531102
300 301 -1.4333496032348674
301 336 -0.014584820648129226
301 302 2.4127558856462175
302 337 0.19593427767894045
302 303 0.13057041090577118
303 338 -0.6885302227962888
303 304 -0.6278598155039693
304 339 -1.4973969908509346
304 305 -2.668484260746027
305 340 -2.5863117891484753
305 306 1.584825435833157
306 341 0.8204447482627927
306 307 0.7026421209624449
307 342 0.08384101178455636
307 308 0.3814951447204446
308 343 0.13024195815748005
308 309 -1.782562886029717
309 344 0.2924413438130696
309 310 0.06635838459688288
310 345 -1.0462802266052003
310 311 -0.04836831348007421
311 346 -0.6770351816395233
311 312 -1.5013721507375761
312 347 -0.8828257647862245
312 313 1.4596358464970574
313 348 -0.6119897713015436
313 314 0.15033173020511886
314 349 0.27953516296495734
314 315 0.8280924686048654
315 350 1.864501557811349
316 351 -0.9223743915140997
316 317 1.2976909572694424
316 350 -0.19675000404905593
317 352 -1.1294514924645283
317 318 -0.0913059898843292
318 353 0.47196131594772955
318 319 -0.9321153855061064
319 354 -1.3661247282077507
319 320 0.5992209492946906
320 355 1.7653666455076027
320 321 0.5131312418827552
321 356 -0.11971940640331429
321 322 0.8972930019595229
322 357 -0.566105071968939
322 323 1.0375459238026137
323 358 0.33480184164016397
323 324 2.2029284707524655
324 359 -1.0076486854677842
324 325 -0.06169838422721017
325 360 1.7954591038466616
325 326 0.38998009959770186
326 361 -0.15669462113885646
326 327 1.388022934641324
327 362 1.384946447163263
327 328 0.28159076189485843
328 363 -0.0785609593031304
328 329 -0.6200132620978629
329 364 -0.5831999899165771
329 330 -0.13969101874810977
330 365 0.11675901686661035
330 331 -0.8965711742846738
331 366 -1.774349422883316
331 332 -1.5782875668241267
332 367 -0.9489018920451642
332 333 0.41432119934051187
333 368 -0.23566631266976146
333 334 -0.5521111427857457
334 369 0.003239845636087586
334 335 -0.873126604632189
335 370 0.52505063640719
335 336 1.5103815039052402
336 371 -0.39977385434616436
336 337 0.1010377687701368
337 372 1.85992754341009
337 338 1.728115402757382
338 373 -1.5775273179227935
338 339 1.2564612760821539
339 374 0.523296564841299
339 340 -0.951102597184124
340 375 -0.07166152829721487
340 341 -3.0010753412599884
341 376 0.5974729890496924
341 342 -0.6612580452492345
342 377 -0.30225897422577297
342 343 -0.2242610679163298
343 378 0.38383606961706773
343 344 0.6563125041719202
344 379 0.4156826476773998
344 345 -1.7106682369299064
345 380 0.6116148726563966
345 346 -0.8511872304346098
346 381 1.0296869364036212
346 347 -0.7027921194649259
347 382 -1.197771260303588
347 348 -0.493789895223853
348 383 0.2959793593820428
348 349 0.6064186838514258
349 384 -0.3632113957151162
349 350 0.030714001934411057
350 385 -1.022913725597015
351 386 1.0500061373009728
351 352 -1.1247076476434827
351 385 -2.0833133920479927
352 387 0.5834649527046499
352 353 -0.8825317437671109
353 388 3.6023739870514886
353 354 2.137189239469798
354 389 -2.0790576290789042
354 355 -0.4493436935861364
355 390 0.2273120142627312
355 356 -1.3900392453549273
356 391 0.5470377723253484
356 357 0.9385023683846263
357 392 -0.7267184108110036
357 358 0.9851339049790112
358 393 1.7180972826674916
358 359 1.3940634022091647
359 394 0.09030133431931366
359 360 -0.5617561824104865
360 395 -1.0233885679904235
360 361 -0.14732202870746813
361 396 -0.7063684415559685
361 362 -1.3602433808399919
362 397 -2.2853368960388964
362 363 -1.1233690302035895
363 398 0.7857604408062372
363 364 0.6282110858796192
364 399 -0.24492502574065655
364 365 -0.3124576101517346
365 400 0.2677766506836899
365 366 -1.3545405708195746
366 401 0.13786934085807945
366 367 -0.9326370422439497
367 402 0.1548625439420663
367 368 0.488936604160262
368 403 0.19903635439797068
368 369 0.4418488353283609
369 404 -1.3472590530566109
369 370 0.42231611002016567
370 405 1.316516856240627
370 371 -0.8690006250564176
371 406 -1.7985619331445164
371 372 -0.37457399832715704
372 407 0.4108666657137502
372 373 -0.28902753363738826
373 408 0.46655780677871644
373 374 0.4782038264797098
374 409 -0.3901214298135749
374 375 -1.6459942564026195
375 410 -0.14448895837887943
375 376 -1.008255751469929
376 411 1.0044713171300605
376 377 -0.5643563665080799
377 412 -0.8437347688421308
377 378 -0.9789167335237103
378 413 1.3353650244887003
378 379 0.39768663723514996
379 414 -0.31254062880939754
379 380 2.136390947360928
380 415 -0.5681900221460835
380 381 0.060243651123852986
381 416 -1.187357262376615
381 382 0.025577423130448917
382 417 -0.7019526166358585
382 383 -0.4564406081808511
383 418 1.3468364055442619
383 384 0.5614032484254987
384 419 0.9003136182166689
384 385 1.0712114432227802
385 420 -0.03149169010064677
386 421 0.14497600819035986
386 387 0.8451514515967203
386 420 -1.2881205412460983
387 422 -0.8552741179042522
387 388 -0.05570865010196087
388 423 2.099291107401747
388 389 0.21849027797628182
389 424 -1.539162371415247
389 390 1.3104714784652691
390 425 1.2635783067227282
390 391 0.31343860404651946
391 426 0.6978568015990336
391 392 -0.7707435344245672
392 427 -0.5012841556041515
392 393 -0.07279671980395522
393 428 -1.0919097613481887
393 394 -0.784538916570218
394 429 1.4208471418660211
394 395 -0.9806823595603495
395 430 0.3660795512894762
395 396 0.5147945174426521
396 431 -2.042224019710516
396 397 -0.9005541873625922
397 432 -1.938969696297321
397 398 1.825660653705692
398 433 -0.6330192001623435
398 399 0.05978692798230528
399 434 -0.8273474430959237
399 400 0.8476001314650505
400 435 0.9425639932560729
400 401 -1.9023290148859324
401 436 -0.13275926770751872
401 402 0.6432858839370997
402 437 -1.8464187843294915
402 403 0.9056785198983324
403 438 -0.43341957690871474
403 404 1.4831932646560815
404 439 0.026843100148603073
404 405 0.3314766093549495
405 440 1.2437282877520586
405 406 0.7220778764981222
406 441 0.6672189038889188
406 407 0.7859225820175734
407 442 0.38437046910819767
407 408 -0.7518028464572504
408 443 1.0115972400328173
408 409 -0.15602891258003104
409 444 -0.6236801202973998
409 410 0.3692307181761047
410 445 -2.92177872505322
410 411 0.16459695675605296
411 446 0.419401791110933
411 412 0.05367915027617991
412 447 0.7196677654215902
412 413 0.5854497486334647
413 448 0.47801565365587917
413 414 1.1379644088252332
414 449 2.2040058583436886
414 415 -0.7805086167718298
415 450 -1.1502064510477257
415 416 -0.6903365011781173
416 451 -0.7591665676810283
416 417 1.7180172700527856
417 452 0.27219660140457513
417 418 -0.6584220919080084
418 453 0.7774799711295978
418 419 -0.11196971787435052
419 454 -0.02743784278716222
419 420 -1.2047236682588873
420 455 -0.4006258514483633
421 456 0.4744102995075337
421 422 -0.7957004013016798
421 455 0.4620531979547374
422 457 0.25676987098752624
422 423 1.718210729273256
423 458 -0.20238722198984507
423 424 -1.1120653343447513
424 459 1.3108291384687756
424 425 -0.5894489180823712
425 460 -0.7064371290637864
425 426 1.1347811307984672
426 461 0.9421352279689509
426 427 0.15840327179946898
427 462 -2.0118639892442736
427 428 -2.21084506787725
428 463 -0.18790670633897794
428 429 1.6213023533204602
429 464 -1.2965709390293279
429 430 0.04237375759918118
430 465 -0.7077769734479903
430 431 0.8438886538874558
431 466 0.548502529223035
431 432 -0.1320743077904871
432 467 -0.27981495666880835
432 433 1.572285936076194
433 468 -0.3030010739234632
433 434 0.1946422595794517
434 469 1.6166696521185757
434 435 -1.435281631176848
435 470 -0.1292555039731394
435 436 -0.6155337473906611
436 471 -1.2734278607219478
436 437 -0.03722210394870093
437 472 1.8902306679916494
437 438 -1.3468806476804145
438 473 -1.350666024309149
438 439 -0.19769486084475668
439 474 0.7784858332726683
439 440 0.1379161471885562
440 475 0.9658234978605129
440 441 0.12857426278571601
441 476 1.677169832527184
441 442 0.09200381770075695
442 477 2.0278208046786883
442 443 1.4640876303097194
443 478 -0.6160811079007344
443 444 1.7131650690187534
444 479 -0.19694272073783775
444 445 -0.962756477403753
445 480 -0.3232470668797327
445 446 -0.9091272497378772
446 481 -0.6334485422987356
446 447 1.0656832204856337
447 482 -1.0755835053108211
447 448 -0.7388116615908681
448 483 1.646450925007773
448 449 -1.8328768818689847
449 484 1.1530752175869954
449 450 -0.3488944242763089
450 485 1.363697949258261
450 451 0.8762066615904293
451 486 -0.1684434178355445
451 452 -0.5631018154814756
452 487 1.5533208087721302
452 453 0.22541642887591276
453 488 -0.62905023020917
453 454 -1.0631579730122918
454 489 0.14782206102102047
454 455 -2.0084746053204396
455 490 0.7303263633561228
456 491 -1.065052344259133
456 457 -2.3011716254070596
456 490 0.7854577780054202
457 492 -1.3111990908763096
457 458 0.4410392436545689
458 493 0.5554199138537411
458 459 -1.2455761653200295
459 494 0.35277347848217494
459 460 -0.10475079161739959
460 495 -0.8434578925250502
460 461 -0.1365545253664709
461 496 0.015286148096636669
461 462 -1.4518051148106
462 497 0.6156372440563209
462 463 -1.28978419161415
463 498 0.24712301627060201
463 464 -1.1761884505475382
464 499 -0.3856891676115804
464 465 -1.0081440845811778
465 500 -1.1494132307809368
465 466 1.284114170826361
466 501 -0.987756759445525
466 467 -2.4491626265338207
467 502 0.9131272530832508
467 468 -0.11531956423232394
468 503 -0.17847060166045584
468 469 -0.3143786064206228
469 504 1.323092709407451
469 470 -1.7722757530488815
470 505 0.5090314036960063
470 471 0.011618155513706117
471 506 0.0801405748776611
471 472 -0.16244465073098358
472 507 -1.2627449975913683
472 473 -0.8576867084491471
473 508 -0.9753971259599574
473 474 1.3421381929945504
474 509 -0.3846794515208719
474 475 0.6710818108967194
475 510 -0.5551289737469086
475 476 0.878653381519963
476 511 -0.16570235088501326
476 477 -0.7009782070746212
477 512 -0.45736884743191647
477 478 1.260071037666014
478 513 0.5727148978165909
478 479 0.9843864689923152
479 514 -0.34871362243330156
479 480 -0.5168705903713571
480 515 -0.41526793914439164
480 481 -2.030572705515405
481 516 1.7143530399852815
481 482 0.6344274737681898
482 517 0.5283880306083787
482 483 0.41574210176461374
483 518 0.5726058612533845
483 484 0.4402919067108471
484 519 0.2765239819962527
484 485 1.1748686621988638
485 520 -0.4114407924436529
485 486 -0.07607737159646215
486 521 -0.1974891093413422
486 487 -0.6309852477703068
487 522 -0.18300593433511703
487 488 0.49597611941270814
488 523 -0.9386397455422023
488 489 -1.1582082891294017
489 524 0.6732035678656684
489 490 0.5969739848079488
490 525 -0.6969043933880287
491 526 -0.8034464757766724
491 492 -0.565753708610155
491 525 -0.28143918543414637
492 527 1.4144620826069942
492 493 -1.3407929727569254
493 528 0.6924052045599974
493 494 1.9210856253738784
494 529 -1.3110210914495626
494 495 0.3360456493212782
495 530 1.427895835248307
495 496 0.27806486594178953
496 531 0.12050649851442383
496 497 0.49630920020548736
497 532 0.1262188692106123
497 498 1.5519307102344078
498 533 0.3147128873105177
498 499 0.062088601666110854
499 534 0.8157311402776697
499 500 0.17186394105617311
500 535 -0.400170225649162
500 501 0.7524191452443648
501 536 -0.21599588593207572
501 502 -0.39636371349956984
502 537 -0.2322473020040814
502 503 -1.3383932385179973
503 538 0.8164505257543777
503 504 -0.2901576942165263
504 539 -1.1612854931970897
504 505 0.45439029496085837
505 540 0.481934150813634
505 506 -1.2780359005542274
506 541 0.5444075492753087
506 507 -0.9176023538375311
507 542 -0.3203593500465987
507 508 1.0396980896855887
508 543 0.15045731127915132
508 509 -0.6705284510371022
509 544 0.18789807308864678
509 510 -0.6864062234734115
510 545 1.2934685025820856
510 511 0.08702855240297518
511 546 -0.2806851369246901
511 512 0.8095254262220997
512 547 1.1734539136914701
512 513 -1.674244991857213
513 548 0.06066740317923151
513 514 -0.6890595822653989
514 549 -2.153682395466997
514 515 -0.25740161114903176
515 550 -1.1637858110490156
515 516 -0.5795264470655509
516 551 1.683546320308635
516 517 -0.8292406704168556
517 552 -0.7075392197213521
517 518 -0.4513643369376595
518 553 -0.020769255054723622
518 519 -0.5970868497308569
519 554 0.273245433763419
519 520 -2.3006844228106864
520 555 -0.45452112917897575
520 521 -0.5144982346160198
521 556 -2.1188254952830436
521 522 -0.2655351250906879
522 557 -0.43912910580639963
522 523 0.6660866070544688
523 558 0.473266172394451
523 524 -0.6657624601715902
524 559 -0.21918959210267605
524 525 0.20089554087744635
525 560 -1.6488365579167643
526 561 -1.1982092128688377
526 527 -0.16716068298292275
526 560 -0.809572826361706
527 562 0.9229183272953068
527 528 0.3653123510246488
528 563 0.6620094131542645
528 529 -0.3132898915059725
529 564 1.3501723854220646
529 530 0.012768948462365558
530 565 0.15438426164931845
530 531 -1.2369454783395155
531 566 0.2902147733395225
531 532 2.252746587117378
532 567 -1.3546783969001133
532 533 0.43318042796713574
533 568 2.11762165396479
533 534 0.689949476086927
534 569 -1.6373462109514334
534 535 -0.1772261028264858
535 570 -0.6162815262834657
535 536 0.9287110851989049
536 571 0.10058350361597222
536 537 0.7499600572060319
537 572 -0.18413337512418465
537 538 1.0756519039115138
538 573 -1.12524663898428
538 539 0.8773940188841517
539 574 -0.10672120710465412
539 540 0.6357997737281499
540 575 0.27958198879893775
540 541 -1.6260545881202746
541 576 -0.36576173256630956
541 542 0.4519274469686687
542 577 -1.7964085639919343
542 543 -0.7550850447329774
543 578 0.4761651541874887
543 544 1.3637427002147064
544 579 1.12126251092148
544 545 -0.7964724152946946
545 580 -0.26998536063450845
545 546 1.4171690595740873
546 581 -0.3765096840366603
546 547 1.6520931674076715
547 582 -0.8602629146648401
547 548 0.9288485487782248
548 583 1.3525275031815516
548 549 -2.212587030025647
549 584 -0.049548618142127326
549 550 0.20109781916695538
550 585 -1.4775709619269237
550 551 0.8051665514479315
551 586 -0.5566839891456574
551 552 1.0847826786078387
552 587 -0.8327235614060438
552 553 1.880054033435741
553 588 -0.12813178678245402
553 554 1.3055684556686873
554 589 -1.7804042503580826
554 555 -0.7523248715271709
555 590 -0.35782441470534726
555 556 -0.15329346392717225
556 591 -0.5756268775048058
556 557 2.03959155354909
557 592 0.5976559506563777
557 558 0.6169509637807924
558 593 0.9878910961766941
558 559 -0.4791019930856002
559 594 1.4308560279643556
559 560 -0.6333278547733522
560 595 -0.5182339249355329
561 596 -1.3968118780353362
561 562 0.007090151096579038
561 595 -1.8740281168980828
562 597 0.7889089105304771
562 563 -1.1439852424135695
563 598 -0.037168113177933323
563 564 -0.9142704752807047
564 599 2.8603745203469835
564 565 0.22922425656078918
565 600 -0.5516693139803747
565 566 -2.0208598793757093
566 601 -0.22498873758627527
566 567 0.8043045380770961
567 602 0.6703255669486505
567 568 -1.4246029834638774
568 603 -0.6675773106518637
568 569 -0.16935835942857605
569 604 -0.016188428266903192
569 570 0.8270309255914222
570 605 1.460427552292264
570 571 -0.2023434335351123
571 606 -0.41637178998594365
571 572 0.9743707392306349
572 607 -0.8616235188210511
572 573 0.30384525382908784
573 608 -0.6828397511753498
573 574 -0.8344268818983727
574 609 1.242146774410447
574 575 -0.8191736494030321
575 610 -0.8694582636372689
575 576 1.5135627105145166
576 611 1.8460552634148404
576 577 -1.4734553973728486
577 612 -0.05905358216154672
577 578 1.2663690213143235
578 613 -0.809920578925181
578 579 1.6300937375650235
579 614 0.8488259830997962
579 580 1.107086742088781
580 615 0.20666854277203167
580 581 -1.2013938968130706
581 616 -1.0928813434216804
581 582 0.9628997432378417
582 617 0.40439037542759537
582 583 -1.1938725115346736
583 618 1.5073866039487267
583 584 -0.5392326328993523
584 619 0.7891086888718063
584 585 0.11836040300351436
585 620 -1.063894373042704
585 586 2.026366708996919
586 621 -0.6536455331553565
586 587 -0.8640137508000361
587 622 -2.562901075775268
587 588 -0.7405380323535303
588 623 -0.08054866579331238
588 589 -0.3277301220114546
589 624 1.2918525357696293
589 590 1.063489268505954
590 625 0.9526029711231248
590 591 0.994468649824458
591 626 1.8116989577057725
591 592 -0.15315242092714978
592 627 -0.5109426610119484
592 593 -0.12322103549791771
593 628 0.3259096879287906
593 594 0.272914557567558
594 629 -0.9391294338509111
594 595 0.8238612495771145
595 630 -1.8800026310018216
596 631 -1.7935466908804074
596 597 0.20666520246799
596 630 -0.722506074377043
597 632 -2.278934175597251
597 598 1.1163136540837115
598 633 -0.304246941944534
598 599 0.9698473739381778
599 634 -0.6154475192945679
599 600 -1.715038177528271
600 635 -0.03448813624742163
600 601 0.4983030378429496
601 636 -0.9027481833366972
601 602 -1.2158997706677666
602 637 0.8096683547599303
602 603 -2.6362792384735467
603 638 0.04170501075186182
603 604 0.6706018446921062
604 639 0.16464181896062455
604 605 0.489841840907212
605 640 0.16901915818743554
605 606 -0.06576166425390961
606 641 1.5667416022244214
606 607 -1.5492417490208408
607 642 0.633460163704816
607 608 1.417060168168786
608 643 0.865554613333025
608 609 0.4367461436595906
609 644 2.5054322836887732
609 610 0.3103702116715978
610 645 -0.410813011114795
610 611 0.21424834743460008
611 646 0.17953378878317997
611 612 -0.30432106930992586
612 647 0.11907808639311657
612 613 -2.250022651587202
613 648 -2.2160699060003886
613 614 -1.7634880712610617
614 649 -2.3830484884325296
614 615 0.7139286021085681
615 650 1.7409050013407519
615 616 1.4707506534556152
616 651 0.1031131936257161
616 617 -0.6701075742211163
617 652 -0.1746716141748805
617 618 -0.8232312600323257
618 653 1.223877075014707
618 619 1.4168640257361218
619 654 0.5030094630927371
619 620 -0.31050459067866226
620 655 -0.5275961918660594
620 621 1.1947882416856623
621 656 1.500538663927503
621 622 0.5960784256127782
622 657 -0.9679070853119957
622 623 0.6926751835344196
623 658 -1.604881628308181
623 624 -0.559252572958747
624 659 -0.8814139783855169
624 625 -2.0471360801776353
625 660 0.637223021610637
625 626 0.5022712000530667
626 661 -1.8758556666314754
626 627 0.6675057990767987
627 662 1.3988378315728427
627 628 0.4477321024075537
628 663 1.0336482121672304
628 629 2.421367127347188
629 664 0.3333408689356025
629 630 1.0975455957533031
630 665 0.43303082261197123
631 666 0.6532556760811858
631 632 1.762321377330946
631 665 -2.758506668525179
632 667 -0.23041323871959368
632 633 0.414689336648413
633 668 -0.01841124251199841
633 634 1.104152002700895
634 669 -1.7585822275608614
634 635 -1.0767827759402926
635 670 1.5879299319050515
635 636 0.6951865517849347
636 671 1.7794587514108076
636 637 0.466463516735983
637 672 0.6468994682065593
637 638 0.3569651150267476
638 673 0.5221653477357288
638 639 0.17399743795674016
639 674 1.512338630065051
639 640 -0.7391927371582249
640 675 -1.9813046375952204
640 641 -1.5526700863280145
641 676 0.014517310979405895
641 642 -1.7253551710396953
642 677 0.9976616945813301
642 643 -0.4520918215312154
643 678 0.7605581459093783
643 644 0.20400663471787175
644 679 -0.3714761721613923
644 645 -0.33829900077226244
645 680 1.5283758165837964
645 646 -0.8569897054333541
646 681 1.3226642080254594
646 647 -0.2948625174471175
647 682 -0.2674469054933918
647 648 0.8433703906012237
648 683 -1.4307132926712864
648 649 0.17403325390083915
649 684 2.4245424504568174
649 650 0.050481705559455
650 685 -0.8962781382512234
650 651 1.229971466409878
651 686 -0.321486417004302
651 652 0.9139738009273525
652 687 -0.16927291597744923
652 653 -0.6143952894895165
653 688 -1.85530933270531
653 654 -1.4777148737725792
654 689 0.9596589202364781
654 655 2.2219025029327173
655 690 -0.6540736737240991
655 656 0.5631192999542363
656 691 -0.2876333831079042
656 657 -1.3034710654063104
657 692 0.06351093058331218
657 658 0.3804968160271006
658 693 -1.3008802355767421
658 659 1.0057199693311012
659 694 -1.1064954633788255
659 660 1.1110978801848779
660 695 0.28270647975702035
660 661 1.3843218880786476
661 696 0.23288997976852757
661 662 -1.451445390210057
662 697 -0.9522878198492745
662 663 0.4892463013246564
663 698 -0.10505424655898774
663 664 0.2171986455420363
664 699 1.2611125739489544
664 665 -1.2271852051443153
665 700 -0.2566923900402042
666 701 0.6329728818552778
666 667 0.7646233578814082
666 700 -0.6688466032919987
667 702 1.6396107366348838
667 668 0.18092642835475173
668 703 -4.085106873673566
668 669 -1.8059499596320299
669 704 0.22738120341710794
669 670 0.6424686015945603
670 705 0.8641353174540114
670 671 -1.0600897051447438
671 706 -0.09042858533750699
671 672 0.6851920699855756
672 707 0.41462856519868346
672 673 0.2048094468543033
673 708 -3.2367361741799052
673 674 -0.5455125290138828
674 709 -1.726756277233608
674 675 0.26636738659669384
675 710 -0.9777019065194245
675 676 -1.6489269804983375
676 711 -0.5867958916954326
676 677 1.4541641036888326
677 712 1.7867956586971705
677 678 -0.5511706596965807
678 713 -0.6256743863774666
678 679 -1.0822046163536017
679 714 0.48518081730257673
679 680 -0.44409894116852916
680 715 -0.3897414738345421
680 681 -0.30255675885339584
681 716 -0.2218334424781463
681 682 -0.5554831268237205
682 717 1.2293028124083945
682 683 0.03384862149087293
683 718 -1.5147984462060686
683 684 -0.18321532916247565
684 719 -0.5599682752515182
684 685 0.3135479179335541
685 720 2.690392611728501
685 686 0.0033555992209177007
686 721 2.4531802766614037
686 687 -0.05751991595256447
687 722 -0.2735533278906046
687 688 1.1226639481443261
688 723 -0.778375272790475
688 689 0.598719753539543
689 724 -0.49532942250768336
689 690 -0.11844933393205485
690 725 -0.0923921892276888
690 691 -0.9090159170398104
691 726 -1.0315535283224473
691 692 -0.029351879486998942
692 727 1.087964000494592
692 693 1.6338134644350049
693 728 0.4244361389665292
693 694 0.44827418709828915
694 729 0.9810981994497698
694 695 -1.8153189893073898
695 730 -0.6074863636790366
695 696 -0.8658603716215889
696 731 0.0502289823116255
696 697 -0.5367499658647048
697 732 0.6741149608143312
697 698 -0.7905990746948476
698 733 -0.43306966316211476
698 699 -0.630223239438035
699 734 0.44698699375612017
699 700 0.26976344728729124
700 735 0.17617229119076408
701 736 -2.666022652760709
701 702 -0.6911147594180231
701 735 0.07270459237560659
702 737 0.011571654001270084
702 703 1.7554113185823534
703 738 -2.162721154496843
703 704 -0.45633606675542515
704 739 -0.6803734978693111
704 705 0.925893872483926
705 740 -0.2621029747708343
705 706 -0.4754045634625972
706 741 0.27283904615578597
706 707 -0.5167654632729568
707 742 0.9988015534531712
707 708 -0.10905339568477378
708 743 -0.5617794212676489
708 709 1.06830687697046
709 744 1.0652610701426726
709 710 -0.5392176651680847
710 745 0.9923795316030217
710 711 1.1374526978982036
711 746 -2.0996504479614457
711 712 -0.14170694612665755
712 747 1.4935158554524934
712 713 0.33142298689897326
713 748 0.5311559140960375
713 714 0.7084863811362574
714 749 -0.533660553336675
714 715 0.20739744258603082
715 750 0.499660029339319
715 716 1.3162059731559783
716 751 1.3392758480678137
716 717 -1.0199319968067797
717 752 -2.1152290659533457
717 718 -0.16138174161254626
718 753 0.31734607818668575
718 719 -1.0371226283737505
719 754 -0.40798370268732587
719 720 0.030430259793096714
720 755 -1.6186521033178716
720 721 -0.5625967515730075
721 756 -1.3649474657973377
721 722 1.5485592550234843
722 757 1.0944484857295147
722 723 0.5031016235686642
723 758 0.8145291141980221
723 724 -0.8264220075837616
724 759 0.47092717829295333
724 725 1.446992996391879
725 760 1.2937831716510821
725 726 -1.4601344271472925
726 761 0.2141393152477641
726 727 0.3992421016175884
727 762 0.16961092391296428
727 728 0.6600329818664683
728 763 -1.1401824876748157
728 729 0.05386639635488312
729 764 0.8687931682715221
729 730 -0.42058783598258226
730 765 0.16150586714395979
730 731 -2.7565587475516726
731 766 0.7910614257008776
731 732 0.5653527257047773
732 767 1.023548900445698
732 733 0.5745719324721744
733 768 -0.4680490341024224
733 734 0.10077442341247854
734 769 1.348939565627372
734 735 0.3808081489279044
735 770 -0.30613924883051785
736 771 -0.21469260571006762
736 737 -0.6888606492632406
736 770 0.08099482681857954
737 772 -1.0356805950089247
737 738 -0.1541745469732355
738 773 -0.19625872027671884
738 739 -0.5250500920344566
739 774 -0.6919986645336643
739 740 -0.06272735832817
740 775 0.006609386016399371
740 741 -1.464496080864456
741 776 -1.195625059126746
741 742 0.19321347220518223
742 777 0.661220151192471
742 743 0.4590278201267072
743 778 0.22861461903835653
743 744 0.6654436648480138
744 779 0.12114623555199901
744 745 -0.8442753392408192
745 780 -0.3665654939199169
745 746 1.5717753283964933
746 781 -0.45032620660183237
746 747 0.692034032753812
747 782 -0.5144618641027457
747 748 1.3315284010261061
748 783 -0.3198260775863909
748 749 -0.8173205066407185
749 784 0.9084332158716437
749 750 0.8875546664648485
750 785 0.317390829664345
750 751 0.4842430070841091
751 786 -0.49741798867486164
751 752 -0.8505578914861988
752 787 0.9990532932704689
752 753 -0.1703340864839546
753 788 -0.034794302565883006
753 754 -0.4201194719505191
754 789 -0.777401048850495
754 755 -0.3958410435493064
755 790 -0.3355934355507676
755 756 -0.8391844990055761
756 791 -2.1586212287890874
756 757 2.4738758404151273
757 792 0.5108448446270849
757 758 0.4974580696562031
758 793 -0.44746503568782175
758 759 1.9979018515698923
759 794 -1.5786415705179597
759 760 1.1072305881893076
760 795 -0.831538317175678
760 761 2.6136610965398845
761 796 -0.19735199204621057
761 762 0.7942349904066223
762 797 1.4725669260107135
762 763 1.7476856192513703
763 798 -1.04184056808468
763 764 0.5669569028819553
764 799 -1.1480553659232946
764 765 -0.2802632962458894
765 800 -1.3209472144760084
765 766 0.8058326144234551
766 801 -0.638005512965517
766 767 0.4198678407683035
767 802 0.521009638226511
767 768 -0.18394650851802247
768 803 -0.06019163560893311
768 769 1.4065067826387034
769 804 0.6806987923677987
769 770 1.1764694880429407
770 805 0.3064682484628096
771 806 0.2708271369312382
771 772 0.25705332673203624
771 805 0.9826481903614277
772 807 -0.01031130097179463
772 773 0.8327884841589784
773 808 -1.4433734167520198
773 774 -0.6127802517602836
774 809 -1.3440241441444893
774 775 -0.14034378186068117
775 810 -0.3267162312568007
775 776 0.41811983680016973
776 811 2.2423502207930643
776 777 -0.46438462190215896
777 812 0.5927520661754537
777 778 0.5106434089655991
778 813 -0.5392385040952035
778 779 -0.9187683585336947
779 814 -1.1233066078102516
779 780 -1.63086420761946
780 815 0.03873266714491181
780 781 0.6259720471431944
781 816 -2.209190900122098
781 782 -1.4529749711395816
782 817 1.7694046611733656
782 783 -0.6073653558710215
783 818 0.9681533462713674
783 784 0.1592668574903255
784 819 1.7165766675332417
784 785 0.5621322390148655
785 820 -0.12031638808772702
785 786 -0.6880259617722047
786 821 0.4137435885960177
786 787 0.7116182472544678
787 822 0.5940449694145674
787 788 1.4608100770390933
788 823 -0.49235906384092487
788 789 -1.3752396323919414
789 824 0.04478195385911955
789 790 -0.6958485799326528
790 825 0.6189287782445373
790 791 1.0001476027443974
791 826 0.5189066103940523
791 792 1.0450109222492885
792 827 0.8382719368514201
792 793 0.9388239457900476
793 828 -0.9860451550094114
793 794 -0.6022263676301156
794 829 -1.3886009795611411
794 795 0.8068553768244834
795 830 -0.6249343173608248
795 796 -0.9083383643041463
796 831 1.1368517849770607
796 797 -0.986310110876887
797 832 -0.1364475473224423
797 798 1.1947061337479719
798 833 -0.17463366216078005
798 799 -0.5002526197696632
799 834 0.8992624874823798
799 800 -0.41329959953431483
800 835 -0.6204008248856103
800 801 0.7060209160506838
801 836 -0.6773380238165356
801 802 0.24985451827417593
802 837 1.5218314369578403
802 803 -0.8037007328301519
803 838 -1.490750848444956
803 804 -0.3145232154381239
804 839 1.205885880555226
804 805 -0.5030269791510086
805 840 0.45534402866868307
806 841 0.41372665517936213
806 807 0.42974213972056785
806 840 0.840354046795687
807 842 0.6364122035101594
807 808 -0.20279110233758474
808 843 0.04052841338353938
808 809 -0.12856798254692803
809 844 -0.7791582414590466
809 810 0.44825633392734937
810 845 0.6912280988462871
810 811 1.799554939266412
811 846 -1.00670048841899
811 812 -2.108062655877956
812 847 -1.2886874006177977
812 813 0.026287877169231866
813 848 0.16280059040025815
813 814 -0.05683550746289988
814 849 1.5409314438408694
814 815 0.39938157558647286
815 850 -0.6839841987778817
815 816 -0.5116758354380334
816 851 -0.20156232406042188
816 817 -0.10830878087760319
817 852 -0.3366153391607319
817 818 -1.6148703350227387
818 853 1.8256535460040588
818 819 0.24269191589033698
819 854 -0.7582403604631979
819 820 -1.0531648299216219
820 855 -0.8755229473337688
820 821 0.9465000637649837
821 856 -0.20146943872352788
821 822 1.7701014825006025
822 857 1.5259866566272682
822 823 -0.6293593686377541
823 858 2.3426394586660026
823 824 0.20921013621099513
824 859 0.02841977557473604
824 825 -0.2735937156438873
825 860 1.646634660264304
825 826 0.16937282512905572
826 861 1.7130162028138614
826 827 0.729993336280339
827 862 -0.8834252702136148
827 828 0.20693193750924765
828 863 -0.9028736586331128
828 829 -0.5949965096878556
829 864 0.8987035109285701
829 830 0.4311280170226236
830 865 -0.9703031230117478
830 831 0.31711435935002175
831 866 0.951241755223306
831 832 1.6328361241807081
832 867 -0.5206019332456868
832 833 -0.017403661213701578
833 868 -2.7312980022165867
833 834 0.36217738877833433
834 869 0.7003847000144866
834 835 -0.4920579872398151
835 870 -0.3722163732807687
835 836 -0.7000157792320066
836 871 -0.46418078581994915
836 837 0.025845530885133864
837 872 0.5456087454072054
837 838 -0.4273335832604268
838 873 1.0296704572448527
838 839 -0.004516219719800917
839 874 0.36527491843041404
839 840 -0.3388239630118412
840 875 -0.41623975604509234
841 876 0.29053236177669955
841 842 0.5642176335747969
841 875 -0.5734833910331834
842 877 -1.7175021026209254
842 843 -0.12242003813887192
843 878 -0.255698103429652
843 844 0.36287363451136323
844 879 0.35158344747711157
844 845 0.38966318111943093
845 880 1.7136675632196015
845 846 -1.0567197368282684
846 881 0.9173957518805589
846 847 1.064928492607345
847 882 2.3995736971772477
847 848 0.24044155814639304
848 883 -0.8313465530013836
848 849 -2.5107970493694944
849 884 -0.19418026254052279
849 850 0.5662027447814597
850 885 -0.2321339021728169
850 851 -1.8695632204613437
851 886 0.4175330703332045
851 852 -0.2794030505391455
852 887 -1.4364077316893693
852 853 -0.5029313610766459
853 888 -0.41033179015464716
853 854 -2.2364141852730905
854 889 0.10135645658555505
854 855 -1.292483979993995
855 890 -1.0780727456844186
855 856 -0.41508811672654755
856 891 -1.4674621275645028
856 857 -0.738775621995263
857 892 2.3910030079134343
857 858 -0.6982608552340223
858 893 -0.040115593337982106
858 859 -1.0432045723968726
859 894 -1.2977313934928276
859 860 0.1414518480911916
860 895 1.4596267267292375
860 861 -0.03740411980728098
861 896 0.22162613741153722
861 862 -0.40949094817375853
862 897 0.6408669381893979
862 863 1.8250983185174556
863 898 0.7065361094534697
863 864 -1.3319069873611187
864 899 1.9086580146878849
864 865 1.5106431863053906
865 900 0.20972836736778622
865 866 1.4103290652260765
866 901 1.0176588872434071
866 867 0.2925074217178345
867 902 -1.2164102129021266
867 868 1.0144887139147398
868 903 -2.4480221584056086
868 869 -0.04113782866933856
869 904 0.04041734989307463
869 870 0.009751031407078028
870 905 -0.30893528182087343
870 871 -0.08887785660995687
871 906 0.3246589914815464
871 872 -1.5788177678069906
872 907 -0.41002169409863526
872 873 0.6964853870648614
873 908 0.24942925063475524
873 874 0.21557780902205745
874 909 -1.5449003789362772
874 875 -0.12671700402174663
875 910 0.2619303281761703
876 911 1.1647225491528101
876 877 0.11321338099948719
876 910 1.1719749725035407
877 912 0.37614372773932425
877 878 0.08368157020613375
878 913 1.7426099717495551
878 879 -0.3252559598040692
879 914 -0.4707191120031615
879 880 0.6160791829040136
880 915 1.001514321021303
880 881 1.9423274451236283
881 916 -0.6409877813652135
881 882 -1.0324258202197136
882 917 -1.2630932195291122
882 883 2.3140095484706182
883 918 1.506483036648341
883 884 -0.9643456702245397
884 919 -1.9665876813964427
884 885 -0.0258429494121275
885 920 -0.37117212448026304
885 886 -0.9218443665664612
886 921 1.2720650928718953
886 887 0.592425597517462
887 922 0.5297671028519437
887 888 1.1067207180319587
888 923 0.9413817250813125
888 889 1.782262112055314
889 924 -0.9624511883108405
889 890 -0.45926424515567726
890 925 -1.2808087827999708
890 891 0.16435009433533734
891 926 -0.14293632895548003
891 892 1.0395665344078369
892 927 -0.6993322270201777
892 893 1.6350288893467897
893 928 0.08576850819154794
893 894 -0.7928270989109946
894 929 -0.3927486134369447
894 895 0.7520262549679759
895 930 -0.8529415110291428
895 896 -0.3607837848319191
896 931 2.3451264999059283
896 897 0.2535156281123276
897 932 -0.1199593856895089
897 898 -0.4258030973491456
898 933 -0.0543776314396922
898 899 1.1272098750709247
899 934 0.18433932716759677
899 900 -0.2694729626887044
900 935 -1.1786840859648977
900 901 -1.2300604658898213
901 936 -0.27425790695595903
901 902 0.34611627216066837
902 937 0.5667939408507736
902 903 -0.5637155240655296
903 938 -0.005735259000854798
903 904 0.09650718168826969
904 939 -1.7251170074183564
904 905 1.4815997605421292
905 940 -0.45349326533488027
905 906 -0.7461080808354351
906 941 0.12201215815927212
906 907 -0.30652291001265114
907 942 -0.9657357488046989
907 908 0.9738011254914961
908 943 -0.0913912041147285
908 909 0.753252111775853
909 944 -0.016838639527994036
909 910 -1.0203332970235341
910 945 1.1069417781582875
911 946 1.0437724533662844
911 912 -1.3651631440742122
911 945 0.44219326122257374
912 947 1.1961240243655926
912 913 -0.07925077577744422
913 948 0.7620104140488753
913 914 -1.563034838360256
914 949 -0.2502889126979705
914 915 -0.1769371638376369
915 950 1.8219476738616518
915 916 1.3016939678361272
916 951 0.347857340652456
916 917 1.9157007589710728
917 952 0.8078277283618148
917 918 -0.019363056093649758
918 953 -1.991144009663436
918 919 -1.4288908532277167
919 954 -0.9710874094678498
919 920 -0.056103931350952874
920 955 0.11196781196360432
920 921 0.10481802419259593
921 956 -1.6305320715878187
921 922 0.3099901166915288
922 957 0.01826626203283101
922 923 -0.9436702125497688
923 958 -1.0462400276005193
923 924 -1.9652699577750468
924 959 -0.5897070619407183
924 925 -0.16645096986913657
925 960 0.20115531424403996
925 926 1.6929081124183112
926 961 -1.1721832544161674
926 927 0.04598805598739925
927 962 0.227704741202757
927 928 0.1917703449425516
928 963 -1.0503224051437452
928 929 1.322253351632475
929 964 2.172145242509031
929 930 -0.31956016592150255
930 965 -0.5399853809422602
930 931 1.1489039531658305
931 966 1.6628723947176758
931 932 -0.5377973959777728
932 967 -0.2731827157407379
932 933 1.3311295460823382
933 968 0.9264100622508564
933 934 -0.5307630120792823
934 969 -0.5294403301117517
934 935 -0.35711267690419723
935 970 0.7345391284617017
935 936 -0.10071752481166736
936 971 -1.7933176605583718
936 937 -2.4309305788691216
937 972 -0.8806707575313828
937 938 -0.9585366582610931
938 973 -0.26074486674128616
938 939 -0.3881155260404421
939 974 -0.23116520035392088
939 940 1.3321279638092618
940 975 -0.9579098766913531
940 941 1.9171402673597309
941 976 1.0465586863228395
941 942 0.45529748934661046
942 977 -0.20374465828301916
942 943 0.7608390488733505
943 978 0.8997873200265692
943 944 -1.5855641832984397
944 979 0.03502369724878164
944 945 0.9614985141041917
945 980 -0.022863976812948297
946 981 0.5385235551903759
946 947 1.4152679954652567
946 980 1.2530022175566935
947 982 0.3525780861973789
947 948 1.1216123121298638
948 983 -0.6827825970419727
948 949 0.34330599292071257
949 984 -2.1976572021339678
949 950 0.6655553882571625
950 985 -0.16198979098447497
950 951 -0.7599788574918673
951 986 0.6700261330080071
951 952 0.6755365838905404
952 987 -2.051006854301902
952 953 -0.6033763238466383
953 988 -1.112698782636816
953 954 0.7238591424814077
954 989 1.8977898476340325
954 955 0.6600636957153261
955 990 -1.7280111888191145
955 956 1.6568051354841502
956 991 -1.4101338779406187
956 957 -0.11605155924131616
957 992 -1.0577808235935655
957 958 0.5912051332415621
958 993 -0.8435042347524723
958 959 -0.22182369457543688
959 994 -1.944446485428603
959 960 -2.9096586420700397
960 995 -0.7855184230043452
960 961 1.1389568630399265
961 996 0.840291689317341
961 962 -1.5359104745155538
962 997 -0.7105580025574866
962 963 -0.14753397357571993
963 998 -1.3829882110784983
963 964 0.19734379290867488
964 999 0.6295483592634281
964 965 -1.2196896091811635
965 1000 3.070109697600824
965 966 -0.4749789367588467
966 1001 0.8441408338086901
966 967 0.7760829473201812
967 1002 0.633090971465462
967 968 0.030354778269966885
968 1003 -1.0339729296061182
968 969 -0.3810626571251861
969 1004 0.6782318094701607
969 970 -0.5296264355318498
970 1005 -0.1549508825901466
970 971 0.27917209457423087
971 1006 -1.0627303701240582
971 972 -1.3337444452711444
972 1007 -1.8474667126827309
972 973 0.5325569907330024
973 1008 -0.811259660111006
973 974 0.7266957189156228
974 1009 0.6313286849902511
974 975 -1.249674150437556
975 1010 0.07681805178992746
975 976 -0.46390101943858875
976 1011 -0.35537856651569527
976 977 0.06287132301262326
977 1012 -1.745797989058766
977 978 -0.587270334845663
978 1013 -0.1564118026422963
978 979 0.6644330551411827
979 1014 0.6657502257242287
979 980 -0.3418515773973559
980 1015 -0.7181069750507212
981 1016 -0.354295344349266
981 982 0.08636900218205489
981 1015 0.8155256512822852
982 1017 -0.7181588058262122
982 983 0.516338825405419
983 1018 0.5934875830118436
983 984 0.18370764141357426
984 1019 -0.9324401557542716
984 985 -0.798601515794268
985 1020 1.1927533143590554
985 986 -0.08208023372557494
986 1021 -0.5197027553864187
986 987 -0.9738549546548609
987 1022 -1.9179228563798099
987 988 1.1576591264877658
988 1023 0.1296947267089242
988 989 0.32453141956877024
989 1024 0.7228720453534394
989 990 0.7557822426368892
990 1025 1.401984380046687
990 991 1.071126520269543
991 1026 0.2666726920620861
991 992 1.85959175952542
992 1027 0.7079941459260303
992 993 1.4052957183995682
993 1028 -1.3148359244812409
993 994 1.544477681912157
994 1029 -0.44163392820438907
994 995 -0.9614291800779095
995 1030 -0.321490300722287
995 996 -1.5539872447993848
996 1031 0.49857453351496794
996 997 -0.5375517299610576
997 1032 0.32818151904876997
997 998 -0.4581206972448644
998 1033 -0.7683911134001677
998 999 0.1626016152869039
999 1034 1.8165697832713756
999 1000 -1.1530921837645547
1000 1035 -1.4667703660746578
1000 1001 1.0684127974236841
1001 1036 -0.32809016184455747
1001 1002 0.1498617527052625
1002 1037 -2.809896565714074
1002 1003 1.847969293453723
1003 1038 0.11752782906643813
1003 1004 -0.9370840154536917
1004 1039 0.747670138437045
1004 1005 0.09301067900711923
1005 1040 0.7594902956436255
1005 1006 -0.6944892058405323
1006 1041 -0.8955053233594795
1006 1007 -1.3084946115627043
1007 1042 1.736898321315223
1007 1008 -0.7371397033710948
1008 1043 1.144698866809559
1008 1009 0.2754646765607907
1009 1044 -0.20928388931013006
1009 1010 2.2456033234143247
1010 1045 -0.7696267599036726
1010 1011 -0.6267632559118973
1011 1046 1.0232455795021511
1011 1012 -1.620061180344037
1012 1047 -0.6191649546121799
1012 1013 -0.4593671419691746
1013 1048 1.4886011320365862
1013 1014 0.09522111966399814
1014 1049 0.664924834834142
1014 1015 -0.4253706645434569
1015 1050 -0.2441622894635242
1016 1051 -0.5303923861205974
1016 1017 -0.7782133266480836
1016 1050 -0.47611786293197794
1017 1052 0.9012047202323037
1017 1018 1.5863100354247062
1018 1053 1.8611193518739506
1018 1019 0.6860638565428772
1019 1054 -0.517273322332639
1019 1020 -0.053410803736236113
1020 1055 0.8127029915179503
1020 1021 0.5583322263913831
1021 1056 -0.42717034297734197
1021 1022 -0.22919490210766605
1022 1057 -0.8012232492096063
1022 1023 1.0527047581704303
1023 1058 0.8371279253803067
1023 1024 -1.6758402927447993
1024 1059 -0.18610238210772634
1024 1025 2.529155678300339
1025 1060 -1.009745948306692
1025 1026 0.08030654574017868
1026 1061 -1.1600519952470831
1026 1027 -1.9953609533642205
1027 1062 -1.4525729510237433
1027 1028 0.18375755309399028
1028 1063 -0.034047466105146265
1028 1029 -1.56838086909789
1029 1064 0.10007284887110157
1029 1030 0.9292498415031506
1030 1065 -0.6569990254567388
1030 1031 -0.26357450929563214
1031 1066 1.3891232537408018
1031 1032 -1.2653088297674622
1032 1067 -0.3494316036066334
1032 1033 0.6555107555728886
1033 1068 0.5447101741378017
1033 1034 -0.8451491214496707
1034 1069 0.26320206912872596
1034 1035 0.8725950603997616
1035 1070 1.534015721097378
1035 1036 -0.27016649709848617
1036 1071 0.6242938333229731
1036 1037 0.9342205090892841
1037 1072 -0.9374374114832359
1037 1038 -1.9198892496129092
1038 1073 0.6548174704547313
1038 1039 0.28813986834921407
1039 1074 0.5141512937486166
1039 1040 -0.4119451180632948
1040 1075 0.3330734067973703
1040 1041 0.5085576383103029
1041 1076 -1.5171732733742094
1041 1042 -0.5764705274341271
1042 1077 -0.7958498923235271
1042 1043 1.8715909346702304
1043 1078 1.4379920112218352
1043 1044 0.329643954669123
1044 1079 -0.21800254624150459
1044 1045 0.9957002491449423
1045 1080 0.40749516998868945
1045 1046 0.6576018139238234
1046 1081 -0.7052163097481265
1046 1047 -1.406982355694347
1047 1082 -0.9310933979097897
1047 1048 1.9748756789643769
1048 1083 0.6596662751606666
1048 1049 0.5384019035662414
1049 1084 -0.9993884144133206
1049 1050 0.2911709559987972
1050 1085 -0.8990098998120003
1051 1086 0.2569408750798653
1051 1052 -0.3653649642914838
1051 1085 -0.22742460554603297
1052 1087 -0.3854720474688426
1052 1053 -0.39818246351316167
1053 1088 -0.8807276359689503
1053 1054 1.5891329644100933
1054 1089 -0.7915754378424923
1054 1055 -0.6527679118384596
1055 1090 -0.998627687953854
1055 1056 -0.08002883697488072
1056 1091 0.40097084975512365
1056 1057 -0.49325746514001606
1057 1092 -0.5951640533143482
1057 1058 -1.1772137574921062
1058 1093 0.8246187698067644
1058 1059 -0.14911242742000005
1059 1094 -0.8454905481296109
1059 1060 0.17583161398435682
1060 1095 -1.467678496135031
1060 1061 -1.8431965241090646
1061 1096 0.7894160030164309
1061 1062 -0.20948149632633917
1062 1097 -0.954782602519607
1062 1063 -0.4055045552973866
1063 1098 0.7431524345358299
1063 1064 0.9053415719659611
1064 1099 -0.37094475688567446
1064 1065 0.1977009941593657
1065 1100 0.18397119120596309
1065 1066 0.5219966864399194
1066 1101 0.03998561188459808
1066 1067 1.9746274172040803
1067 1102 1.4731300552452244
1067 1068 0.6656433224340771
1068 1103 1.687010232081916
1068 1069 -1.0111371323313196
1069 1104 -0.6939307169992124
1069 1070 -0.012587439647262567
1070 1105 -0.7139136308352044
1070 1071 0.2765630660717159
1071 1106 -0.05118176263267567
1071 1072 0.4015916116132178
1072 1107 -0.42186804541612744
1072 1073 -0.570605775044065
1073 1108 -0.9309548447247498
1073 1074 -0.7494762090390035
1074 1109 -0.9397302297192699
1074 1075 0.10970054710538382
1075 1110 -1.11039255208
1075 1076 1.1627981785967558
1076 1111 -1.4273131891436655
1076 1077 0.27799751920094473
1077 1112 0.2433093304156232
1077 1078 -0.5124240342739531
1078 1113 0.5616347192505851
1078 1079 0.35531901940258387
1079 1114 -1.1271891008229922
1079 1080 0.3562803955796482
1080 1115 -0.08888562523855308
1080 1081 2.50281717800426
1081 1116 -2.118765918122001
1081 1082 0.11505270168538838
1082 1117 0.23762147688507815
1082 1083 0.1459732758302656
1083 1118 0.8303600366853672
1083 1084 0.3822845837773774
1084 1119 0.7268996046380575
1084 1085 0.6045697476867002
1085 1120 -0.23150058687206146
1086 1121 0.27844878839068077
1086 1087 0.5577824936056656
1086 1120 -0.8277931225341811
1087 1122 -1.1635500555868983
1087 1088 -0.09491961779599552
1088 1123 0.0680091383258363
1088 1089 -1.4835826983985017
1089 1124 -1.953419599084869
1089 1090 -1.054006250866136
1090 1125 1.542585529925239
1090 1091 -0.05350087621764566
1091 1126 -0.6273825095007434
1091 1092 -0.8261998568171952
1092 1127 1.7657429695400495
1092 1093 -1.297904988012968
1093 1128 -0.13308236934230092
1093 1094 -0.08739795036051703
1094 1129 -0.9918158690460847
1094 1095 0.25416209606466983
1095 1130 -1.3482136814902201
1095 1096 -1.6797221445929826
1096 1131 0.45367748921765505
1096 1097 0.8967445866373067
1097 1132 0.21505284765796928
1097 1098 1.2022491741442525
1098 1133 -1.172967399451556
1098 1099 0.6589778054919905
1099 1134 -1.2957689366741683
1099 1100 -0.47596901108416106
1100 1135 1.1650503269394952
1100 1101 0.7969816414926933
1101 1136 -0.0624001028309393
1101 1102 -1.4228287031156088
1102 1137 -0.43296017621559013
1102 1103 0.8487993473986157
1103 1138 1.6985876917265585
1103 1104 0.66604570868271
1104 1139 0.026577308599928
1104 1105 -0.49997240952931804
1105 1140 -1.1702650237149852
1105 1106 0.23787714391415807
1106 1141 -0.6266929136325906
1106 1107 0.81616870671854
1107 1142 -1.081145533628126
1107 1108 -0.09871262471461
1108 1143 0.00010411903722233762
1108 1109 -1.9806527396931333
1109 1144 0.44255919064178806
1109 1110 0.30581578084944583
1110 1145 -1.0679821211722498
1110 1111 0.5454963015542206
1111 1146 -0.3724797995622321
1111 1112 -1.910529797265751
1112 1147 1.4304685838041813
1112 1113 1.3018429677201258
1113 1148 1.344058910964268
1113 1114 0.07642514257206537
1114 1149 0.021140500380274416
1114 1115 0.08259579345119955
1115 1150 -1.6244524230522166
1115 1116 0.8549746326850709
1116 1151 -0.04444208842258417
1116 1117 -1.215307119626106
1117 1152 1.7588168090053888
1117 1118 -0.2273409773351049
1118 1153 -0.4978115282730156
1118 1119 0.26452585843805065
1119 1154 -0.47278001674898223
1119 1120 -1.4373459413749972
1120 1155 -2.2729618734486507
1121 1156 1.132665082054766
1121 1122 -1.4701783397836785
1121 1155 -0.9030666244729572
1122 1157 -0.3746344045141995
1122 1123 -1.0305155321312167
1123 1158 -0.281841727773964
1123 1124 0.852751390310184
1124 1159 0.3617736232442065
1124 1125 0.03941067480298071
1125 1160 0.1957645922657787
1125 1126 0.1406450590410489
1126 1161 0.5297259437025238
1126 1127 0.08653388717805675
1127 1162 0.3172947025736345
1127 1128 0.7833187713910007
1128 1163 0.1478891366993464
1128 1129 -0.5371862845767748
1129 1164 -0.30988689192508856
1129 1130 0.9836071396251594
1130 1165 -0.3967042965058816
1130 1131 -1.5395356282987467
1131 1166 -0.45882158048400934
1131 1132 -0.17678515877640752
1132 1167 0.9072784959957114
1132 1133 -1.5523901291934405
1133 1168 -0.7963885914078567
1133 1134 0.9203113101780489
1134 1169 0.9100758807234866
1134 1135 0.7324025000970577
1135 1170 -0.020482056238638087
1135 1136 -0.8735013171459096
1136 1171 0.798870566082759
1136 1137 -0.24190442844479626
1137 1172 0.05749509716663383
1137 1138 -0.7813594338678327
1138 1173 0.40406372409419516
1138 1139 -0.34565794093932295
1139 1174 0.4169600756851613
1139 1140 0.37685092584424007
1140 1175 0.22044982317729275
1140 1141 1.221299215095416
1141 1176 -1.375037639810795
1141 1142 0.7947828568121186
1142 1177 0.03295241556468645
1142 1143 0.8294473516061568
1143 1178 0.775858640659722
1143 1144 1.6217822123506191
1144 1179 0.24070697733709476
1144 1145 1.3480671100078412
1145 1180 0.43566605404178105
1145 1146 -0.7490330943827328
1146 1181 -0.7070317867479424
1146 1147 1.2416899577718625
1147 1182 0.46076656908510305
1147 1148 1.7462649965324226
1148 1183 1.2129994255817098
1148 1149 -0.4211389013046141
1149 1184 -0.7278110835717814
1149 1150 -1.6525203290478356
1150 1185 0.42686230765534794
1150 1151 -0.5145507929899179
1151 1186 -0.4916037863449066
1151 1152 -0.25552685496111077
1152 1187 -1.920093247517297
1152 1153 -0.7093282971352026
1153 1188 0.146375515306518
1153 1154 -0.7652487615599581
1154 1189 -0.588122384583334
1154 1155 -0.4890079756450845
1155 1190 -0.4602089115971819
1156 1157 -0.8345129538215184
1156 1190 -0.0931722955794188
1157 1158 -0.6160816610730511
1158 1159 -1.0399025895127783
1159 1160 1.435042377806097
1160 1161 0.9623430724527402
1161 1162 0.5889045912643117
1162 1163 1.2854202796270076
1163 1164 0.33422507425764814
1164 1165 -0.2388212270846652
1165 1166 -0.5722335259142399
1166 1167 -1.84545610287174
1167 1168 -0.6949827111811129
1168 1169 -1.0432296755976855
1169 1170 0.5374719475751271
1170 1171 0.6219318589569364
1171 1172 0.6964501983880481
1172 1173 -0.24165026039069815
1173 1174 -0.9145071995527125
1174 1175 1.0399120793080388
1175 1176 1.8685855000961271
1176 1177 -0.44526913990418926
1177 1178 0.6887884590020479
1178 1179 1.9522506309716292
1179 1180 0.145961114832262
1180 1181 0.40814654802861255
1181 1182 0.22354151685687193
1182 1183 0.035215816921219514
1183 1184 2.1969498478403584
1184 1185 -1.197247876523136
1185 1186 -0.07985637305683038
1186 1187 0.7135685028401628
1187 1188 1.2903014931642092
1188 1189 -0.8548629697282257
1189 1190 0.5027204233582119
