1225 2450
1 36 1.4286044532439965
1 1191 -1.3564524536828957
1 2 -1.2109079695356766
1 35 -0.35398967163568745
36 71 -0.7701294405666873
36 37 0.5367516866758675
36 70 0.14217497186959344
1191 1156 -0.008196135032377939
1191 1192 -0.12710873400000874
1191 1225 0.013018373527896655
2 37 -0.5008183922709095
2 1192 0.42530658176040664
2 3 -2.574567113525286
35 34 -0.814566978294386
35 70 2.73598931950484
35 1225 1.5836852590134123
37 72 0.36993313574183906
37 38 -1.53676468720649
1192 1157 -0.5697099629580658
1192 1193 0.8340907875543461
3 38 1.904943419255322
3 1193 0.5504073386629639
3 4 0.8661574810595947
38 73 -0.6851569711074741
38 39 0.5696030166850697
1193 1158 -0.8944808376788623
1193 1194 -0.8116630212433051
4 39 0.9503843816130971
4 1194 -1.6366638167286083
4 5 1.1984569173836095
39 74 0.3545359325570531
39 40 0.29581805654496623
1194 1159 0.42076812453851536
1194 1195 1.7162316458821087
5 40 -1.6080449437564444
5 1195 0.0044099338072221645
5 6 -0.5289510877628767
40 75 -1.0075964921035718
40 41 1.465222897899166
1195 1160 0.7827953051942105
1195 1196 -0.9917769668093069
6 41 -0.2002844944437614
6 1196 -2.5032646688237796
6 7 0.8090728752335061
41 76 -1.8818218295460536
41 42 0.21372491325616694
1196 1161 -0.3992228204461069
1196 1197 -1.0360741254162114
7 42 1.0774103153591863
7 1197 0.6562063374999335
7 8 -2.3813303964266708
42 77 -0.7218978530443918
42 43 0.07040956869002528
1197 1162 -0.18838742445157883
1197 1198 0.22011544396178184
8 43 -0.3916165591074112
8 1198 0.9963020729075309
8 9 1.4232115991687755
43 78 1.6339307897477056
43 44 0.24950288559870457
1198 1163 0.23890117713884873
1198 1199 -1.4102056021433564
9 44 1.1129540866069128
9 1199 0.3468074069181826
9 10 0.8049656465779464
44 79 0.37934096117357596
44 45 1.3455847783653883
1199 1164 0.16246465847420966
1199 1200 0.4249010328641119
10 45 3.0164710593251107
10 1200 0.6657854496683993
10 11 0.15866298613832813
45 80 -1.187215272878775
45 46 -0.1748542749200119
1200 1165 -0.6994240565988881
1200 1201 -0.4124971411037451
11 46 0.4486214617593252
11 1201 1.124237993795932
11 12 -0.39453497862099596
46 81 0.3389779873535031
46 47 -1.0452610633401904
1201 1166 -0.13638605158778655
1201 1202 0.865865282835897
12 47 0.2598433400861933
12 1202 -0.9550790513063065
12 13 1.5596535747129416
47 82 0.570249366535723
47 48 -0.20756949568486832
1202 1167 -1.1891959538989763
1202 1203 -0.28230702022597437
13 48 -1.8307218042220228
13 1203 -0.5663370769868575
13 14 0.1563685575978393
48 83 0.4558664068159631
48 49 0.07680459711547456
1203 1168 0.8180216483494893
1203 1204 1.0010870834792955
14 49 -1.485024937941351
14 1204 0.17938922400249754
14 15 0.5492330211342582
49 84 -0.5122086093176781
49 50 3.10918720491848
1204 1169 1.2137748062987057
1204 1205 0.6101573034250425
15 50 -0.40699631827226884
15 1205 0.24616964030441227
15 16 0.3631612472508492
50 85 1.380509908157394
50 51 1.3558590058173494
1205 1170 -0.37053198096113193
1205 1206 0.17880437392326087
16 51 -1.0038923146331133
16 1206 -1.883575463391268
16 17 -0.16478326003488827
51 86 -0.3909333975607703
51 52 1.107618704388749
1206 1171 1.7729324314160295
1206 1207 -0.44221918757440587
17 52 0.43653019708954405
17 1207 -0.9656145616504046
17 18 1.1299562640174536
52 87 0.4251478336563042
52 53 1.7914856063607771
1207 1172 1.0176462590944277
1207 1208 1.6379059358593677
18 53 -0.4893760093582281
18 1208 1.814942957841304
18 19 -0.5610607147788409
53 88 1.360714027753461
53 54 1.0597008214063761
1208 1173 -0.144672249552379
1208 1209 -0.2767629853596193
19 54 0.12831269452234634
19 1209 0.8048534259169675
19 20 1.0178013907472891
54 89 0.49853437458248623
54 55 0.5478570169418613
1209 1174 -0.050244139951517205
1209 1210 -0.007479821888101585
20 55 -0.03677295493811417
20 1210 0.03872018762445245
20 21 -0.3868844637489841
55 90 0.3333046697650901
55 56 -0.5332023506015733
1210 1175 0.7609664178823864
1210 1211 1.2525802574763236
21 56 -0.14879489273744084
21 1211 -1.153101148363574
21 22 1.2352150612546495
56 91 -2.359884602942009
56 57 -0.29371130686985825
1211 1176 2.403225347144668
1211 1212 -0.395171696287469
22 57 -0.9629156482455025
22 1212 -0.5622723209695378
22 23 -1.82097763918165
57 92 -0.8354153888262215
57 58 -0.9005944731379488
1212 1177 0.4591505297831731
1212 1213 0.5059757075677831
23 58 -1.064369640161853
23 1213 1.2871364133957857
23 24 -0.8072564898686755
58 93 0.6565418479903394
58 59 -0.8738012570893584
1213 1178 -1.5466373853432225
1213 1214 -0.1718152303744552
24 59 -1.9752592734530046
24 1214 0.032611843431983346
24 25 -1.0472244757237483
59 94 1.2487374225598509
59 60 0.0619096694118075
1214 1179 -1.1946270365433516
1214 1215 1.5123142323987602
25 60 2.319923521127327
25 1215 0.5242510437477288
25 26 0.27489003554173563
60 95 -0.7782986170134099
60 61 0.3947753844409368
1215 1180 0.07639980811889666
1215 1216 -1.8716543724602068
26 61 0.6595351451724518
26 1216 0.7307105147288606
26 27 -0.3767534935636401
61 96 -0.8408274834568487
61 62 -0.3885482641116963
1216 1181 -1.8045460507356959
1216 1217 0.3446424490174432
27 62 0.25441546147122357
27 1217 0.163414937135927
27 28 -0.7706256094270202
62 97 -1.1249166488529394
62 63 0.15646082552733917
1217 1182 0.07882441971865675
1217 1218 -1.4344136930675053
28 63 -0.3936915364524391
28 1218 -0.4501863912430928
28 29 -1.0790530060922778
63 98 0.4144256617750736
63 64 -1.9714246479056414
1218 1183 0.4585648045998518
1218 1219 0.01586752755108454
29 64 0.48057109772880113
29 1219 0.4104315120115475
29 30 -2.2653889650380297
64 99 1.5231414732846746
64 65 0.8845529213541786
1219 1184 0.9957076833584213
1219 1220 -1.7175840216622023
30 65 0.1090423439117907
30 1220 0.021315839293523077
30 31 0.129615300971306
65 100 0.1661009499473664
65 66 0.37882132516583045
1220 1185 -1.993582431651792
1220 1221 -0.7822401970340772
31 66 -1.093795934201986
31 1221 0.6886904730040332
31 32 -0.23537796046083168
66 101 -0.9352533907556071
66 67 0.6779049796993711
1221 1186 1.4496899970277075
1221 1222 -0.36635882297600664
32 67 -0.1452011138753295
32 1222 0.8211075983874611
32 33 0.06825561364827204
67 102 -1.9675376234513116
67 68 -1.1503718176203728
1222 1187 0.08936694989046468
1222 1223 -0.4366025140395323
33 68 1.3527749733867593
33 1223 1.5972344498090343
33 34 0.9227209692896747
68 103 0.9374906871727091
68 69 0.4077310946210601
1223 1188 -0.11957469486731073
1223 1224 -0.9089479575004437
34 69 1.3233579971178642
34 1224 0.6677734601361605
69 104 -0.25043444680338517
69 70 1.0614205935025165
1224 1189 1.2021058759538585
1224 1225 1.8079875786447055
70 105 -0.5143337340665285
1225 1190 0.9394276274445467
71 106 -0.8046142367190591
71 72 -0.08855277499963489
71 105 0.5891020024275285
72 107 0.002131926394567451
72 73 -0.5051901470205034
73 108 -0.808794528568317
73 74 -1.1287327160929692
74 109 -0.4943121771623073
74 75 0.2773399157784802
75 110 0.24856256316415518
75 76 0.2990576849557381
76 111 -0.3001382429018198
76 77 0.8137525748949935
77 112 0.2880845460297664
77 78 2.2625532851903083
78 113 0.8838894290971622
78 79 -1.383320281372227
79 114 1.416781617351849
79 80 -1.7186632946046825
80 115 0.7363558947726674
80 81 0.19382587514502028
81 116 -0.8936586688126249
81 82 0.13114626606141572
82 117 1.5163485161234413
82 83 0.7107717543729952
83 118 0.4634986237054674
83 84 -1.235311889613748
84 119 -0.7341949388067841
84 85 1.0455315210503298
85 120 -0.5672588932916343
85 86 -0.5568022054362638
86 121 1.1318438401281525
86 87 -0.619424981329862
87 122 2.6459723344471304
87 88 -0.5983037402584984
88 123 -1.665422636750698
88 89 0.6059072138836574
89 124 -2.082857491144453
89 90 0.3410914439092685
90 125 0.6632036009549236
90 91 -0.4812287385612298
91 126 0.7599257471712553
91 92 0.28369042535799965
92 127 0.20452906800388052
92 93 1.1940459794095197
93 128 -2.394261067617198
93 94 0.3880564066787864
94 129 1.0115318024560163
94 95 -0.9312944318496951
95 130 -0.8473658240144146
95 96 -0.3120024226031735
96 131 1.1518354354892633
96 97 -0.2989887732419071
97 132 -0.5820039142218311
97 98 -1.472925145344939
98 133 0.09207781265166028
98 99 0.0622383453308961
99 134 0.1992102997201485
99 100 0.8989321934628713
100 135 -2.202585581123466
100 101 2.2644609841050856
101 136 0.3828983510002893
101 102 -0.7137962759030914
102 137 -1.253054620095188
102 103 -0.2918031876054968
103 138 -1.5243098086460825
103 104 -0.1115169257236583
104 139 0.5271357846576978
104 105 -0.2742865174043236
105 140 -0.6834365683080879
106 141 0.43805593913245
106 107 -1.9171217170031423
106 140 -2.4501949836739634
107 142 -2.616512458572833
107 108 -0.5475756865009062
108 143 -1.191565071015693
108 109 -2.2799866240485755
109 144 -0.5045635180882996
109 110 -0.535188420565118
110 145 0.6629069128478203
110 111 -0.6079134133014341
111 146 -1.8336552757287425
111 112 0.039919530632939806
112 147 1.5970547123658454
112 113 0.4205380152187966
113 148 -0.3725925690672286
113 114 0.7363717079770299
114 149 1.5659678826939452
114 115 -0.9522651115023179
115 150 0.8872472999945215
115 116 -0.8679410869036697
116 151 0.5168466143684759
116 117 -0.621225614866044
117 152 -0.4969022638254228
117 118 -0.8397483760550328
118 153 0.5713854600334864
118 119 -0.3684933139742947
119 154 0.7455396325177086
119 120 -0.508826825875749
120 155 0.2892124236801036
120 121 0.7996053539766651
121 156 1.6743540652519093
121 122 0.90603497887861
122 157 0.5026830114142876
122 123 0.47944604789475187
123 158 -0.9358409202318754
123 124 -0.7109613926359978
124 159 0.8548515391069391
124 125 -1.3131240309513206
125 160 -0.5932043763273022
125 126 -0.5294052485690048
126 161 0.9475628649185415
126 127 -0.8549613719234943
127 162 -0.551813366005594
127 128 -0.45752850418933033
128 163 1.830868532852129
128 129 -0.014461318836050518
129 164 -1.1286247307933812
129 130 -0.35855983938791647
130 165 -1.1290602542781314
130 131 0.017378594233320662
131 166 -0.27049536395252977
131 132 0.40122176323950337
132 167 1.4626920757490158
132 133 1.360334612587547
133 168 0.06019734041178398
133 134 -0.7041824859111172
134 169 -0.5409686982711448
134 135 -1.1935810003840215
135 170 -0.40942050156914533
135 136 0.023471977456320497
136 171 0.8657801339747754
136 137 0.41386927943378105
137 172 0.1793282694179816
137 138 -0.08266465796019878
138 173 0.7118028134513428
138 139 -0.6577563245358484
139 174 -0.45947788185776506
139 140 1.9053195479360763
140 175 0.26419783215590786
141 176 -0.06790272726739012
141 142 -0.9400711103224456
141 175 0.03744845103208594
142 177 -1.653785333419589
142 143 1.608627261615008
143 178 -0.03798750836984315
143 144 0.13127704028199627
144 179 1.056632278979254
144 145 0.8128503767157287
145 180 1.7907961247800772
145 146 0.9801145158851458
146 181 0.08847857614538648
146 147 -0.08336344859656579
147 182 -0.4023179155037401
147 148 0.8928154805789631
148 183 -0.22587359071555776
148 149 -0.696224276471858
149 184 2.4894063956021633
149 150 0.3938314821339514
150 185 0.18546197569899775
150 151 -2.087793396760013
151 186 -0.3252572938332685
151 152 0.3132808048170673
152 187 0.3548680404718129
152 153 -1.5296968422757216
153 188 -0.945552271995295
153 154 2.0862094546797674
154 189 1.0966936913433822
154 155 -1.4958383620299924
155 190 -0.6986003657679982
155 156 0.02987612921263743
156 191 1.0419834900857272
156 157 0.5482693646904386
157 192 1.6234528432444169
157 158 -0.4915364816403593
158 193 0.6356208679213059
158 159 0.3970498481396623
159 194 -1.6612436400734107
159 160 1.1550139520875868
160 195 -0.713924129716093
160 161 0.7552315010541134
161 196 -0.6997653943431869
161 162 -0.5424476004402811
162 197 -0.688159006717843
162 163 0.741386935812039
163 198 0.7877667419795917
163 164 -1.5002001364168862
164 199 -1.547041105115115
164 165 2.2710855156149443
165 200 -0.12405945128325203
165 166 0.19519965480150112
166 201 -1.1220458764647034
166 167 -1.704698910995467
167 202 -0.2360394110502966
167 168 -0.0842337774635217
168 203 -1.6531120845762681
168 169 -0.5455746785365674
169 204 1.2966362426268754
169 170 0.4585815254152021
170 205 3.404465014940715
170 171 -0.9980001757043666
171 206 0.19488177197092663
171 172 0.24375750534442245
172 207 -1.2585122586045199
172 173 -1.0626038432541884
173 208 -0.3785212423153099
173 174 1.2480250325546587
174 209 -0.1932403689214448
174 175 -0.4131293162164196
175 210 -1.857586657491641
176 211 -1.6079672541633834
176 177 1.6722839894652712
176 210 0.9532613862374553
177 212 -0.017890046262205077
177 178 1.442202731976334
178 213 0.02279287005174077
178 179 -0.13423308653854912
179 214 1.491136177888058
179 180 0.3995063889036553
180 215 -0.2970246116642209
180 181 0.01929531895762277
181 216 0.5608131807736567
181 182 0.6627820792307837
182 217 -0.8329139166808144
182 183 0.722229273549148
183 218 1.168723635931321
183 184 -0.26075094002696203
184 219 0.13507807583565
184 185 -0.5160189365877105
185 220 -0.24045253833560476
185 186 -1.9901881016170913
186 221 1.5823888203051173
186 187 0.5809679572886537
187 222 -0.1599140591115722
187 188 2.3981112160491707
188 223 -0.42522735028602227
188 189 0.7304525530044323
189 224 0.03300055733403905
189 190 0.12285714607375847
190 225 -0.9035988289918644
190 191 0.19589658173028804
191 226 -0.8922561367664023
191 192 2.1966171427860144
192 227 -0.361752142155144
192 193 1.8031441310141005
193 228 0.3313558867451587
193 194 0.5413423017498785
194 229 -0.20953850317884024
194 195 -1.4288937286509868
195 230 -0.7372509657778882
195 196 0.7920590976378555
196 231 1.175854373041235
196 197 1.2989009557786468
197 232 0.7559924699080696
197 198 -0.2030160678459759
198 233 0.017446735741849254
198 199 0.652416496392933
199 234 -0.6503500990961807
199 200 -1.1200472983770415
200 235 0.2015131623782943
200 201 0.5063287946638018
201 236 -1.616156689067021
201 202 0.4233305439485827
202 237 0.41745013483165605
202 203 1.2495583244758655
203 238 0.595288302100879
203 204 1.4682237734779864
204 239 0.08616844341808914
204 205 0.2772494397588319
205 240 0.587334240539333
205 206 0.45171128907181984
206 241 0.48571967023777096
206 207 0.5600947159048638
207 242 0.9964480948184257
207 208 -0.0815340040452517
208 243 0.7746240324753395
208 209 0.2529552052600507
209 244 1.5284659838873194
209 210 0.026894507492666468
210 245 0.6818083075998465
211 246 -0.7440232736315108
211 212 -1.2598386993835218
211 245 -0.3439868374374401
212 247 1.5155183401203536
212 213 -1.1782113128454885
213 248 0.5519087565870294
213 214 -0.6886044775017989
214 249 -0.08185143919796771
214 215 -0.4240649806355525
215 250 -0.4889715377488504
215 216 -2.352908286900968
216 251 -1.479515975011434
216 217 -2.380195073635997
217 252 0.48249480789931076
217 218 -0.9446918304765629
218 253 1.2014290401827314
218 219 -0.943208265217726
219 254 0.7181522128930149
219 220 0.3448616349132506
220 255 1.1463957339691258
220 221 -0.5896418346233353
221 256 -1.9522062556592334
221 222 0.2673417045067263
222 257 -0.24767679651971156
222 223 -0.21309954095743905
223 258 -1.4779942967508062
223 224 -0.6850783845175008
224 259 -0.07903460887550164
224 225 -0.14492183163249125
225 260 1.4798657403556077
225 226 -0.29932499245132893
226 261 0.8930786242677666
226 227 0.3091496334687873
227 262 0.008349150692682808
227 228 -1.369663369066118
228 263 -0.5085359430217342
228 229 0.5312708946536006
229 264 -2.516174463470809
229 230 0.18163356626826477
230 265 -0.29647141965210283
230 231 0.44044310628973127
231 266 0.8987371699043758
231 232 -0.9448041805335068
232 267 -0.9901000394106054
232 233 1.6339157519629202
233 268 -0.26182113767175824
233 234 0.5622324692977988
234 269 0.7344278759206325
234 235 0.855882245294886
235 270 0.8155287344265361
235 236 -0.4913533960889119
236 271 1.6298640078249338
236 237 1.2378718272832976
237 272 -0.13843024341753105
237 238 -0.46783446964367514
238 273 -1.0589288151004932
238 239 0.4476223228266383
239 274 0.5357059831354664
239 240 0.4791198618171132
240 275 -0.6024155052035345
240 241 1.4116904490224977
241 276 1.1623401003523743
241 242 -0.8732294378672217
242 277 -0.6192006387973478
242 243 0.09667665887893251
243 278 -0.53626888866382
243 244 -2.9908735167993865
244 279 0.47157327442580776
244 245 0.3743422853663617
245 280 1.980659852903553
246 281 -0.2246113796737973
246 247 0.42200738920635295
246 280 -0.3457752442215278
247 282 -1.6896461161822593
247 248 0.6914749162496296
248 283 -1.6128507475624203
248 249 -0.9688708927445512
249 284 0.7804291019978581
249 250 -2.0212104505485606
250 285 0.6523954715871152
250 251 -1.2016196155447685
251 286 -0.23073016007392477
251 252 -1.0495982641158634
252 287 -1.3010010307041837
252 253 -0.30108986912120406
253 288 1.801011656602942
253 254 1.9674211138749051
254 289 -0.2508596351936852
254 255 0.4518145764613329
255 290 -0.2201959279235531
255 256 0.4597311329271151
256 291 0.35548955060415044
256 257 -1.4667973044188476
257 292 0.2642545050248849
257 258 1.041961618589552
258 293 -1.2801509608596078
258 259 0.3058376141474419
259 294 0.1640362677659715
259 260 0.05824568219312886
260 295 0.5992673776525897
260 261 -0.2541076528814565
261 296 0.656808957573549
261 262 -1.4041788226601408
262 297 -0.24632776286521674
262 263 -0.7402520345815623
263 298 0.3208468181838192
263 264 0.6699073894371194
264 299 0.8909851547179112
264 265 0.39407219214105815
265 300 -0.579836979616009
265 266 0.09305514737387685
266 301 -2.5828364176286085
266 267 -0.5017960985148269
267 302 -0.40571112736986065
267 268 0.4620265513624977
268 303 -1.4301759640287168
268 269 1.0445973417514465
269 304 -2.6006507687188676
269 270 1.0519666707290036
270 305 -0.19806838171059135
270 271 2.0867604063357685
271 306 -1.103015369697164
271 272 0.12795522124110956
272 307 -0.03678162195672548
272 273 -0.46495626436593185
273 308 -0.10188716868470168
273 274 1.8988189915040974
274 309 -0.43182116113746233
274 275 -0.892385009893559
275 310 -1.3244713528562773
275 276 -1.9027208481275344
276 311 -0.9036799165989478
276 277 -0.970173786809935
277 312 -2.016681817628797
277 278 -0.8225939730761614
278 313 -0.5877695637441641
278 279 -0.42856347753614593
279 314 0.6213359486198851
279 280 -0.18294297314282523
280 315 1.243059296193535
281 316 -0.6067683613374014
281 282 -0.8946021567366614
281 315 -0.022204641873735848
282 317 -0.6226278654240116
282 283 -0.21798203664033894
283 318 -0.3416914246960195
283 284 -1.3427781969721835
284 319 -1.2040120099133613
284 285 -0.5252243365647621
285 320 0.3047171708491069
285 286 -0.07531023095707878
286 321 -0.9748869330868706
286 287 -0.5216780343742331
287 322 1.4182917373533126
287 288 -0.021228069396032445
288 323 1.3901147494696304
288 289 -2.1440964523844848
289 324 0.2954951750019784
289 290 -1.922466208970846
290 325 -1.205704757007746
290 291 -0.3777000655606678
291 326 -1.8899860037316565
291 292 -0.4913836197822658
292 327 -0.6676442381429137
292 293 0.3854741791923293
293 328 1.3251274308675214
293 294 1.7437430861218692
294 329 -0.5199449624430414
294 295 -1.5713980972446107
295 330 0.5625386955380262
295 296 1.5601576329062918
296 331 -0.5817457393850902
296 297 -0.5704325115003621
297 332 -1.5808154228396476
297 298 0.045214739184848654
298 333 1.2657139546647804
298 299 2.8997692695282775
299 334 -0.1766420846821273
299 300 0.7425143751866561
300 335 -0.621194637697719
300 301 -0.5788188997640387
301 336 0.37667910483141975
301 302 -0.0018971609719116353
302 337 -0.5789991364137198
302 303 -0.013593123258607067
303 338 1.2930752577443576
303 304 -0.026640045377774195
304 339 -0.4119950366035321
304 305 0.03199008972504123
305 340 0.23429094334660497
305 306 -1.1242998695105313
306 341 1.120535742056085
306 307 -1.509460532380657
307 342 0.8793228678460029
307 308 -0.29291374257279684
308 343 0.31752856117210926
308 309 0.15165104808964044
309 344 0.5659620779261251
309 310 -0.032440347325900135
310 345 0.015444422950610517
310 311 0.20484863866113964
311 346 -1.1364461216515003
311 312 1.3206335666666746
312 347 1.3539899934824238
312 313 -0.15964676129100486
313 348 0.2542881516510859
313 314 0.8639796236235857
314 349 -0.5229048309517772
314 315 0.685106091882562
315 350 0.7354844706009115
316 351 0.5273654126910645
316 317 -2.31235326003539
316 350 -1.0809413322696637
317 352 -2.01460804223538
317 318 -0.43639239449663675
318 353 -0.17322541085914706
318 319 1.1891176120558282
319 354 -0.7341362365071695
319 320 0.9368696685104201
320 355 -0.15970295025393008
320 321 -1.3501264238652702
321 356 0.10918611905036588
321 322 0.6198417625235356
322 357 0.474172872762324
322 323 -1.155858682104168
323 358 1.1465733080883622
323 324 -2.126415357852829
324 359 0.7810632245655131
324 325 0.12013187754654109
325 360 0.6224612393297928
325 326 1.5655497241631593
326 361 -0.8142410033039912
326 327 0.39759979045506705
327 362 0.3711305362995331
327 328 -2.5399072600636594
328 363 2.7613683198080516
328 329 0.23811231865450014
329 364 0.07050974330771155
329 330 0.984071307675178
330 365 -0.33633526141649195
330 331 -0.23762900359134265
331 366 1.0763335241462462
331 332 -0.690682223701147
332 367 2.03458402102383
332 333 2.15355674922227
333 368 0.19996614875283272
333 334 0.4432051166980986
334 369 -0.5769262063446138
334 335 -1.8813863248914737
335 370 0.9357964181354781
335 336 0.6285484355083887
336 371 0.3646837932269516
336 337 -0.620219291243221
337 372 1.2396587412173992
337 338 -0.6404752537246082
338 373 0.6134197498732152
338 339 0.9060464625157829
339 374 -1.3806106497582133
339 340 -0.9797598461183245
340 375 1.8926254991771607
340 341 -0.7610437775725362
341 376 0.6524486803702345
341 342 0.9305807673017308
342 377 -0.3206798408998149
342 343 -0.6957540044255478
343 378 1.223378625981318
343 344 -0.04980755004614431
344 379 -0.2418583298862788
344 345 0.6173705358835574
345 380 0.8242484379579165
345 346 -0.8912792445503926
346 381 0.02661338512483699
346 347 -0.5249802990985918
347 382 -1.6663265851828346
347 348 -0.25377698847232383
348 383 -0.586110770870028
348 349 0.5787767189760069
349 384 -0.15744422202373576
349 350 2.034933164558595
350 385 -0.6105810411156964
351 386 -1.2996450760895986
351 352 0.9566646523037076
351 385 -1.577235041347623
352 387 2.595077632386245
352 353 0.8360887600830099
353 388 1.3550697633599045
353 354 -1.0660629577135166
354 389 0.3341799143379771
354 355 0.3510980573902554
355 390 0.36490810525491646
355 356 -0.07394103162467083
356 391 -0.7726224369449811
356 357 -1.7134571824220357
357 392 -0.35531705085226917
357 358 -2.284051954339071
358 393 0.07015623579231249
358 359 -0.591079085193399
359 394 -1.1312458709082684
359 360 -0.9566102908483377
360 395 -0.1117973274639088
360 361 -0.2592195029580787
361 396 1.2835918352971822
361 362 -0.02953022989494935
362 397 -0.6222805123696971
362 363 1.162733003877024
363 398 0.5097546447098641
363 364 -0.1796645715444591
364 399 2.086869828824939
364 365 -0.5847863800494496
365 400 -1.0594425269988377
365 366 0.31743459739653207
366 401 1.2006563540091364
366 367 1.3965499749575738
367 402 0.8407040763807323
367 368 0.4722597324462247
368 403 0.055963118936990984
368 369 0.237106061097275
369 404 -0.5649617730906329
369 370 -0.26703359512208175
370 405 0.7453367276924656
370 371 -0.16727565254252014
371 406 -1.2783215071564649
371 372 -0.09042011995440465
372 407 -0.0847025302577791
372 373 1.3222235034347716
373 408 -0.3399145851463391
373 374 0.7792312361852262
374 409 -1.6489042157168077
374 375 -0.10940862386149136
375 410 -0.5196665050374162
375 376 -0.4085000937968884
376 411 1.4192358301277053
376 377 0.9613078013015139
377 412 -0.11143053067091145
377 378 -2.4529019571672595
378 413 -0.45532169916127135
378 379 0.6971283386806011
379 414 -0.8174610149996795
379 380 0.18767394250680386
380 415 -0.044168467596235744
380 381 0.11410730334428651
381 416 0.5873843477851949
381 382 0.5554394118385889
382 417 -1.4278956867446027
382 383 0.01060972850936963
383 418 1.51475553655066
383 384 -0.3617750874823178
384 419 0.3342227985501601
384 385 0.891220132243519
385 420 -0.6780772903857794
386 421 -0.045969669865915434
386 387 0.8392166815649568
386 420 2.59369770285186
387 422 -0.5539354446542513
387 388 -1.2666328449922868
388 423 -1.2002188906282114
388 389 -2.077596911860319
389 424 1.4814161282552512
389 390 -1.4490095245850936
390 425 0.21002167587910836
390 391 -0.3170426299392625
391 426 0.27064444303232527
391 392 -0.1053267127797536
392 427 0.4563756119167568
392 393 -0.45058441179382963
393 428 -0.139518794359646
393 394 -0.5489503061558445
394 429 1.5010545900153682
394 395 0.11256893633904787
395 430 0.8316797373099257
395 396 0.976977961826136
396 431 1.0222080505499362
396 397 0.3436917114272863
397 432 -1.2273538187603084
397 398 0.9377052082493231
398 433 0.2504849640499891
398 399 -0.425242556027705
399 434 0.6354413548718765
399 400 -0.10484982398812473
400 435 0.4333413265615314
400 401 1.251532872711951
401 436 0.8498886358133476
401 402 -0.2671659046804338
402 437 -0.7767995996837682
402 403 -0.5473319014449038
403 438 -0.5808644145350743
403 404 2.003154198183904
404 439 -1.0414877434691898
404 405 0.4298057347964782
405 440 0.5963426618157407
405 406 0.02898038075827581
406 441 -2.0401716104943484
406 407 -1.286681937092649
407 442 -0.09995984651284018
407 408 -1.0490167708895786
408 443 0.9530812720722659
408 409 -0.277071451963639
409 444 -0.3273052812020947
409 410 1.756044372656496
410 445 0.528132977038798
410 411 0.0838370343014336
411 446 -0.8584866246342124
411 412 0.6438775100995872
412 447 -0.5548912408406285
412 413 -1.0435578388580307
413 448 -0.030109227729434827
413 414 -0.5184100005841977
414 449 0.7227560054051367
414 415 0.8499002844716071
415 450 0.7247270964483855
415 416 -1.7627323288127048
416 451 0.6495439104087197
416 417 0.9521429616234572
417 452 1.5417094678067862
417 418 -0.7779932062646153
418 453 -2.212320138410393
418 419 0.625969134211061
419 454 0.23140641938529213
419 420 -0.2679733075300503
420 455 0.4228103983410909
421 456 1.1199608620838315
421 422 1.6074669714544783
421 455 -0.7310825051597848
422 457 0.524744737082125
422 423 1.7315126921385893
423 458 -1.424251122942947
423 424 0.3963322830613786
424 459 0.19750497437693976
424 425 -2.2864668692179153
425 460 -1.8282603690745929
425 426 -1.148708995159977
426 461 1.2243340764581903
426 427 -0.7989338005956172
427 462 -0.14080651894217888
427 428 -1.2333956954997514
428 463 -1.1225982852053076
428 429 -0.6231513604915405
429 464 0.46409700927216124
429 430 -0.563895882716333
430 465 0.6294906299009064
430 431 -1.8438966561416383
431 466 0.4242794673733512
431 432 0.29616196812171397
432 467 0.48745973188297265
432 433 0.2393142877314517
433 468 2.014544364195653
433 434 -0.678411838260907
434 469 0.5629551077760266
434 435 -2.096776903817151
435 470 -0.9751885295841505
435 436 0.8037932920387482
436 471 -1.5787482974577896
436 437 -0.08912396188890696
437 472 0.5826856692085709
437 438 1.3132712235047947
438 473 0.26162630760918454
438 439 0.2697183513908426
439 474 -1.4793633640603532
439 440 0.9083568241662054
440 475 -0.35667588625624735
440 441 2.8997973899702085
441 476 0.8185627739442322
441 442 -0.06595073859985455
442 477 0.22914102854633783
442 443 -0.886340132705391
443 478 -2.123865990401049
443 444 -0.16288308031239623
444 479 -0.5470241253607023
444 445 0.24157694372713612
445 480 -1.440641419767624
445 446 2.0042232421971002
446 481 -1.675914769721501
446 447 -0.4249482242238793
447 482 -1.0902681353411166
447 448 1.6187507751430914
448 483 -0.32785126268024267
448 449 -1.2142794689852405
449 484 0.5641890022390131
449 450 -0.8143835396643959
450 485 -0.47847705504938925
450 451 -1.3709721174076082
451 486 1.4307307214376899
451 452 -0.08835259701572958
452 487 -1.2020153183610263
452 453 -1.5876827905075725
453 488 0.039573575117176414
453 454 2.0531684911756822
454 489 0.7135578606544323
454 455 -0.21650547884389065
455 490 -0.9132245138428458
456 491 -0.426548601477085
456 457 0.41298542611861633
456 490 1.7251152307232884
457 492 -0.08931231170901986
457 458 -0.12548416521744057
458 493 -0.2855451461670919
458 459 -1.50792529234341
459 494 -0.30873684994981737
459 460 -1.1267667411474633
460 495 0.5025589867022398
460 461 1.1258832911218777
461 496 -0.2929129405640675
461 462 2.8102059014257237
462 497 -0.36859780519742885
462 463 0.045183037376459706
463 498 1.0559800157640455
463 464 0.7502798476637373
464 499 -1.4311327680961463
464 465 1.0550734430082356
465 500 -1.0718272321953408
465 466 0.6329016447071103
466 501 -1.1977960912632484
466 467 -0.23881074400347363
467 502 0.46312643588429325
467 468 -0.15794130963975886
468 503 -0.3250639012201582
468 469 1.080846272688225
469 504 0.8501903601434717
469 470 -0.5725368586895118
470 505 -0.08442432131468836
470 471 -0.4068223412523904
471 506 -1.551039424321135
471 472 -1.2561919480729145
472 507 -0.4797893828955361
472 473 -0.6525355329797156
473 508 0.5602459008095036
473 474 0.2095343076882945
474 509 -0.14674789209899608
474 475 0.13048808730946387
475 510 0.6661515065453754
475 476 1.023518830921383
476 511 -0.760300273851318
476 477 0.2196537985337576
477 512 1.3771636807713483
477 478 0.5490069728941663
478 513 -0.13486362286946757
478 479 0.5448777788446895
479 514 1.3105036602678013
479 480 0.33628990221683364
480 515 -1.1303849996799442
480 481 1.7633158500469894
481 516 0.9067820651283133
481 482 0.29760662954302297
482 517 0.5191123788099711
482 483 0.039008302040525626
483 518 0.34795319980433836
483 484 -0.9403702809066332
484 519 0.12047931213063565
484 485 -0.1376446050223432
485 520 1.2619503823924676
485 486 1.1058630470732282
486 521 0.2512240087508812
486 487 -0.3344567418022249
487 522 -0.8699036238763453
487 488 -1.00902208012224
488 523 -0.5964700515430169
488 489 1.365590336500381
489 524 1.8073583083410694
489 490 -0.6932735936854998
490 525 0.7655112605343327
491 526 0.4426807446120629
491 492 -1.427061463345261
491 525 1.9008725973682656
492 527 -1.0695176904397874
492 493 0.30049034134397484
493 528 2.5874285892266884
493 494 -0.4552504663063739
494 529 0.9382022036869755
494 495 -1.4583240629057048
495 530 -1.355731135082252
495 496 0.2707462900117321
496 531 -0.10676388925371467
496 497 0.41726040101054046
497 532 0.8783152908480413
497 498 -0.2976104374850329
498 533 1.2049200859077533
498 499 -1.4676142230133467
499 534 1.9781428373918515
499 500 -0.5999427341813847
500 535 0.38832801043179865
500 501 -1.424865722364002
501 536 0.3333128584889406
501 502 -0.11326126853013038
502 537 0.19956091913573834
502 503 -0.029879133874270658
503 538 -0.2653725788837216
503 504 0.6088068904398591
504 539 1.3351403928822438
504 505 0.6120382757422193
505 540 0.7733313562751183
505 506 0.10179778640625962
506 541 0.8234801117063563
506 507 1.3497631514702233
507 542 2.056763215003859
507 508 0.8241068835564251
508 543 0.07581888690059474
508 509 0.7227490889788337
509 544 0.6029289986672219
509 510 1.4969018105518364
510 545 -0.23752936699433144
510 511 -1.2679397448974785
511 546 -0.723451490395518
511 512 0.6194802214924598
512 547 -1.4136219484973171
512 513 0.049348181490537386
513 548 0.12532367817676934
513 514 0.8983178310928323
514 549 0.3061165219034106
514 515 -1.2050462138741098
515 550 0.8524789184217424
515 516 -0.6345933842579594
516 551 -1.6562215588303517
516 517 0.7806854415797023
517 552 0.41786170845131654
517 518 -0.9103943627677061
518 553 1.696666321451705
518 519 0.28651463303948255
519 554 -0.9097301655756064
519 520 -0.28813386221990767
520 555 0.30208850342849863
520 521 -0.16481589299947233
521 556 0.2859610000259456
521 522 -0.9531228318661243
522 557 1.0892625186052978
522 523 0.3286724739137064
523 558 0.13896887054831342
523 524 -0.1739539228645024
524 559 0.6014300376346372
524 525 1.6558865193509245
525 560 0.47968583261743847
526 561 1.2925987321889647
526 527 0.4426208105614966
526 560 0.6583242784886769
527 562 0.22987112601245732
527 528 -0.8133283348030349
528 563 -1.6515083085933402
528 529 0.43357170563655073
529 564 -0.06714619054146237
529 530 1.155612057562494
530 565 -0.14480302904908043
530 531 -1.5342413713766228
531 566 -0.5225077878809601
531 532 0.6503147989174276
532 567 0.21036345583676244
532 533 -0.8498403639936777
533 568 0.6293687967360654
533 534 0.09075697727178143
534 569 -1.2765474475584344
534 535 0.6942237466924904
535 570 -0.6111721347012196
535 536 -1.3608026164438283
536 571 0.1712234781940449
536 537 0.075046115518225
537 572 -0.9752147870973482
537 538 -0.3592954519104065
538 573 -0.5402483272077859
538 539 -1.0079686152502023
539 574 0.9319946015920512
539 540 -0.20934122774367153
540 575 1.7864960522404238
540 541 1.1067289159784333
541 576 0.5848283109492867
541 542 -0.026160257510967795
542 577 -0.03452554778563167
542 543 -0.4461670547513406
543 578 1.46626716968089
543 544 -0.6727907704501536
544 579 -0.08601271590694616
544 545 -0.1714829203346076
545 580 -0.2069145759728112
545 546 -0.48400392991762536
546 581 -0.3063257839507629
546 547 -0.6636518529159147
547 582 0.9702355254687055
547 548 -0.5230014047717139
548 583 2.315513323253947
548 549 1.2975662598154245
549 584 -0.873197977615163
549 550 1.3732971030712164
550 585 1.616781723551683
550 551 0.4011606108298722
551 586 -0.45513213246368256
551 552 -0.187553618387055
552 587 0.5327083576451019
552 553 -1.8186353516426472
553 588 0.5536925659488073
553 554 -0.10707651380050813
554 589 -0.5796283177243888
554 555 0.9786980289019486
555 590 0.45902570936941595
555 556 1.5354194005574051
556 591 -1.3194372938539238
556 557 0.993387625834589
557 592 -0.8731956446266791
557 558 1.6369544443851325
558 593 -1.2026653574456025
558 559 0.78309698473927
559 594 -0.713953865642487
559 560 0.2749047592672567
560 595 -0.3217421258036371
561 596 2.3863241091260656
561 562 0.431045228256425
561 595 0.2380012066702568
562 597 -1.2994145497842309
562 563 0.019639216031810354
563 598 -1.0815115917016047
563 564 -0.7472636939775376
564 599 -1.468215140478812
564 565 -0.5218685372776801
565 600 -0.9323246918296014
565 566 -0.8074982900375338
566 601 -1.647236202463022
566 567 0.008724480671581986
567 602 0.9959348059943336
567 568 0.26411990125803214
568 603 -1.1241936487026118
568 569 -0.4260900433775024
569 604 0.06497037128595182
569 570 0.5833660162762196
570 605 -1.4618090952579386
570 571 -1.015292931603692
571 606 1.6604680878773013
571 572 1.016681322304255
572 607 0.46627620261398095
572 573 -0.16437099715204648
573 608 -0.5550156344730437
573 574 0.7217411775224652
574 609 -0.880473079956689
574 575 0.8307057365893107
575 610 0.22328642491231387
575 576 -0.0515574669652188
576 611 -0.5349060760772935
576 577 0.033967821822897926
577 612 -0.39058883062338895
577 578 0.9408917392956102
578 613 0.7796489110808864
578 579 0.6303652085800682
579 614 -0.8204702516381333
579 580 1.2956055200476422
580 615 0.6029523625908572
580 581 0.24309738752316407
581 616 -1.1902402363452549
581 582 0.13679172720107777
582 617 -1.3120707310467385
582 583 0.0029744030204173315
583 618 1.2408911512519962
583 584 -0.0018723503935402183
584 619 0.04743988187559575
584 585 -0.4362445968368876
585 620 0.5541339320898637
585 586 -0.04693396103063247
586 621 0.11406170010187328
586 587 -0.7707717215829755
587 622 0.027449124396214462
587 588 -0.4875839540268718
588 623 0.9199059912845592
588 589 -2.150228648780852
589 624 0.13574224752925187
589 590 1.3022921146659148
590 625 -0.0765225401926973
590 591 0.07877051973850621
591 626 0.29552348862086364
591 592 1.1244360817233128
592 627 -1.1238104043960038
592 593 1.0346304560822384
593 628 1.6627513788840953
593 594 0.6233349036812218
594 629 -1.134514799843513
594 595 -0.8458277264332988
595 630 -1.0834728209128042
596 631 0.4142168802232952
596 597 0.469956234678754
596 630 -0.45938705847410033
597 632 0.6003127407541881
597 598 -1.1843583510248166
598 633 -0.09268009368219353
598 599 0.6944907410222468
599 634 0.9255696537176401
599 600 -1.0201631656153354
600 635 -1.2069919738227937
600 601 0.18678952760316028
601 636 0.7749675906120286
601 602 0.706076033604264
602 637 0.14718347083733532
602 603 -0.31513769496274585
603 638 -0.1443323442233617
603 604 0.6010974795470079
604 639 0.12308089141792099
604 605 0.29008105490913844
605 640 -2.430466243057637
605 606 -0.7896579958023835
606 641 -0.09355466809066276
606 607 -2.2059459150504495
607 642 0.26163228729200344
607 608 -0.7153186465229732
608 643 -0.23486684250500273
608 609 -0.6777785024478659
609 644 2.3502859716305755
609 610 0.014157304601512004
610 645 1.2623744996608603
610 611 1.9786163165489647
611 646 -0.06932554180037558
611 612 1.6142808480851762
612 647 0.35701953937830494
612 613 1.4319149165626017
613 648 -0.7076225686124772
613 614 0.13827894449233347
614 649 -0.9448120683028322
614 615 -0.1031380244689034
615 650 -0.43000842900314756
615 616 1.6677515351816792
616 651 -1.1707349676834349
616 617 1.4902529635411494
617 652 -0.5051062477219391
617 618 1.397740381891594
618 653 -0.4987548747947802
618 619 0.7213130913012042
619 654 0.22957328425062273
619 620 0.32071064265738347
620 655 -1.842217581215637
620 621 -0.2192460318852301
621 656 -0.9290075568122299
621 622 0.4361897041334695
622 657 -1.2201631059900615
622 623 -1.2880422136536505
623 658 -3.067163626581334
623 624 -2.628198846054502
624 659 0.6562710709408233
624 625 0.8584211549393447
625 660 0.6599841960669471
625 626 -0.384381962961289
626 661 0.1817154110579143
626 627 0.9013558281909614
627 662 -0.47230535324056927
627 628 0.3116129757758461
628 663 -0.4358153381067249
628 629 0.5105104098576039
629 664 -1.0533567381434727
629 630 -0.862076402990633
630 665 1.2700155540856366
631 666 -0.6715220080381649
631 632 1.1428280068512062
631 665 -0.5086642026471089
632 667 0.37288895734794003
632 633 0.027194987803433514
633 668 1.380046873291221
633 634 1.0873667099832094
634 669 0.5308781718283306
634 635 -0.719609439178973
635 670 -0.5251342471058947
635 636 1.0388712316696065
636 671 0.8533824481532972
636 637 -1.4580375247046937
637 672 0.2400431697104701
637 638 0.3232500330251305
638 673 -0.3357249368701346
638 639 -0.84797095994864
639 674 -0.020816814376308525
639 640 0.344403192895518
640 675 0.10072998832638368
640 641 0.6811631562131552
641 676 -0.12168707848787308
641 642 0.005533855471854048
642 677 -1.9341737881394179
642 643 1.078960549119428
643 678 1.1268292338487618
643 644 1.6607076638024605
644 679 -0.07540190155988855
644 645 0.07013644557838421
645 680 -1.4176137653464647
645 646 -0.25083305250235516
646 681 -0.11918830158786993
646 647 -1.1275550856367402
647 682 0.27736347069156386
647 648 1.1921248001570661
648 683 -0.3961524086435994
648 649 0.6091673906963453
649 684 -0.10986083804684904
649 650 2.369782283335698
650 685 -0.8045636053881224
650 651 1.937210766358973
651 686 -0.8178563883622145
651 652 -0.3349005037350321
652 687 -0.696595799948336
652 653 -1.5202563031840777
653 688 1.1087395121797012
653 654 0.9865017350799418
654 689 0.06318428021627617
654 655 0.6977213319584642
655 690 -1.0063071767007465
655 656 -0.15418638626023476
656 691 -1.2984565568790905
656 657 0.8778287701384822
657 692 -0.0403655929430952
657 658 -1.3056818518894167
658 693 0.372079320159905
658 659 0.30363905275975334
659 694 -0.9269005974237086
659 660 1.2975935567000267
660 695 0.132361699473393
660 661 1.7661515943531323
661 696 1.5880471151947004
661 662 0.8030145354490896
662 697 -1.7776348292118405
662 663 -0.13476538094792398
663 698 0.30294658097357474
663 664 -0.48038939792939694
664 699 0.1251100628630721
664 665 0.0982003296181858
665 700 -0.7209649568290786
666 701 0.4125361722402964
666 667 0.2328967804142237
666 700 -1.8120984772708948
667 702 0.24368138465456785
667 668 0.16881898882964932
668 703 -0.3654600888588966
668 669 0.5118335640481748
669 704 -0.35327605440278853
669 670 -1.0322886278144183
670 705 -0.3278320453262493
670 671 -1.1096124626208541
671 706 -1.3034168255464709
671 672 -1.3256131204312982
672 707 -0.739322203304098
672 673 -0.7761753644931935
673 708 0.7370601930552307
673 674 -0.30284780420661317
674 709 -1.5059106388649057
674 675 -0.8099160778296142
675 710 -1.9543913349583473
675 676 1.54502417013912
676 711 0.9406122135298612
676 677 -0.02281748627442178
677 712 -0.18361924358174558
677 678 -0.366247148332165
678 713 -3.3461843265310307
678 679 -0.5759026648380763
679 714 -0.9299690801174556
679 680 -0.8713122098677955
680 715 0.23167753407350652
680 681 -0.2960350576611019
681 716 -0.8352072799935173
681 682 -0.2099843787289396
682 717 -0.5759233595478604
682 683 0.156654780625918
683 718 0.5770684885808187
683 684 -0.723769451066869
684 719 1.4529493479648483
684 685 0.9131052702543752
685 720 1.2096564503300369
685 686 -0.524418411039347
686 721 0.9336580013324477
686 687 1.26878900072136
687 722 -0.12763386193390258
687 688 0.46187207816105663
688 723 0.6906741914566671
688 689 1.6503638854938802
689 724 1.0160340234060055
689 690 0.6309995444424621
690 725 0.6526902388642919
690 691 -0.07075370571316605
691 726 -0.1756905333434646
691 692 1.5213756858571346
692 727 -0.5318375744141305
692 693 0.4510153407255971
693 728 1.220138835414986
693 694 0.551325791588272
694 729 0.8797314244282437
694 695 0.31374385894188545
695 730 -0.09308985737129191
695 696 -0.1736633181868873
696 731 -0.6554683960795696
696 697 0.12181931910717758
697 732 1.202147906843174
697 698 0.18071256351566548
698 733 -0.3860951511242749
698 699 0.2666560240625004
699 734 0.6501045954023198
699 700 0.2731026494509418
700 735 -0.5614486824788553
701 736 -0.9359397373717951
701 702 -0.7764049725998595
701 735 0.1823429962709431
702 737 -0.09191256970183036
702 703 0.41543307654854716
703 738 -1.297663288413198
703 704 -0.6124648791395148
704 739 -0.30034929032069874
704 705 1.484457887409796
705 740 -2.148171165071317
705 706 1.1140001873580239
706 741 -0.4446452659624069
706 707 -1.4032243886953861
707 742 0.586766461315407
707 708 -1.1424253118439935
708 743 1.4268928257186153
708 709 -0.5559645954386848
709 744 -0.49739413368930646
709 710 0.07920369257298134
710 745 0.2440567606775496
710 711 -1.3358084288455196
711 746 -2.0622554774479256
711 712 -1.1914542456075568
712 747 0.25895241230668986
712 713 -0.726357684891896
713 748 0.8936447367659626
713 714 -2.5469069729831455
714 749 0.9841471995399967
714 715 -1.1407187652133495
715 750 0.306023645763219
715 716 0.809743028086112
716 751 1.1544279683188987
716 717 0.002079656222347172
717 752 -0.49403271446099534
717 718 -0.3468756620171405
718 753 -0.25688629556125936
718 719 -1.498554907063147
719 754 -1.5306459494133091
719 720 0.02456847718336736
720 755 -0.5520234265788591
720 721 -1.1112518832635025
721 756 -0.02163143702201112
721 722 0.14399589107134053
722 757 -0.12376310115074332
722 723 -0.4471517018830886
723 758 0.5523866528309024
723 724 -1.8521235266851426
724 759 0.002928873174078373
724 725 -1.2392270076676795
725 760 0.012248081559008972
725 726 1.8812975094702866
726 761 1.4692398856356859
726 727 0.600909386781312
727 762 -0.8475359321295791
727 728 0.1587784444866637
728 763 -0.6680680687031727
728 729 -1.1955069953092659
729 764 0.42066796459551475
729 730 1.9175145907273183
730 765 -0.9030585837255806
730 731 -1.2319600378239248
731 766 0.4673274398772309
731 732 -0.9118592484238309
732 767 -0.020694087345368116
732 733 0.0011523524791807892
733 768 0.17241145450003506
733 734 -1.4585997699626916
734 769 0.854986291310924
734 735 -1.554144970035091
735 770 -0.6813193772776984
736 771 -1.2138286173520754
736 737 -0.40816970911835687
736 770 1.3251670654424448
737 772 0.618979805527808
737 738 0.23555639347289611
738 773 0.30303324260424536
738 739 -0.04124827663914515
739 774 -0.17783289953337583
739 740 0.08512528427583368
740 775 1.7581357048681843
740 741 -1.3023292741687904
741 776 -0.1116046576253918
741 742 -0.3656129894731422
742 777 1.4524893566120165
742 743 -0.28850648215817876
743 778 0.05863956557543752
743 744 0.2524048657376849
744 779 -1.0287716968561669
744 745 -0.27167986557461893
745 780 0.07858251965736311
745 746 0.24401038430997385
746 781 2.1346142750913093
746 747 -0.47504122623896117
747 782 2.5817882688220966
747 748 0.29661240801723987
748 783 0.2759681978688659
748 749 0.8001203932225553
749 784 1.4946244088667995
749 750 -0.4456346607287622
750 785 0.3989549049249556
750 751 -0.10383376655678453
751 786 0.14592098786675695
751 752 -0.7865063342908892
752 787 -1.1097270615558492
752 753 0.03831319565883862
753 788 -1.5408154623766903
753 754 -0.5046549479754304
754 789 0.5285661369242718
754 755 0.9168329022414593
755 790 -0.4581655661174906
755 756 0.7034092773271854
756 791 1.1869927234163202
756 757 0.7747218756320223
757 792 -2.6872038788141355
757 758 0.25276548253510783
758 793 0.5705720918460898
758 759 -0.10521766021065278
759 794 1.0167246375924177
759 760 -1.0890607127094805
760 795 -0.029888473587782013
760 761 0.9025688268423941
761 796 -0.31908862443566677
761 762 0.8671879495916252
762 797 0.9863099196069893
762 763 -0.6214535014602767
763 798 0.1543366387707638
763 764 -0.5695222139774901
764 799 -0.840963948179749
764 765 1.1535459450274188
765 800 2.312162246919695
765 766 0.7074361142937883
766 801 -0.8958166735107371
766 767 -0.49629417852673213
767 802 0.1267281463749955
767 768 -0.21329812458391634
768 803 0.35348276391136035
768 769 -0.7713540574819122
769 804 0.9026394335135142
769 770 1.428390999322621
770 805 0.9840496898615911
771 806 0.43264801335237285
771 772 0.8982985625955813
771 805 0.39794940215648344
772 807 1.1712646818430814
772 773 0.8346413334049783
773 808 -0.640430734420724
773 774 0.5864097070862917
774 809 -0.7077915341984586
774 775 -0.30465859279728474
775 810 0.6900549049844845
775 776 -0.38449131177359197
776 811 0.5088996812356733
776 777 1.814128537833256
777 812 -0.5458456549685491
777 778 1.1990030761861128
778 813 0.26481400599379995
778 779 0.04087271417651971
779 814 -0.5280029498003544
779 780 -0.9645256972413931
780 815 -1.081268710173373
780 781 -0.6705369151926215
781 816 0.5234909167383225
781 782 -1.7458146134433514
782 817 -0.22715744413487898
782 783 -0.15962250050284235
783 818 0.32264527222713646
783 784 0.06757291213612893
784 819 -0.3691175648624857
784 785 -0.9046396798634789
785 820 2.3182462611576704
785 786 -1.659722300280958
786 821 1.3116228297798704
786 787 -0.41132518552943353
787 822 -0.27870250255779005
787 788 0.6239440390012563
788 823 0.1384875847473868
788 789 0.013502859414935299
789 824 1.0645500179800802
789 790 1.3947706091584893
790 825 -0.283340335563424
790 791 -0.5811181451334997
791 826 -1.1351190952662777
791 792 0.5786675913736079
792 827 0.1511188808786132
792 793 -1.8693309849451192
793 828 0.8197065388465802
793 794 1.1710392809193897
794 829 -0.3312785376335648
794 795 0.17363810888554498
795 830 -1.4979557370911085
795 796 1.2910914328609675
796 831 -0.29481680805028476
796 797 -0.2788134520607024
797 832 1.3355719859192743
797 798 0.8235733482370982
798 833 1.297787273158915
798 799 1.296140631378071
799 834 0.9152103388571892
799 800 0.7911980658565803
800 835 -0.3135406585368453
800 801 0.8668204141696844
801 836 0.31718293379122736
801 802 -0.21084868827963726
802 837 1.7353248390632319
802 803 0.3576358244617203
803 838 -1.1280641016447335
803 804 0.24915977565843953
804 839 -1.8058199495461051
804 805 1.3761526299875446
805 840 -0.9973374977022151
806 841 -1.0426436722831471
806 807 -0.45181780690118456
806 840 -0.31521325042086035
807 842 -1.6074262733527849
807 808 -0.20674602673822676
808 843 -2.130461681121858
808 809 -1.106018963166967
809 844 0.9887195948803121
809 810 -0.134092266306279
810 845 0.5950268372315465
810 811 -0.22102307291587214
811 846 -0.9018276718436512
811 812 1.6073835573102746
812 847 -0.79900116283855
812 813 -0.2968849181518021
813 848 0.6401453025273982
813 814 0.6823442041706894
814 849 0.9878133521825225
814 815 0.4439606614771257
815 850 0.5471515351305405
815 816 0.18978169784225254
816 851 0.06543590513222468
816 817 0.5477962885521368
817 852 0.05344474840128105
817 818 0.27621897293021713
818 853 0.21080240797339717
818 819 -0.25140766717526863
819 854 0.8463094379427659
819 820 0.6175554698479898
820 855 -0.6644784486808261
820 821 -0.09895344260065558
821 856 0.2610034930657232
821 822 1.9434008424229199
822 857 1.1270712071861846
822 823 -0.08765679939481086
823 858 0.2101932002753086
823 824 1.6369440625694338
824 859 -0.20703326257872479
824 825 -0.5016054092840632
825 860 -0.12144814774697371
825 826 -2.9790642784731545
826 861 -0.16696681044828565
826 827 -0.48717088485550003
827 862 -0.9569322834743731
827 828 -1.4486001026141362
828 863 -3.1118259704842437
828 829 -1.1410087911411102
829 864 1.7166415736917593
829 830 1.5134133285383524
830 865 0.18912954902536197
830 831 -0.036964407843963494
831 866 -1.1746330043283209
831 832 -0.9950928286651403
832 867 -0.49852424045225013
832 833 1.1958803422163489
833 868 0.7721759024912658
833 834 -0.8425171473256036
834 869 -0.7260198602873791
834 835 1.2463328102547375
835 870 -0.48729206217381765
835 836 -0.18129329770799668
836 871 -0.5766184635261021
836 837 0.1266680027048417
837 872 -3.6308035488959756
837 838 -1.3622550647949172
838 873 0.3636581457255398
838 839 -1.2565621869706498
839 874 0.7740995220372855
839 840 -0.4579871608403866
840 875 1.9338687455448145
841 876 -1.2422751577646967
841 842 0.6448148307591666
841 875 0.6200828300246205
842 877 -0.38266214976632107
842 843 2.4603503535607714
843 878 0.8564316787061338
843 844 -0.6557070275573775
844 879 -1.6849750369629557
844 845 -1.9705816205597224
845 880 0.43552455611841906
845 846 1.492287760940811
846 881 0.1661255545645911
846 847 0.4658279414081727
847 882 -0.3059916068257684
847 848 -1.768156204655351
848 883 1.278095421162123
848 849 0.839417286650504
849 884 0.8706325121144385
849 850 0.6375247238935892
850 885 -1.5077650806522482
850 851 -1.6282485008619991
851 886 -0.9826556997192438
851 852 0.7822013323709078
852 887 -0.8493606898312707
852 853 -0.4992004165232777
853 888 -0.3996992802622487
853 854 0.9364223816396179
854 889 -1.2109568164438638
854 855 -0.5091772804722503
855 890 -0.7244037327538771
855 856 0.0837829560069388
856 891 -1.1462772674028205
856 857 0.12285109740001424
857 892 1.1800029188170944
857 858 0.12694202655513798
858 893 0.6619679283589411
858 859 -0.22305322283611964
859 894 0.10118957797689555
859 860 1.8754993753192684
860 895 0.8241208738669445
860 861 -1.6682755418395427
861 896 0.4626520278356518
861 862 -0.9628470387929832
862 897 -1.1066332773340453
862 863 1.8661937268236521
863 898 0.4585321986229085
863 864 0.3233277074466687
864 899 -1.5947805122060903
864 865 0.8812018594243403
865 900 1.8345630792978584
865 866 -1.2731743094739922
866 901 1.1838532078899402
866 867 0.43874418421739664
867 902 -1.1006455344328194
867 868 0.5119875364103783
868 903 1.0046087324320578
868 869 -1.9473491246320096
869 904 0.3290062749517433
869 870 -0.6734394243128751
870 905 0.247744954405196
870 871 -1.4446659607698416
871 906 -0.6889602278410405
871 872 -0.4227907915248373
872 907 -0.48924859329239034
872 873 -2.2670563082318034
873 908 -0.004964932102050152
873 874 1.5004638116802376
874 909 -0.3958314985499003
874 875 -0.3109087022919752
875 910 -1.1627446324356137
876 911 0.5300704897265602
876 877 1.0757763376431764
876 910 0.4918889785844765
877 912 1.1561134346987527
877 878 0.9077856777152555
878 913 -0.7554600281267253
878 879 -0.1792610250502376
879 914 -0.01482352599265993
879 880 -0.9863062177711593
880 915 1.5887885858221862
880 881 -0.3871870599986426
881 916 0.8270163529995156
881 882 0.5615437703171974
882 917 2.1020311822342057
882 883 -0.29648745760180506
883 918 -0.8710295844586474
883 884 -0.3224171703776366
884 919 0.55401550142906
884 885 0.39801662268516275
885 920 -0.8429310655175003
885 886 0.5888646222374504
886 921 0.9361316509127914
886 887 0.3741248491845691
887 922 0.8168170830758236
887 888 0.5565526368189613
888 923 -1.066769506455734
888 889 0.5898856244505193
889 924 -0.09249609748190946
889 890 0.11565933588889168
890 925 -0.2075481909633616
890 891 0.29402269604726394
891 926 0.6760178534927569
891 892 0.4288450648221654
892 927 0.018875324680120344
892 893 0.013423407760679674
893 928 -1.3497588699602099
893 894 -0.589506836831801
894 929 -0.5646322803581726
894 895 -1.175941476818436
895 930 -0.7893878649322699
895 896 0.29714755343096044
896 931 2.216717186886107
896 897 1.5346738662106612
897 932 -1.7426931479095877
897 898 -0.4743282663640808
898 933 -0.7126232200560626
898 899 0.3092735932322141
899 934 -0.6204284050087203
899 900 1.390211285983409
900 935 0.4282319065032783
900 901 1.0879767602019943
901 936 -0.45208867219456444
901 902 -1.9748435109832765
902 937 -0.1436202200048862
902 903 -0.6889364495156944
903 938 -0.18972890575604415
903 904 1.1259378397111255
904 939 -1.5676408027444224
904 905 0.31736452076683536
905 940 -0.034017704757897775
905 906 -0.1464434924290953
906 941 0.39280583435273997
906 907 -0.2107979164001308
907 942 0.5781270655752694
907 908 -0.6300724106361116
908 943 0.26260972255282944
908 909 -0.20204632790249819
909 944 -2.1921464404013933
909 910 -0.27499048123991104
910 945 0.8176525897145644
911 946 -0.3727440402140603
911 912 1.243472823606172
911 945 0.4420554917167991
912 947 1.4137149774135502
912 913 -0.9187587831399567
913 948 0.7235027274786867
913 914 -0.7666216797237503
914 949 -0.5968900230790439
914 915 0.0768360240470882
915 950 -0.7095570519963922
915 916 -0.8170162106560551
916 951 1.3758951572979963
916 917 0.6274584878578573
917 952 0.2323402252414845
917 918 -0.7641991104696242
918 953 0.0881828750457915
918 919 -1.728929762339057
919 954 0.11067270009447196
919 920 -0.6271480460659753
920 955 2.2306934906015603
920 921 2.40755934083641
921 956 -1.5385553863500958
921 922 -0.5656826265541867
922 957 0.1378053661892882
922 923 0.6585028891998458
923 958 -0.0975223684930497
923 924 0.7708943522935213
924 959 1.5947718019141481
924 925 -1.6982430913173512
925 960 0.9790929436196816
925 926 1.3746650283042416
926 961 -0.8925409650532777
926 927 0.3888072127450694
927 962 -0.8352364114976835
927 928 -2.2293081236432535
928 963 0.3253745937644084
928 929 -0.23911094861990065
929 964 0.49330195419262385
929 930 0.9246582328125835
930 965 -1.03676014018574
930 931 -1.1103287664234969
931 966 -1.3270193901483762
931 932 -2.010127937673885
932 967 0.0897133994220211
932 933 -1.1011379568053326
933 968 -0.5865549018080022
933 934 -2.5837589208470506
934 969 0.6618622382262309
934 935 -0.4125935576260293
935 970 -0.6302032705049142
935 936 -0.8774665438413027
936 971 -0.7867677310335022
936 937 -1.838437199570031
937 972 -0.8048087027580627
937 938 -0.08820715638578949
938 973 -0.7027858851686998
938 939 0.6655727727049331
939 974 1.2531059508238414
939 940 -0.8589112906274302
940 975 0.9380151178360093
940 941 1.2006398473066848
941 976 1.401471545631793
941 942 0.34793759816531994
942 977 0.8172353934189528
942 943 -1.6817852400770716
943 978 0.8354950533552672
943 944 -2.0893180282369417
944 979 -0.7736170026710624
944 945 -0.5914950804581076
945 980 -1.9841820537249086
946 981 -1.931801436466048
946 947 0.20965003426324788
946 980 0.5597199547750937
947 982 1.176545933206674
947 948 -1.9820403559303674
948 983 -0.47448720230877245
948 949 -1.4504454135979854
949 984 -0.4478381118421042
949 950 0.523655205198629
950 985 -1.5838882150153868
950 951 0.9405321247564046
951 986 -1.4430753871930369
951 952 -0.3099274199416171
952 987 0.8663742747825047
952 953 0.4003254425413644
953 988 1.0880558662177897
953 954 -0.5881624717826206
954 989 -1.0734400454877877
954 955 0.0058958155882814604
955 990 0.10254086526631156
955 956 0.27527923447587777
956 991 -0.06686247817377382
956 957 0.7738907179918878
957 992 -1.2240329651816648
957 958 0.21757150836906095
958 993 0.14009432005704095
958 959 -0.39801946669174976
959 994 0.034057477259467075
959 960 0.5342142829456488
960 995 -0.3107133117473577
960 961 -0.08639153006058449
961 996 0.09320182134016478
961 962 -0.6894374885838888
962 997 0.12357556503651528
962 963 0.6177112728333876
963 998 -1.8920464615315362
963 964 -1.6747906413511728
964 999 0.7123802722894349
964 965 -0.4214407362757518
965 1000 -0.2777149000543861
965 966 0.030436529120012216
966 1001 -0.43863806721600757
966 967 -1.3951095675692686
967 1002 -2.7205047526146506
967 968 -0.809555443594617
968 1003 0.440816693334057
968 969 -0.4512625231687501
969 1004 0.7630073719710384
969 970 1.0361270139260221
970 1005 -0.3797709422646786
970 971 -0.5312511423160069
971 1006 0.5149120552990231
971 972 -0.4055054474965536
972 1007 -0.1613733232258145
972 973 1.6768464463610815
973 1008 1.5235313017942644
973 974 0.30224898318135346
974 1009 -0.0968818377732505
974 975 -0.2742531340270564
975 1010 -0.6836173146482123
975 976 0.6706108757449878
976 1011 1.645809408313746
976 977 0.16523154195089004
977 1012 -0.022551903358826113
977 978 -1.0288089414414257
978 1013 -1.3581150223075587
978 979 -0.9731581603670408
979 1014 1.2608087137101465
979 980 -0.8222253774078413
980 1015 0.22636664597910067
981 1016 0.5024879325685626
981 982 0.9096554821443609
981 1015 -0.412041831177499
982 1017 -1.495480914999447
982 983 -0.470270898529846
983 1018 0.8522405768312159
983 984 -0.4002890287004547
984 1019 -0.6304133289345708
984 985 0.11610114628417094
985 1020 -0.7837731031949718
985 986 -0.27811952470577284
986 1021 -0.5545397731483032
986 987 0.831455070066691
987 1022 -0.3489791076273083
987 988 -0.6201375853414484
988 1023 -0.5729169536318686
988 989 -1.4956848060311163
989 1024 -0.8982579386873265
989 990 -0.8494902005937093
990 1025 0.12533158817032355
990 991 0.886823334851038
991 1026 -0.6240135197539896
991 992 0.3119176216415479
992 1027 -0.795580559385934
992 993 -0.7966402013089611
993 1028 0.6561119250949327
993 994 -1.1547741312981676
994 1029 -1.3760351155183854
994 995 -0.5058841712113604
995 1030 0.5482479108073106
995 996 -0.614327789596435
996 1031 0.7622768186547989
996 997 0.9599770847758189
997 1032 -0.07736304315289282
997 998 -0.17323358216433823
998 1033 -0.6328152515638039
998 999 -0.506514242990158
999 1034 0.9650320446195432
999 1000 -0.06257147162471016
1000 1035 0.4757388328724406
1000 1001 0.11256585182032541
1001 1036 -1.0203925280732935
1001 1002 1.5193673678144597
1002 1037 0.14255858835436938
1002 1003 -0.3675380562102496
1003 1038 -1.3108898264453765
1003 1004 -2.411652780013709
1004 1039 0.5343889833552224
1004 1005 -0.003051151859755025
1005 1040 0.6994401221754782
1005 1006 0.16003265666336478
1006 1041 -0.42325799272882414
1006 1007 0.6531193501872932
1007 1042 -0.5270562071319812
1007 1008 -0.22938845455902016
1008 1043 0.7650409114237036
1008 1009 0.6296284181833655
1009 1044 -1.7003603998182275
1009 1010 -0.18833587619496808
1010 1045 0.15386385533492952
1010 1011 1.1318695329752262
1011 1046 0.16959612712602812
1011 1012 0.5466650066401453
1012 1047 -0.5250194346892427
1012 1013 1.889400778395085
1013 1048 -0.7257219502061234
1013 1014 -0.7589814870531126
1014 1049 0.40841319726768127
1014 1015 -0.14866868079319814
1015 1050 0.6406773235463595
1016 1051 -0.6297136776555408
1016 1017 0.4894582743528621
1016 1050 1.3580840564642458
1017 1052 0.06743429306536418
1017 1018 -1.0348775385405928
1018 1053 1.030527789200018
1018 1019 -0.008134413755380375
1019 1054 0.3378695039639274
1019 1020 -1.3197286017299046
1020 1055 1.6020573348759943
1020 1021 0.3973101962244888
1021 1056 0.06191291313184538
1021 1022 0.5257145683490132
1022 1057 -0.7975871591308852
1022 1023 2.332270443882949
1023 1058 1.1422904024881666
1023 1024 0.011824792406414654
1024 1059 -1.0751751941557548
1024 1025 -0.3638829504099979
1025 1060 1.1263525261579415
1025 1026 -1.3162575864358765
1026 1061 -1.141284715653878
1026 1027 0.5637606620971131
1027 1062 0.0777056846256393
1027 1028 0.9914696719161513
1028 1063 -0.35935653254663313
1028 1029 -0.7955898631286203
1029 1064 0.056804419625409185
1029 1030 0.10700819890205547
1030 1065 2.19668340784056
1030 1031 -0.45712705523635516
1031 1066 -0.6169959804460969
1031 1032 -0.6274449838778973
1032 1067 -0.5895884267371316
1032 1033 -0.7583596613205086
1033 1068 -1.1480581602120692
1033 1034 -0.5144816560691727
1034 1069 -0.7628638017204379
1034 1035 0.6341688887408492
1035 1070 0.9817791840905504
1035 1036 -0.3100439605437696
1036 1071 -0.12985972421897604
1036 1037 0.0918803203527833
1037 1072 -0.5243575972902061
1037 1038 0.465383709515883
1038 1073 0.18256835715037192
1038 1039 -0.5532232088358487
1039 1074 -0.8546211103890201
1039 1040 -1.8260594591836905
1040 1075 0.31234000213863033
1040 1041 -0.0775810972015516
1041 1076 0.307283885890997
1041 1042 0.08443946522087294
1042 1077 -0.04530143327323253
1042 1043 -0.14154679106221846
1043 1078 -1.0028207931716557
1043 1044 2.1114316951152903
1044 1079 1.0547790586910903
1044 1045 0.5340112232812465
1045 1080 0.7837699020232057
1045 1046 -0.46308367751873425
1046 1081 -0.07375155712265188
1046 1047 -0.5719476952483881
1047 1082 -1.2394638462167982
1047 1048 -0.286150310348505
1048 1083 -0.5159320500120717
1048 1049 -0.5494395374888834
1049 1084 1.9092724543325883
1049 1050 1.0731149686685915
1050 1085 -0.29870182149420965
1051 1086 -0.0009334544763547495
1051 1052 -0.7370200229016264
1051 1085 1.911625886857131
1052 1087 0.5031498209151417
1052 1053 -0.9010554307113247
1053 1088 2.6776208649401214
1053 1054 -0.7259184385962987
1054 1089 0.21892752906704657
1054 1055 -1.3478285133408832
1055 1090 -0.5895951678325982
1055 1056 0.17125999848583387
1056 1091 -0.010126202004723982
1056 1057 1.0970745136336024
1057 1092 0.5195706101178414
1057 1058 0.8247936682298717
1058 1093 -0.9859051379968731
1058 1059 1.0071915952595785
1059 1094 0.9032482050134043
1059 1060 1.012794694726816
1060 1095 0.024214642868180064
1060 1061 -1.3837543884865962
1061 1096 1.0289654063838305
1061 1062 -0.9949585926854121
1062 1097 -0.4443871751613606
1062 1063 1.6554064752109359
1063 1098 1.2807244502478985
1063 1064 1.3174009165460943
1064 1099 -0.5294653463511144
1064 1065 0.12949212020297057
1065 1100 0.10847088064756649
1065 1066 0.0076606173141634945
1066 1101 0.4877456385234652
1066 1067 1.1209147955655319
1067 1102 0.052506230511079645
1067 1068 0.4886052154481265
1068 1103 1.5237822745939775
1068 1069 0.3221364683760791
1069 1104 -1.9685866646765715
1069 1070 -0.6783628215750647
1070 1105 -0.5250049290010725
1070 1071 -2.0311558278353163
1071 1106 2.0802534774805177
1071 1072 -0.03768033539317033
1072 1107 1.858794686434298
1072 1073 -1.01033723000037
1073 1108 -0.11298997309838672
1073 1074 1.043101740682787
1074 1109 -0.5175540357038412
1074 1075 0.5802856583410945
1075 1110 1.4025068318575917
1075 1076 0.2943600014239883
1076 1111 -0.9749790224990732
1076 1077 -1.348699112130911
1077 1112 1.0069474887863124
1077 1078 0.5349524842477208
1078 1113 -1.0172134823405177
1078 1079 1.0190641835974104
1079 1114 2.283895396713816
1079 1080 -0.40804707376277893
1080 1115 -1.3214090220780352
1080 1081 0.16827303553942186
1081 1116 1.6528629324179718
1081 1082 -1.0372982492482914
1082 1117 0.06563463798832232
1082 1083 1.1032584272779113
1083 1118 1.3966836781554925
1083 1084 -1.3115191480057282
1084 1119 -1.8293147891302868
1084 1085 0.7667075264377265
1085 1120 0.276917170131492
1086 1121 1.4836654694070108
1086 1087 0.3262519049838688
1086 1120 0.22511497863092292
1087 1122 -0.6990668231575374
1087 1088 0.019693172610098255
1088 1123 0.8507432518928454
1088 1089 0.14528171732833867
1089 1124 0.6607908675304337
1089 1090 0.8728156467574384
1090 1125 1.472612954423717
1090 1091 -0.12599383084326898
1091 1126 -0.4697844331078065
1091 1092 1.9047288278418362
1092 1127 0.09453389334655818
1092 1093 -0.4546698707352963
1093 1128 -0.7146942049894105
1093 1094 0.8870586357395525
1094 1129 -0.9930933871385357
1094 1095 -0.2648848241639178
1095 1130 0.7255022125655006
1095 1096 -1.9143895234589063
1096 1131 0.29193004386117166
1096 1097 -0.44523163052467724
1097 1132 0.4039205392151281
1097 1098 -0.19046474871862168
1098 1133 -0.571641922709076
1098 1099 -1.1048686289078435
1099 1134 1.9648487227660938
1099 1100 0.8362258781942468
1100 1135 -1.9133921685630597
1100 1101 0.3521309135807525
1101 1136 0.1840612835550155
1101 1102 0.08921842101837409
1102 1137 1.5829313465167265
1102 1103 1.6005264188001727
1103 1138 -1.3273335352460556
1103 1104 -0.14974242722830078
1104 1139 1.1110386487238988
1104 1105 -1.3129719471451826
1105 1140 1.1298628751452338
1105 1106 -1.4941287198986597
1106 1141 -1.8078224267615841
1106 1107 0.2592913308126227
1107 1142 -0.4809412966279539
1107 1108 0.0896133510004358
1108 1143 1.2305671575882173
1108 1109 1.5016208607274606
1109 1144 -0.35132912935735783
1109 1110 0.384952731501663
1110 1145 1.116296950809118
1110 1111 -1.2916545444509864
1111 1146 0.387410734296545
1111 1112 -1.586854064014664
1112 1147 0.6063772290836142
1112 1113 -0.8374131288156864
1113 1148 -0.07523442626785103
1113 1114 1.8876996389447596
1114 1149 -0.5902125396119381
1114 1115 -0.020260170402863695
1115 1150 0.35194772039063404
1115 1116 -0.6692392277495474
1116 1151 -0.2001884109953264
1116 1117 0.4687285016092544
1117 1152 0.3565843832629101
1117 1118 0.863486078958022
1118 1153 -0.8373828532296309
1118 1119 -0.7664822504035625
1119 1154 -0.37718188470520364
1119 1120 -1.2610618040854724
1120 1155 0.875313324572096
1121 1156 0.11045621323332698
1121 1122 2.8141577278196195
1121 1155 0.7774033657174713
1122 1157 1.420987481483532
1122 1123 0.035123788856430714
1123 1158 -0.008245648475749974
1123 1124 -0.824845315564062
1124 1159 -0.9898363360015998
1124 1125 -0.44026728877418275
1125 1160 -1.2609834610700317
1125 1126 0.4487669123565705
1126 1161 -1.886646904744688
1126 1127 -0.38394930714081954
1127 1162 -0.3540779120714167
1127 1128 0.14382634948729803
1128 1163 -0.440351296444647
1128 1129 -0.10087173902066726
1129 1164 1.6789498035314856
1129 1130 -0.39287839321262713
1130 1165 0.24996792745554558
1130 1131 -0.802002213107537
1131 1166 -1.4582339771293715
1131 1132 1.7726769577482187
1132 1167 0.2951109792931422
1132 1133 1.234075232877799
1133 1168 0.08162999494057599
1133 1134 -0.8641916503955177
1134 1169 1.1575519085319284
1134 1135 1.2307436483529561
1135 1170 -0.2510635243182195
1135 1136 0.36200649494955073
1136 1171 0.5782019863070454
1136 1137 -0.5489114067810241
1137 1172 -0.005716717379521072
1137 1138 -0.7028688177518255
1138 1173 -0.9198940800192728
1138 1139 -0.049180379896487554
1139 1174 -1.4617000749726867
1139 1140 -0.7330873969652942
1140 1175 -0.360225370215569
1140 1141 -0.0852161775453538
1141 1176 -0.004362044458440949
1141 1142 -1.7673399520654953
1142 1177 -2.1340600508086007
1142 1143 0.5437734862038918
1143 1178 -0.8299764747850521
1143 1144 -0.8700570356480791
1144 1179 1.420927232309143
1144 1145 -0.8252794206449802
1145 1180 -0.7811194631783072
1145 1146 0.2252619741157732
1146 1181 1.3838431887181362
1146 1147 1.822192940310463
1147 1182 0.10747375685146816
1147 1148 -1.5591166969096133
1148 1183 -0.8140309503612856
1148 1149 -0.6378120383061189
1149 1184 -0.4732956054371336
1149 1150 0.607516737079307
1150 1185 0.9692579118150031
1150 1151 0.8652408310816067
1151 1186 2.038189693109008
1151 1152 1.117471999936102
1152 1187 -0.9457835814538246
1152 1153 0.34461358201494485
1153 1188 0.1814723221288469
1153 1154 0.902653646824767
1154 1189 -1.3457420786249468
1154 1155 0.8974555211331497
1155 1190 0.008416336891037714
1156 1157 -1.3457602418338594
1156 1190 -0.701274588949847
1157 1158 0.3823710292757158
1158 1159 -0.8712350237647345
1159 1160 1.5859008896975009
1160 1161 -0.9274587601120783
1161 1162 0.21063815537666458
1162 1163 0.6004155153394979
1163 1164 -1.8012981364120624
1164 1165 0.9369746342539548
1165 1166 -0.15146016522636618
1166 1167 -0.003263121500211042
1167 1168 2.315046097307964
1168 1169 -1.0072565312637025
1169 1170 0.4326940471501631
1170 1171 -0.21659797541845077
1171 1172 2.1136098230843055
1172 1173 0.05818141078274717
1173 1174 -0.4844440827006888
1174 1175 -0.7488943703416072
1175 1176 -0.4610824440138908
1176 1177 0.6888560211772803
1177 1178 -0.7252134528031895
1178 1179 -1.9830660504392534
1179 1180 -0.13187079759253006
1180 1181 0.0834946428638633
1181 1182 -0.5558108053460349
1182 1183 0.5604600453130114
1183 1184 0.7653524377281525
1184 1185 -0.11001231321164107
1185 1186 -0.4840573587111965
1186 1187 0.19621114516356866
1187 1188 1.017421090471925
1188 1189 -1.5470147307595372
1189 1190 -1.2400663693755438
