1225 2450
1 36 1.2714783278953876
1 1191 0.772084352931387
1 2 -0.09251680398590904
1 35 -0.03574816555496871
36 71 0.11902534894282069
36 37 -0.927858877493649
36 70 1.3440641324250955
1191 1156 0.7888094426379155
1191 1192 -2.164719694048177
1191 1225 0.3707731842659677
2 37 -1.4052162634137937
2 1192 -0.5708266669003521
2 3 1.0160583922830388
35 34 0.543042640275495
35 70 -0.46550893383800374
35 1225 0.1858977730287371
37 72 0.1307861248092857
37 38 -0.2243660714074169
1192 1157 1.0745290342513543
1192 1193 -1.1029003562721797
3 38 -0.12397058027482984
3 1193 -0.07793291069054092
3 4 -0.2727143824570721
38 73 -0.5381023688571427
38 39 -0.15703635014206985
1193 1158 -1.888220021105099
1193 1194 -0.011956869177801114
4 39 0.2941749396872848
4 1194 -0.7760292407435332
4 5 0.833406364813819
39 74 -0.33077728333897566
39 40 -0.644809664726235
1194 1159 0.8028129761636051
1194 1195 1.0287232227769867
5 40 -0.3457057414236174
5 1195 0.2221390403573599
5 6 0.9126031889586915
40 75 -0.8708411258722556
40 41 0.6732664599554912
1195 1160 0.4829238538463758
1195 1196 -0.9619440881278297
6 41 0.46230891747587094
6 1196 -0.8815993083922773
6 7 0.8186574370932729
41 76 -0.908915019462572
41 42 0.2901418565857594
1196 1161 -0.7749473762667943
1196 1197 -2.23043909367553
7 42 0.340752614250924
7 1197 0.23985044766583336
7 8 -1.4688606286733044
42 77 -0.01781675716743822
42 43 0.20114499297195298
1197 1162 0.21863305467703448
1197 1198 -1.2910232590328476
8 43 0.9986915025679922
8 1198 -0.3578653858854595
8 9 0.9572638162487009
43 78 0.07006415836906722
43 44 -0.02780455691441292
1198 1163 -0.8636166496242358
1198 1199 -0.33355472453950336
9 44 0.6321778530668022
9 1199 -1.0115033545373426
9 10 -0.5730413714201841
44 79 0.5315886853095149
44 45 1.8219086923427155
1199 1164 -0.10437974386001017
1199 1200 0.7762319629222806
10 45 0.834476993429479
10 1200 0.012333543128691627
10 11 0.7737893007667467
45 80 -0.7948227196089849
45 46 0.07395154761149732
1200 1165 0.23959158031598293
1200 1201 -0.6171120305433064
11 46 0.24463859442022567
11 1201 -1.29735865317364
11 12 0.2288703389156622
46 81 1.300564206737954
46 47 -1.0494835715735158
1201 1166 -1.754952501289944
1201 1202 -0.5853871581980478
12 47 -0.9445610068721139
12 1202 -0.7658646777530203
12 13 -0.22151772432706104
47 82 0.4074042692973542
47 48 0.9917125760490211
1202 1167 -0.59129543721082
1202 1203 0.5295393496000872
13 48 -0.7489649450850729
13 1203 -1.3871810959302284
13 14 -0.9466756876852115
48 83 0.9605441548170291
48 49 0.08538552273236331
1203 1168 -0.10198497577608692
1203 1204 -0.9267827683489384
14 49 1.5432524381826505
14 1204 -0.5667511565272656
14 15 0.6602006930757837
49 84 -1.055992894943821
49 50 0.18858277387420597
1204 1169 0.41646955821227577
1204 1205 0.9375469443947376
15 50 0.23284231118092721
15 1205 -0.5112405603838904
15 16 0.37559679728506845
50 85 -1.0402413146025102
50 51 -0.6733897616644552
1205 1170 -1.777296384194778
1205 1206 1.2689023483232031
16 51 0.40840121730935014
16 1206 0.14783008945445456
16 17 -0.4821442098694779
51 86 -0.4381679901652754
51 52 -0.09783109505999221
1206 1171 -0.7005050238602006
1206 1207 1.502649962659588
17 52 -1.0467024798622828
17 1207 -0.8328152313933832
17 18 1.935251425540219
52 87 0.22438947493324934
52 53 1.4959331487071474
1207 1172 0.09153897228565532
1207 1208 0.8527297348568226
18 53 1.3241841365925757
18 1208 -0.3650963660516015
18 19 -1.739503545670498
53 88 -0.19670440185996688
53 54 0.15184172591771586
1208 1173 -1.3005854054561
1208 1209 0.8173043420103661
19 54 0.9461434307894929
19 1209 -0.8318754909813635
19 20 0.1931502799635922
54 89 0.19350488676169028
54 55 -0.6227875635904453
1209 1174 0.7499954824451649
1209 1210 2.0248038243503217
20 55 -0.17303201217107267
20 1210 -0.6084609033100978
20 21 -0.9258315834425753
55 90 -1.7261786055653863
55 56 0.8130759378765948
1210 1175 -0.16066496344883807
1210 1211 -1.053294507504809
21 56 -1.399955014636927
21 1211 1.1971256883998336
21 22 -1.3846041766547574
56 91 -1.4367295195238663
56 57 -0.16197247435540904
1211 1176 -1.6645089708714387
1211 1212 0.17979942115088438
22 57 -1.4054875242657436
22 1212 1.7625419880782613
22 23 2.0765482497630923
57 92 0.8161797513017406
57 58 -1.3814843723532468
1212 1177 -1.1099073506743868
1212 1213 -0.1957706190703073
23 58 0.529277246548836
23 1213 0.03402098904366879
23 24 0.3272414231644349
58 93 0.5511544815671615
58 59 0.09842579444455964
1213 1178 1.276657785180774
1213 1214 1.0980238156252717
24 59 -0.577454275550817
24 1214 -1.5302720962513319
24 25 0.7231282079611266
59 94 0.8712372058781139
59 60 -0.9076487996347902
1214 1179 -0.5259144102438346
1214 1215 0.049993820072973226
25 60 0.6226583351328983
25 1215 -0.13851309898120207
25 26 0.04494240074545496
60 95 0.17774953092469015
60 61 2.0037159906333506
1215 1180 0.2186386013577766
1215 1216 -0.25875072799591187
26 61 0.6768577077504819
26 1216 -0.18213664650006312
26 27 -1.4001683930240154
61 96 0.6099642165387346
61 62 -0.6081302586892543
1216 1181 2.323658277130598
1216 1217 1.1007851682769791
27 62 -1.9770295651986132
27 1217 0.9743317638812998
27 28 0.7374213719872934
62 97 -0.3401900827134368
62 63 -0.6429616278125891
1217 1182 1.820520799509358
1217 1218 0.1914334954533182
28 63 0.6465121464686164
28 1218 0.8205628392874225
28 29 -0.7172003762555156
63 98 0.34152955677051827
63 64 1.4818191214602139
1218 1183 -0.27274757481714507
1218 1219 1.4741519692726095
29 64 1.7003141884141022
29 1219 1.682558340931632
29 30 -1.9964406728310753
64 99 -0.4581199382460875
64 65 1.2407680489596882
1219 1184 -1.4467689279372302
1219 1220 1.8653018235356686
30 65 -0.46156324430039586
30 1220 -0.8810506217829775
30 31 -0.012686741418617933
65 100 1.44504986880731
65 66 1.7329294847549337
1220 1185 -0.13651715613542867
1220 1221 -0.2492666910165174
31 66 0.01578349872297447
31 1221 1.1756314359732598
31 32 1.7109377972178548
66 101 -1.3931832912951478
66 67 0.030318639023737253
1221 1186 1.5504364384276665
1221 1222 -1.2405590970036091
32 67 -0.6060276557801763
32 1222 0.2848538311998714
32 33 -1.5783482912340403
67 102 -0.7923707218031886
67 68 -1.3315203712967114
1222 1187 -0.5234541060363572
1222 1223 -1.1265909022009615
33 68 0.7375617889032489
33 1223 -0.4609484032856288
33 34 -0.14781421843680173
68 103 1.7703265285671128
68 69 -1.27042834221005
1223 1188 -0.5277056625488012
1223 1224 0.4971197509309535
34 69 0.6339149789155801
34 1224 0.10232124894984607
69 104 -1.1946937748830864
69 70 1.0892733417597826
1224 1189 -0.030814794130810372
1224 1225 1.0423667196115662
70 105 -0.44642383940754876
1225 1190 -0.37195463537571993
71 106 0.23342463930299173
71 72 -0.611699446167284
71 105 2.009963342557712
72 107 1.8752408315715723
72 73 0.03421021353952029
73 108 1.928569006105377
73 74 -1.7723013339054874
74 109 1.1908205135138967
74 75 0.09631305361205186
75 110 0.029895412974146728
75 76 1.095559233192184
76 111 -0.24075202918466032
76 77 -1.9947785969584337
77 112 -0.7769525252789959
77 78 0.9044653668051215
78 113 1.565377143202507
78 79 -0.056263797006963205
79 114 1.0302350143219519
79 80 0.24632224506880754
80 115 -1.4166957096863877
80 81 -2.190447876875263
81 116 0.6663866847759911
81 82 0.8602231363400723
82 117 0.6505976202300486
82 83 1.318586153361685
83 118 -0.5690098257730298
83 84 0.7209971582515569
84 119 -1.0596714961423044
84 85 0.2795633070620217
85 120 -1.2828449087679765
85 86 -0.16148212465654221
86 121 -1.4044528909560638
86 87 0.7474538191403756
87 122 -1.312915719011005
87 88 0.022443179324570458
88 123 -1.1276076777868422
88 89 1.0660102275082803
89 124 -0.4956091389538205
89 90 0.5961074885995147
90 125 1.6027812158551615
90 91 0.3683881047725608
91 126 -0.2303017154734403
91 92 -1.344821053081278
92 127 0.01665683282547631
92 93 0.6744573585295193
93 128 0.40117836404084206
93 94 -0.7680504046017682
94 129 1.2614996243656487
94 95 2.4119368708915854
95 130 -0.4565475275059259
95 96 -0.7728048178200756
96 131 1.1926571955744243
96 97 -0.014513132092639353
97 132 1.0233826375538302
97 98 0.07603311804497508
98 133 1.3306888513231816
98 99 -0.5234269049068626
99 134 0.32518888170959687
99 100 -0.07634638027078863
100 135 1.4129650402586407
100 101 1.0557543376061427
101 136 -0.7520672674596344
101 102 0.30720214598911155
102 137 -0.21417914900290377
102 103 0.0931731703919744
103 138 0.08085513648727687
103 104 0.057517914503903866
104 139 -1.7126119084061353
104 105 0.17564626105616718
105 140 0.7971035404217316
106 141 0.29117873045251
106 107 1.5669942011779066
106 140 0.871892746186591
107 142 0.3310589451908018
107 108 0.008394341830411853
108 143 -1.6326538229470255
108 109 0.36655974789599005
109 144 0.47464810505003335
109 110 -0.9024902343014971
110 145 0.5939235667560463
110 111 -0.14030327525236672
111 146 0.6448540534838508
111 112 0.2940663255146801
112 147 0.4303927398318596
112 113 0.9835321824443903
113 148 1.2371445440193563
113 114 -0.28800901975196874
114 149 -2.2414051690850196
114 115 1.501309735675906
115 150 0.5530433164791856
115 116 -0.8350899934883652
116 151 0.13920768458205174
116 117 0.6383819809123726
117 152 -0.5816556453439827
117 118 -2.1035506781010413
118 153 0.05539583673899566
118 119 0.5917391828672851
119 154 1.706458918938146
119 120 0.16719142320404193
120 155 0.4134354193443641
120 121 0.1574372558011765
121 156 -0.5958703521368948
121 122 2.11081501165413
122 157 0.26520922297805766
122 123 -1.6717269449294363
123 158 0.29180441215348324
123 124 -0.4157467361762059
124 159 -1.4338657433936224
124 125 0.28633909796887974
125 160 -1.56822713187366
125 126 -1.53641069160615
126 161 0.11089634902974249
126 127 -0.33139584643526426
127 162 0.4994287480669836
127 128 1.5031764021195906
128 163 0.09828043835545713
128 129 -0.005939756033607806
129 164 -0.3303219418240144
129 130 -2.1370019993929494
130 165 -0.34193058806063337
130 131 1.016700789052351
131 166 -0.5283889902760336
131 132 -0.6757924593824818
132 167 -0.7409426251719501
132 133 -1.2208175861915922
133 168 -0.17003107331463665
133 134 -0.8305853207264801
134 169 -0.7080754793712349
134 135 -0.4594398577734731
135 170 -0.5085646867940053
135 136 1.8379584196846843
136 171 0.34495716905275114
136 137 -0.713294289246383
137 172 0.25228401818983553
137 138 -0.2941482861696611
138 173 1.4019465108090723
138 139 0.900989382697293
139 174 1.4472388878216438
139 140 1.0800962697729548
140 175 0.5818310074995707
141 176 -1.4870291113645402
141 142 -0.5894722301391431
141 175 -1.1969287954596193
142 177 -0.26012870744990696
142 143 0.15669119047986452
143 178 0.027929969388480004
143 144 -0.384420249260464
144 179 0.3907318688462888
144 145 -0.07439018318381785
145 180 0.8494645464577321
145 146 -0.11951326091378511
146 181 -0.9885231538776337
146 147 -0.47073692365058223
147 182 -0.09999363990255844
147 148 -0.3420974296627886
148 183 -0.7798105017597509
148 149 -1.47583984208772
149 184 -0.12533862285845962
149 150 -0.3442421450125982
150 185 0.6505564781672989
150 151 1.5106516247720574
151 186 -0.938499817709014
151 152 0.6220974502876154
152 187 0.14404918412539106
152 153 0.77511514562497
153 188 0.6141327885220224
153 154 -0.17926061455986875
154 189 -0.9081231410637685
154 155 0.44720343469010876
155 190 -0.8886334291465049
155 156 -0.5584650108245337
156 191 0.3512295519444189
156 157 0.48900975807088226
157 192 -1.316790508580052
157 158 -0.05341062257535081
158 193 0.053859552877645676
158 159 1.643121626235608
159 194 -0.5705685065167436
159 160 -0.7419791150409389
160 195 0.26367592881316626
160 161 0.5957068546792667
161 196 0.4583603235293631
161 162 0.11554549144980486
162 197 -0.7656705596634794
162 163 -0.3657438491746621
163 198 -0.5224964701431709
163 164 0.27750299797596023
164 199 1.322608616274368
164 165 1.1867878728517443
165 200 0.6177656372698039
165 166 0.7468357310881109
166 201 1.4660979987948117
166 167 -1.4071391395099688
167 202 1.2437532714250936
167 168 -1.0651984309624802
168 203 -0.9671368691554676
168 169 -0.35594095185022107
169 204 -0.26379298375367427
169 170 1.2825250941107174
170 205 -0.09200570335714743
170 171 -1.2314229784880513
171 206 0.7010671285371539
171 172 -0.5969595102997047
172 207 -1.2150068362677302
172 173 -0.27473309697904114
173 208 -0.17656766532272347
173 174 0.26176217804910906
174 209 0.9034787042878487
174 175 0.3290857452239964
175 210 0.04371818678362414
176 211 0.5344523965613048
176 177 -0.060016091396929025
176 210 -0.47819632254178035
177 212 0.7081324421336034
177 178 0.08912452018055352
178 213 -1.2182139393761555
178 179 -0.29830809389891694
179 214 -0.03313099884769589
179 180 -1.623663124588453
180 215 1.719261910035966
180 181 -0.23135917431410172
181 216 -0.0013128715843343474
181 182 -2.5021887896466604
182 217 0.8813038880537104
182 183 1.2476857502548202
183 218 -0.9588309775762114
183 184 0.12065348934297637
184 219 -0.005378391562185322
184 185 -0.5297041302180859
185 220 0.7880999663039099
185 186 0.19351750095857678
186 221 -1.4877507825611687
186 187 -0.9196829102008822
187 222 0.4912756962686135
187 188 0.22653862197476837
188 223 -2.410251401364102
188 189 -0.5642027753921237
189 224 -0.43827274158681245
189 190 0.8956863713376183
190 225 0.7314667363717448
190 191 -0.32816960503945025
191 226 -0.8094345617478786
191 192 -1.511693847324554
192 227 0.7937315856874325
192 193 -0.9859130157022273
193 228 0.3714513507207802
193 194 -3.0500411442882185
194 229 -0.08327433759502903
194 195 0.13402712447582846
195 230 1.1246795012372344
195 196 0.011151160907858353
196 231 1.2815426753767214
196 197 -1.4831069681122953
197 232 0.7929748361452902
197 198 -0.8690059535885809
198 233 0.6294306507880463
198 199 -0.31706896404726315
199 234 0.21075514479202398
199 200 -1.9669291437779868
200 235 -1.4025042888191273
200 201 -1.4365280777587526
201 236 -0.49752675327536
201 202 -2.1172108867944863
202 237 -1.4829456257829343
202 203 -0.37188268696964716
203 238 0.7998232439408237
203 204 0.03379543660004586
204 239 1.025012571915227
204 205 0.740769618916936
205 240 0.06123196567420648
205 206 -0.033788938790218444
206 241 1.4253034572998684
206 207 0.8806701763931651
207 242 0.6805188736123209
207 208 0.0293578753903764
208 243 -0.22625304337596594
208 209 0.006138637466279519
209 244 0.42356134469079654
209 210 0.36545439143104075
210 245 0.17130008869371066
211 246 0.7636061370613544
211 212 -0.8760926364341147
211 245 -0.7184928512054236
212 247 -0.48120622895394216
212 213 -0.7906179890838784
213 248 -0.22465137114066736
213 214 -0.39696360730725083
214 249 0.9711741325202023
214 215 -0.12599247333976077
215 250 2.782805788878351
215 216 0.5840042281532131
216 251 -0.3649423752962983
216 217 -0.45422213349879137
217 252 -0.6834608222526682
217 218 0.7201265928392181
218 253 1.930854469886353
218 219 0.4408179085139457
219 254 2.097119174358383
219 220 0.718938785877718
220 255 -0.49935381727576705
220 221 -1.0317376812731343
221 256 0.41923803169284074
221 222 1.7109715823032028
222 257 0.5280191587563962
222 223 -0.15600738340633435
223 258 1.2271899615230237
223 224 -0.5612597833738745
224 259 -0.7892361486904915
224 225 -1.4382405578356028
225 260 -0.6291672437615276
225 226 0.061934012101961596
226 261 -1.031666769846996
226 227 -0.2227912903220156
227 262 -0.8852440029377049
227 228 -1.1155862331970936
228 263 -0.34662026353001923
228 229 1.0605785571686763
229 264 -0.43643338596433795
229 230 -0.746765713355963
230 265 -0.5753248943648834
230 231 0.14520619395533232
231 266 2.607977293498621
231 232 0.49716372385708824
232 267 0.3167631782739831
232 233 0.9541996370493608
233 268 1.5094043607952798
233 234 0.582023663420848
234 269 1.3883724287384336
234 235 -0.8969648328865161
235 270 0.0994813057299807
235 236 -0.5287690017348262
236 271 1.4034819548030788
236 237 0.7871319639668174
237 272 0.6394362744362153
237 238 1.1269176038020026
238 273 -1.2930260294042055
238 239 -0.005101717878082738
239 274 1.1149259254614634
239 240 -1.5897448614371004
240 275 -1.3057763453943443
240 241 2.290830576158019
241 276 0.0817826815086472
241 242 2.206757126324568
242 277 1.6165354506214673
242 243 -1.3012138909626783
243 278 -0.8631029977523553
243 244 -0.9216954168303401
244 279 0.423518607290735
244 245 0.11146242202124551
245 280 -0.11697185050808598
246 281 0.4858820900312054
246 247 0.23762762041987315
246 280 0.9448790955897411
247 282 1.6977845508692924
247 248 -0.06305249029208329
248 283 -0.9788843812338958
248 249 0.20907929715646656
249 284 1.3201508967028568
249 250 0.035499248760844614
250 285 -0.8745571538718258
250 251 -0.30384696062145045
251 286 -0.09304777400433738
251 252 0.45174731199310136
252 287 -0.012446448813651456
252 253 -1.224537950638138
253 288 -0.4359125255259591
253 254 0.5495587195915619
254 289 7.997534714490872e-05
254 255 -0.17043349730433244
255 290 -0.3893973011141483
255 256 -1.1746932850713916
256 291 0.14978482651286754
256 257 -0.716983472442423
257 292 -1.0060431892793706
257 258 -1.0403489539687107
258 293 0.05052098786816601
258 259 -1.9298345245140396
259 294 0.33768015781510197
259 260 0.12447928731017796
260 295 -1.0175983187670763
260 261 -1.7864757455699285
261 296 0.19439368601813184
261 262 -0.1256326280377847
262 297 -0.913616661476626
262 263 -0.2824114880428467
263 298 -1.0432141792390182
263 264 0.7696228739948406
264 299 -0.09766765199502797
264 265 -1.1407074079304111
265 300 -0.6831197725031014
265 266 -0.21369285938053817
266 301 -0.8760006277181308
266 267 -1.7509146173095758
267 302 -1.085889738612916
267 268 -0.21929428074335097
268 303 -1.1951861769035208
268 269 -1.6123125368867814
269 304 0.7480442346791836
269 270 -0.6377721185090114
270 305 -0.32352599275133953
270 271 -0.8689470307246667
271 306 -0.6236330054053034
271 272 0.43778869053547137
272 307 1.0539100184232613
272 273 -0.30996608842306733
273 308 -0.3453218281983352
273 274 -0.38335511614917395
274 309 -0.5174637674311735
274 275 0.2703409355227245
275 310 -0.3658850819095907
275 276 0.6505985377479035
276 311 0.9313686734902075
276 277 -0.4544789835747695
277 312 0.7028534399328616
277 278 -0.6020049538964672
278 313 0.9641424251287019
278 279 1.1310151276197136
279 314 -1.738676440849789
279 280 -1.442441538230386
280 315 0.6739766055694755
281 316 0.6960512761372273
281 282 0.1755487780547936
281 315 -0.19394851978083427
282 317 -1.8568987363984508
282 283 -0.7889335863100689
283 318 1.5341817589527436
283 284 -0.6065637183515202
284 319 0.6422143790982544
284 285 1.8601376466239872
285 320 -0.8660057139174516
285 286 -0.6382343952307497
286 321 0.9215574615922336
286 287 -0.19736608191104033
287 322 1.472171427825034
287 288 1.4979625219458277
288 323 -0.4552956919124201
288 289 -1.711614762383111
289 324 1.5187106775425974
289 290 -0.1439112301636496
290 325 0.2400404830401703
290 291 -0.05304646013877445
291 326 -0.8910075303448822
291 292 0.5086790783464304
292 327 0.015548042470577665
292 293 0.4809308486364278
293 328 -2.4865436048587917
293 294 -0.5587554169253106
294 329 1.298275228325819
294 295 -1.002634422126908
295 330 -0.6126231482347989
295 296 -0.38636164138146534
296 331 -1.3504726951068697
296 297 0.8984344127520775
297 332 -0.6093521855329438
297 298 -0.1800291664779194
298 333 -0.029620485264082466
298 299 0.16989097217878166
299 334 0.40792666047376785
299 300 0.6406473373641217
300 335 2.1791712793603324
300 301 0.012559705661743541
301 336 1.3683411669269983
301 302 0.813915593924862
302 337 0.05838738009496231
302 303 -1.4171268658282505
303 338 -0.584476475185422
303 304 0.28680754241021844
304 339 0.5068614316881644
304 305 0.029030205666406447
305 340 1.9069445405255205
305 306 -0.024565937243713337
306 341 -0.8615834589793377
306 307 0.7745058532107685
307 342 1.3889899548319462
307 308 -0.7412523601488895
308 343 -0.2529604365747925
308 309 1.4758267021138236
309 344 0.2060902145973369
309 310 0.5469192559759946
310 345 -0.4517908934122427
310 311 -0.18254063861709177
311 346 1.3473280862176114
311 312 -0.8286109009314327
312 347 2.1941067327506043
312 313 -0.12072375887204483
313 348 -0.07498198273749082
313 314 -1.6710969122688601
314 349 -1.1272286979204136
314 315 1.2747264313683133
315 350 0.30226289042356314
316 351 -0.6250869165344732
316 317 -0.6852546065443818
316 350 1.1437022863584012
317 352 -0.35664302772395323
317 318 2.2967141910647437
318 353 0.891903836500939
318 319 -1.7543565563060683
319 354 -0.18396416750518146
319 320 -0.3450896284436827
320 355 1.0489801781050108
320 321 -2.345534337549932
321 356 -1.0794061458455602
321 322 1.1691982870398057
322 357 -0.8669393823158598
322 323 -0.8630954436063928
323 358 0.7713014511695182
323 324 0.265394658642929
324 359 1.0084030513154878
324 325 0.43202965567755436
325 360 -1.404371016004495
325 326 -1.563241414368385
326 361 1.553063446334339
326 327 2.022512518176805
327 362 -0.5551899881471669
327 328 1.5827098735890661
328 363 0.06789052527814565
328 329 1.509011279853782
329 364 0.666478169109413
329 330 2.12650256984307
330 365 0.5317097604441733
330 331 2.655865792005224
331 366 1.3795664898234241
331 332 0.3506458409450829
332 367 0.28225304108208304
332 333 -0.7699190792854979
333 368 0.9244526963512658
333 334 -0.7051943859472871
334 369 1.4036095740947048
334 335 1.335341928283655
335 370 0.47575210841262466
335 336 1.3144619662634882
336 371 1.5668081435037438
336 337 -1.5792552095315584
337 372 0.1928469420859749
337 338 -0.14581220977856424
338 373 -1.0071045322575964
338 339 0.2955382087963974
339 374 0.7328604175987544
339 340 0.012595055382070676
340 375 0.5164185918852041
340 341 -1.3604871642894067
341 376 2.171387147380324
341 342 0.5621631719301726
342 377 -0.6533089993452782
342 343 -2.2149673168078725
343 378 0.898825720579123
343 344 1.1114911271295842
344 379 -0.8302294313112364
344 345 0.14130131172088647
345 380 -0.3699555491793162
345 346 -0.327187471953545
346 381 -1.0109725095085262
346 347 1.23247017987207
347 382 -0.7997953509530822
347 348 2.6617825858915385
348 383 -0.45047037580784505
348 349 0.7431469348160575
349 384 0.7817697001567087
349 350 -0.1409319666068088
350 385 0.8687409605188069
351 386 -0.021290321074186876
351 352 -0.902594496809084
351 385 1.253439663508436
352 387 1.442309294070974
352 353 -0.908988704353782
353 388 -1.0052100193467728
353 354 -0.8625583801597901
354 389 0.5982266136791385
354 355 -1.2711240527695147
355 390 -0.5631829343127966
355 356 2.536774300273405
356 391 -0.44694946111798317
356 357 -0.46236232303865604
357 392 0.1804683540844431
357 358 0.4457149944475111
358 393 -1.4760060093659926
358 359 -0.9657604749881844
359 394 -0.22587471299626752
359 360 0.43783669260146496
360 395 1.571000636902151
360 361 1.4211324654062942
361 396 1.0165144359693583
361 362 0.1840430662662155
362 397 0.034101958324807224
362 363 1.100544223601639
363 398 0.36292563450071347
363 364 -1.4637638262673094
364 399 -0.2901454097939064
364 365 0.02732621776262956
365 400 0.5786886383394941
365 366 0.3418769163940362
366 401 -0.16945267505581138
366 367 -0.23766282806899738
367 402 0.3060291572309704
367 368 -0.453113546342924
368 403 1.6858605072984263
368 369 -0.5230820409712978
369 404 -0.039347065146213014
369 370 -1.2582813658071537
370 405 0.3877450645938446
370 371 -1.767745114558475
371 406 1.27360507050467
371 372 -1.2719894593347052
372 407 0.9240473305762734
372 373 -1.246467254803786
373 408 0.100386050036188
373 374 -0.4248369153457407
374 409 -1.9851368285855482
374 375 -1.5543986817659663
375 410 1.1587069751820707
375 376 -0.4371448749125187
376 411 -1.7401464469496568
376 377 -1.3807170714719292
377 412 0.7184932029850826
377 378 0.3503764126323698
378 413 -0.18936410058424477
378 379 0.019791564288882558
379 414 0.6433545881263768
379 380 -0.7162885163396939
380 415 -1.0434505961841254
380 381 0.4129272352478799
381 416 -1.642727607165343
381 382 -0.8387314859334815
382 417 -0.040587180722067684
382 383 -0.7016479641942506
383 418 -1.0737740795899904
383 384 0.17353239219108718
384 419 -0.6189400116611272
384 385 0.05374196951307591
385 420 -0.5145231983357214
386 421 1.1802881205280364
386 387 0.08292526906238458
386 420 -0.40175510571392087
387 422 -0.7872759383615845
387 388 -0.6801115538352589
388 423 -0.30773786803305525
388 389 0.08568222463265977
389 424 -0.6483540649561833
389 390 -0.6910122320581695
390 425 0.3690174210005953
390 391 0.4681006640323474
391 426 -0.2820822172513378
391 392 -0.3628724742393239
392 427 1.7891636898270207
392 393 0.526997228174591
393 428 -1.3966921533794827
393 394 -0.9797189474508946
394 429 -1.0865770945812288
394 395 -0.5436730386466947
395 430 1.3699699276753141
395 396 1.7837940137210444
396 431 -0.5409808469720159
396 397 1.1847004144519904
397 432 -0.31363634955656466
397 398 -1.1215269805981922
398 433 -0.3852401799428973
398 399 1.404641978127923
399 434 -1.5473689907928636
399 400 0.09633768126590131
400 435 0.1900815985193826
400 401 0.958375963931292
401 436 -2.889786730599061
401 402 -1.6612916214701658
402 437 1.204221180418272
402 403 -0.8236776332290573
403 438 -1.1841713977109383
403 404 1.3980650326307222
404 439 -0.33495924392058063
404 405 1.635183757176512
405 440 -1.1306246591157059
405 406 0.1190711802212715
406 441 0.29461014015419806
406 407 -0.5886589379813714
407 442 -0.21081592831385698
407 408 0.2911367464946874
408 443 0.7390866117861293
408 409 -1.2713395570561454
409 444 0.301842340795546
409 410 -0.8704364925542878
410 445 0.25652379367799244
410 411 -0.45164000301728047
411 446 -0.11656817613838817
411 412 -1.705512933214586
412 447 2.018402571390596
412 413 0.7086296699776676
413 448 1.333748121947353
413 414 -0.4784188536496817
414 449 -0.20283805546503503
414 415 -0.2754599175922446
415 450 0.14681520419120403
415 416 0.6332155275737348
416 451 -1.0209978014820738
416 417 -0.44183541654575836
417 452 0.055714697440352165
417 418 -0.2878072355392555
418 453 -0.47078731994674994
418 419 0.6876043043103759
419 454 0.2011067014581241
419 420 -1.0269884323056757
420 455 0.5443601516896706
421 456 -0.2767833845927678
421 422 0.3300594249509716
421 455 -0.642738507628206
422 457 1.068542078695475
422 423 1.1753046435129422
423 458 -0.7286121482626209
423 424 -1.8672463701742172
424 459 -0.02281473201214071
424 425 -0.7505542331453341
425 460 -0.8242053532276601
425 426 0.045743098952271743
426 461 -0.978050681789251
426 427 -0.20850485884300557
427 462 0.4326719053407393
427 428 0.7049535853634159
428 463 -0.8818933229065673
428 429 -0.09968685409218021
429 464 0.7708517092010587
429 430 -0.5563751645762612
430 465 1.1702178333159257
430 431 1.0616399114366175
431 466 1.128441006529166
431 432 0.3619949928574979
432 467 -0.04550251388740559
432 433 0.30551938641273657
433 468 0.19345794534035385
433 434 0.6022070482344933
434 469 -0.19982591394216545
434 435 2.6827034595906545
435 470 0.35303964897829043
435 436 2.8717267699468056
436 471 0.24608343158161167
436 437 -0.9226848238526245
437 472 0.8194634280910609
437 438 1.1858492474557287
438 473 0.5266335771085131
438 439 0.04464976646286393
439 474 -0.12009476383648765
439 440 -0.044161926258781355
440 475 -1.7915076241271422
440 441 0.09560576816562441
441 476 1.046558106850063
441 442 0.5149270502126855
442 477 -1.6431240926012418
442 443 -0.7456088119600355
443 478 -1.152659883321271
443 444 1.273776483299919
444 479 -0.6407353777988032
444 445 0.41779666554012135
445 480 -0.11644986289131698
445 446 -0.8429324329541082
446 481 0.04052674579209289
446 447 -0.8288026392658844
447 482 -1.5281877686909737
447 448 -0.05205531813447909
448 483 -0.4729915678931928
448 449 0.3325156242161743
449 484 2.431305833788228
449 450 0.9153099796533247
450 485 0.9918905116583291
450 451 0.5920871689307099
451 486 1.130392153459642
451 452 1.6120953239662976
452 487 0.3651033424511741
452 453 0.9687812188800153
453 488 -0.6269273975232246
453 454 2.1897060178581724
454 489 0.11118132435035182
454 455 0.07664807316295655
455 490 0.9189312153576664
456 491 0.7830119489865918
456 457 -0.01632341086849611
456 490 0.347841645117213
457 492 0.7423671210044347
457 458 0.9418654475462094
458 493 -1.47891371908984
458 459 -0.49150156541986506
459 494 1.0227065007388902
459 460 1.4709774696783176
460 495 0.6607426977892894
460 461 0.4308075454866447
461 496 1.6974301766234101
461 462 1.677976769315662
462 497 0.24643488147536072
462 463 1.0979345973654002
463 498 1.2143755501216245
463 464 0.25622931730498033
464 499 0.7317824050626143
464 465 1.4233703530723743
465 500 -0.5077864291627886
465 466 0.28706231203038435
466 501 -1.0272434705173281
466 467 -0.7088496236237349
467 502 0.7883189492641676
467 468 1.8178109599830363
468 503 -1.9411416737177583
468 469 1.3670579047558347
469 504 -1.1755275287841993
469 470 0.054712036893493375
470 505 -0.22060711928271795
470 471 0.5231196793072749
471 506 1.0233445849226868
471 472 -1.615989956765872
472 507 0.9715517993797718
472 473 1.4679363434030788
473 508 -1.656458902509489
473 474 0.3635097355751803
474 509 -0.9890312812501038
474 475 -0.8106327381729174
475 510 0.8961770120107247
475 476 -0.7658595289495783
476 511 -1.0568177207978704
476 477 0.9069972305242465
477 512 0.13553385252712233
477 478 0.32815494815142965
478 513 0.34306583266244156
478 479 0.7169525408035667
479 514 0.0679005651188411
479 480 0.19711642346065866
480 515 0.6280160817348786
480 481 1.0439925432222543
481 516 -0.49472257188474184
481 482 -2.2025102416919475
482 517 -0.1795108659965747
482 483 0.2180787732190644
483 518 -1.1458310290747975
483 484 2.1054590581022516
484 519 -0.4272603919301154
484 485 0.518248393645519
485 520 0.34292635630949775
485 486 1.1360892270424487
486 521 -0.32059475705461987
486 487 0.8241795369544115
487 522 -2.150869034723099
487 488 0.4261929662947839
488 523 0.6506786832701464
488 489 -0.8521998072815281
489 524 0.873901336478472
489 490 1.0892963597913625
490 525 0.1698194154628718
491 526 -1.8467675425511223
491 492 1.5625041083345412
491 525 -2.332046350163737
492 527 0.7296375118044169
492 493 2.2340444007470883
493 528 0.6513880641766443
493 494 -0.10668490111519938
494 529 -0.645053136846892
494 495 1.595219044171008
495 530 1.2274136616260198
495 496 -0.2900551435012246
496 531 1.646443641556538
496 497 1.861186281816563
497 532 -0.7606918766511646
497 498 -1.2554636306424218
498 533 0.12953450127591978
498 499 0.11273922803791356
499 534 -0.4884975811268891
499 500 -0.13960802120519444
500 535 0.0419543017377992
500 501 -0.22233804546701363
501 536 -1.1698360607677727
501 502 -0.35848146522841795
502 537 -1.7856064070176572
502 503 2.1672620993783784
503 538 -1.245813697003153
503 504 0.17835249129272956
504 539 0.38845250828394945
504 505 -1.1278092978102492
505 540 -0.8801169456106749
505 506 -0.7432886868128004
506 541 -1.7107598032166056
506 507 -0.3818212983193166
507 542 0.4933343604102706
507 508 -2.5369289424628643
508 543 0.1353768156875244
508 509 -0.30153679669439676
509 544 0.5907325265446366
509 510 0.38005781326570953
510 545 0.33829987089527286
510 511 -1.4306390806499278
511 546 -0.44299380326438603
511 512 0.4095023218482965
512 547 0.21580480677744143
512 513 0.8131568477544036
513 548 -0.9440394656637603
513 514 -0.38582082546914276
514 549 0.4152351260266779
514 515 -1.0547590800929112
515 550 1.3608928219555176
515 516 0.9910886800523719
516 551 1.7138893333603566
516 517 -1.1892405951803569
517 552 -0.4081854210675971
517 518 -1.3675836960535857
518 553 -0.6874068602632455
518 519 1.3467284526979222
519 554 -0.5736364367235225
519 520 -0.8869768562908978
520 555 0.6183017958306898
520 521 0.2400988291154953
521 556 0.30361490975189787
521 522 0.08408197632877867
522 557 -0.41500853010685035
522 523 2.576750329728504
523 558 -1.1863887449732444
523 524 -0.7675865517896725
524 559 -1.588428871035975
524 525 0.7780951477508192
525 560 -0.0325371022949518
526 561 1.5228799153882588
526 527 -0.05669981996022806
526 560 1.0763450463278414
527 562 -0.6093799340970577
527 528 0.1432548710331903
528 563 -0.045010261997341885
528 529 -0.9494804736468282
529 564 -2.126845844179814
529 530 -0.051053945673053165
530 565 -0.04623082432169792
530 531 1.214302930608667
531 566 2.4039491469739
531 532 1.316990805921269
532 567 0.7091289645607598
532 533 0.16979321231747163
533 568 -0.36273982592987775
533 534 1.430808367564445
534 569 0.349971515654046
534 535 0.284805745705158
535 570 -2.4001068683610405
535 536 -0.507924604840379
536 571 1.1409552569100672
536 537 0.2955009112666912
537 572 0.535362294510668
537 538 0.48622891516963435
538 573 2.577640901140035
538 539 0.27502779577468117
539 574 1.354084494012585
539 540 0.9350244874686617
540 575 0.8002098594293219
540 541 1.1698983060462516
541 576 -0.24086657672561404
541 542 -0.4801746830481299
542 577 1.3397344247198146
542 543 -2.068549917731094
543 578 1.1913071861960125
543 544 0.560332106231948
544 579 -0.20086085252556124
544 545 -0.6931886649840387
545 580 -0.6539149351189149
545 546 0.09880981754322994
546 581 0.1558609482753121
546 547 0.4500190899696853
547 582 -0.32633233174229515
547 548 0.7722667781612927
548 583 -0.2500755083594654
548 549 -0.5931474726934136
549 584 -0.4575299039190163
549 550 -0.24086585187989762
550 585 3.095603682413398
550 551 -1.0379928757006827
551 586 0.9101426401037591
551 552 2.3474701655994092
552 587 -1.2250090120787689
552 553 -0.19231181759377194
553 588 -1.0368870899437734
553 554 -1.1001907345289068
554 589 -0.428142544694694
554 555 0.36311323091020337
555 590 -0.03471396419915773
555 556 0.29163222074687917
556 591 0.8570530731209732
556 557 1.686562067331517
557 592 1.1323330827995914
557 558 0.1044850845049326
558 593 0.6799865679163262
558 559 -1.2881805477506287
559 594 0.41682873232749224
559 560 -0.56705766714028
560 595 0.7006806491706783
561 596 -0.35892894813176685
561 562 2.497271917054343
561 595 1.3295279192882155
562 597 -0.5865807559006702
562 563 -0.852868697317766
563 598 -0.6856803200578332
563 564 -0.19473993436525372
564 599 0.5380531459441548
564 565 -0.7314639585049281
565 600 0.6961052117420814
565 566 -0.0017530313538086195
566 601 -0.4092620547317206
566 567 0.8896243712751503
567 602 -0.8219203225448659
567 568 0.6154139793364717
568 603 -1.0919335850538499
568 569 0.8279102268965818
569 604 -0.022067990612457775
569 570 1.960774917612996
570 605 -0.6382092651464987
570 571 -0.6428682946946
571 606 -0.1696585649958948
571 572 0.9862043516643711
572 607 -1.0965911126934027
572 573 -1.6749500986908912
573 608 1.2880244172175974
573 574 -0.9065493783101822
574 609 -1.0301022144884706
574 575 1.4162821300898982
575 610 0.7734719345887521
575 576 -0.5963619249488763
576 611 -0.6600448448212173
576 577 1.1750712551150135
577 612 -0.7810138380408651
577 578 -1.846720408323979
578 613 0.8386818326688298
578 579 0.7444176346269685
579 614 1.7358488588742595
579 580 -2.108599631371798
580 615 -0.6227942293527137
580 581 -1.0282641233696095
581 616 -1.0865077092167026
581 582 -1.4707133683006288
582 617 -0.6023061662457048
582 583 -0.9219647965020906
583 618 -1.6974794310966883
583 584 0.1904136990562111
584 619 0.4259989382628027
584 585 0.9216795814802041
585 620 0.037166957034844336
585 586 -1.2986313940631786
586 621 -0.3753092189350488
586 587 1.0667770113206303
587 622 -2.2042528488378337
587 588 0.26747906925519904
588 623 0.38197903740828504
588 589 0.7811510589201495
589 624 -0.97222278384944
589 590 1.1379727468400254
590 625 -1.2384403275911209
590 591 0.5038069745020675
591 626 -0.5071967727280186
591 592 0.36486378655140794
592 627 1.5247690914098666
592 593 0.3216763487134054
593 628 0.45562288090472514
593 594 1.6904472528612975
594 629 -0.3262303145722274
594 595 -0.32091801352557114
595 630 -0.6886054906500303
596 631 -0.5767211625672586
596 597 0.4800071553264076
596 630 0.5437803352737794
597 632 -1.0323465651225927
597 598 0.8892875554346164
598 633 -1.0175580499616432
598 599 1.0092095609089617
599 634 0.3181347346625391
599 600 0.30452000105239246
600 635 0.5828830023579639
600 601 -0.2679002991864304
601 636 -1.0338474165350764
601 602 0.8264301057168779
602 637 1.3565903957312655
602 603 -0.0172836631914204
603 638 1.2939372467540387
603 604 0.4118795917259386
604 639 0.8651095645886224
604 605 -0.02973525491415986
605 640 0.8006277851993177
605 606 -1.1903452143755164
606 641 1.1756882938573674
606 607 -1.3599291495177088
607 642 -0.011296598812048147
607 608 -0.03968612472732978
608 643 -0.5254573452903467
608 609 -0.8789083310897141
609 644 -2.5526849855930154
609 610 0.23364898270074552
610 645 0.5404241074882951
610 611 -1.2097347850752844
611 646 1.1134082676741601
611 612 -0.5136570534510051
612 647 0.17831656656560468
612 613 1.5111928066739797
613 648 -0.6393678136117017
613 614 -1.119197611307048
614 649 0.4565115011328021
614 615 -0.3844649352592247
615 650 1.294056265975495
615 616 -1.4915212567956895
616 651 -1.0516335884030026
616 617 -0.9799674108626599
617 652 0.7212435144868162
617 618 -0.37453617037604886
618 653 0.549548327409228
618 619 -1.2438117596740363
619 654 -0.10561434778373392
619 620 -0.6267254347140612
620 655 -0.4199260162326514
620 621 0.040673752788362404
621 656 0.42752242509217325
621 622 -0.7522580441272742
622 657 -1.6252329857197556
622 623 -0.933479986634719
623 658 -1.567493204429754
623 624 -0.3396182498578026
624 659 -1.7674696154004836
624 625 -1.0950109229139304
625 660 -0.4289444770205985
625 626 -0.505970151879436
626 661 0.9366914930369158
626 627 1.5726605409393708
627 662 0.37198858695337755
627 628 -0.7055006142298927
628 663 0.5662335005083223
628 629 1.1198676353370058
629 664 1.4561698298184036
629 630 -0.2633837929200349
630 665 -1.4549650573157507
631 666 -0.5315160906744383
631 632 -0.30208899199386247
631 665 0.7525233040464516
632 667 0.29429406501568023
632 633 -0.05854908709245389
633 668 -2.9462020930483455
633 634 0.998724739259409
634 669 0.7482615514980033
634 635 -0.6936403047743258
635 670 -1.6692160937999592
635 636 0.48501554514369494
636 671 -0.599513204821943
636 637 -0.1816619314640734
637 672 0.05153886632300684
637 638 -1.1136294221144893
638 673 -0.37978260809000836
638 639 0.37026140193285123
639 674 0.7253381188964206
639 640 0.019990953402523246
640 675 0.024754665211122705
640 641 1.4129847961613438
641 676 -0.5782308461984912
641 642 0.466522753835635
642 677 -0.6941789632402314
642 643 -1.0711841896121956
643 678 -0.5699601161512774
643 644 2.051598633332515
644 679 0.9897299729797204
644 645 1.4173419421852895
645 680 -0.13023505678905126
645 646 -1.870214037215118
646 681 0.04700753337741786
646 647 0.62297681121932
647 682 -0.40529543242205224
647 648 1.0410422166471576
648 683 -0.40470002333725996
648 649 -1.2277452773946442
649 684 0.1830150118409704
649 650 1.5007295709717896
650 685 -0.9552543380080623
650 651 -0.12086873456012606
651 686 -1.7007913052082326
651 652 0.530544835367999
652 687 0.010406647596183075
652 653 -0.874437353005783
653 688 -1.8284775117090137
653 654 -1.7713934987065831
654 689 0.7705566281848556
654 655 -0.3024218273141765
655 690 0.4863008883937555
655 656 0.9784490249920049
656 691 -0.7800041241527224
656 657 2.1904454402132596
657 692 -0.17847201969326318
657 658 -0.3783127597215689
658 693 1.1919824104187813
658 659 0.5167810995151048
659 694 0.9337826896884216
659 660 -1.2884264874630784
660 695 -0.3174214136380436
660 661 -2.488888522796107
661 696 1.936768753406688
661 662 -0.5573228191019126
662 697 -1.043075991656464
662 663 -0.7799504133115652
663 698 0.952448471610785
663 664 -1.7399390319297212
664 699 -1.7297974455524705
664 665 1.795091293644824
665 700 -0.25324764756512147
666 701 0.8739966420731325
666 667 -1.8268515790348245
666 700 -0.9109732739631947
667 702 0.5532332802237742
667 668 0.47273303889798535
668 703 1.061316831307002
668 669 -0.6710690668492331
669 704 0.2688018516190352
669 670 1.2616138775034538
670 705 0.2555775677892776
670 671 -0.3208868955351991
671 706 1.4150495538002505
671 672 0.9987625979210943
672 707 -0.07498135015675615
672 673 -1.2634552063909377
673 708 0.24457526209197258
673 674 -1.6899609419042487
674 709 1.5283475801116566
674 675 -0.8644036602152595
675 710 0.22044534879854688
675 676 0.09978304435627265
676 711 -0.7330777022945519
676 677 0.985809754889559
677 712 -0.02302169764799885
677 678 0.12163559257808901
678 713 -1.0132417048557079
678 679 -0.4921291445652306
679 714 0.20117834092731793
679 680 1.6470054275542043
680 715 -1.0787653840917018
680 681 0.9477431252850356
681 716 -0.2955675224381422
681 682 -1.6195868246195333
682 717 1.2579685348953273
682 683 1.1824952806185614
683 718 -0.7772078308310872
683 684 0.8933371089656104
684 719 0.5685425636505438
684 685 2.1798578610376316
685 720 0.1657191347726529
685 686 -0.8634978403895992
686 721 -0.853753641534242
686 687 -0.2196259559300575
687 722 0.051396589979616325
687 688 -0.932400507200077
688 723 -0.3815099769482257
688 689 1.1697531238315204
689 724 0.8135136420598471
689 690 0.9159752967384249
690 725 -0.6799667684503125
690 691 2.596388958262358
691 726 -0.08551382047652062
691 692 0.1952172683169875
692 727 0.28112824008185655
692 693 -0.8908770619232924
693 728 0.4802451655904762
693 694 -1.1217640858860471
694 729 0.2335729122123049
694 695 -0.006543160437479492
695 730 -0.23346421108236345
695 696 -0.7081628956612309
696 731 0.5186288923803526
696 697 -1.454392381955488
697 732 0.6290503216306522
697 698 0.808384044424608
698 733 -0.5718844429345433
698 699 1.6129273023224606
699 734 1.6091595203892577
699 700 -0.40764285331382855
700 735 0.0739166889606528
701 736 0.7415994985158632
701 702 -0.356409023074641
701 735 1.1400057090000448
702 737 -0.11905117504479443
702 703 -0.27250544940334254
703 738 0.7420422522421087
703 704 1.3181803230438374
704 739 1.0034714316113347
704 705 -0.8351728441491132
705 740 1.184295719747426
705 706 -2.2393947497786546
706 741 -0.3085083944968145
706 707 0.9776091565589633
707 742 0.656132504714025
707 708 -0.39715930864173754
708 743 -1.6477682464581653
708 709 0.29525283073510433
709 744 -1.1370768163117213
709 710 -1.2609089723973717
710 745 3.1529126404529957
710 711 0.36349320609725927
711 746 0.5548115704357863
711 712 -0.06280787063169613
712 747 0.14944411446757475
712 713 -1.9555694193215778
713 748 -1.1080135992739697
713 714 -1.3567287256513452
714 749 -0.7562758918877016
714 715 -0.5986911270868446
715 750 0.42770176964837314
715 716 -0.4308563897726716
716 751 -0.702064348173065
716 717 -0.7999915987440295
717 752 0.22683290811232376
717 718 -1.3531528222204787
718 753 -0.37321311896943726
718 719 0.10380581178563514
719 754 -0.3769551985637275
719 720 -0.19212153859276832
720 755 -0.8994204711583526
720 721 0.0062263208493529235
721 756 -0.3893062098828237
721 722 0.3171793386290156
722 757 -0.15682795194936852
722 723 0.8813226986108862
723 758 -0.4628994390581081
723 724 -0.11488540643269458
724 759 -0.7561856786731642
724 725 0.6869127272010872
725 760 -0.14605654414188016
725 726 0.32586712457424905
726 761 -1.1389004127075653
726 727 -1.12578620098594
727 762 -1.574120302944284
727 728 -0.9249757389727407
728 763 -1.9489901366010083
728 729 -0.889509802507282
729 764 -0.505507535986815
729 730 -0.6216445754712282
730 765 0.05809299391723267
730 731 0.8681018151461143
731 766 1.871291164655492
731 732 -0.5935454365498032
732 767 0.051392557381071846
732 733 -0.5644281208696815
733 768 -1.684980315390057
733 734 0.40047730943071824
734 769 -0.7174936488993134
734 735 0.042258643098604706
735 770 0.703979927162672
736 771 0.15888668093263583
736 737 1.2903475353598286
736 770 0.1792441726555642
737 772 1.181410309329804
737 738 0.5315052504754494
738 773 -0.3415986360988737
738 739 1.6004103094047124
739 774 1.6964656279350394
739 740 0.17465003331953244
740 775 -0.4453451049968511
740 741 -1.5428920059530482
741 776 2.406455889614802
741 742 0.8333188386722752
742 777 1.4011569668359467
742 743 0.12996253415617692
743 778 -0.04040396852544174
743 744 0.22980854746879545
744 779 -0.2135514659223415
744 745 -0.45083489370764135
745 780 0.0330143772505022
745 746 -1.2517829293954685
746 781 -0.6705315278764306
746 747 0.5549555093537534
747 782 0.0800861851632273
747 748 0.7519213182001803
748 783 0.6384036258218799
748 749 0.5432508467385795
749 784 0.32734262847452866
749 750 0.14091147133737877
750 785 -0.7299169469859522
750 751 1.2349773575411105
751 786 -0.20904636559874923
751 752 -0.4991365113487741
752 787 -1.1310448124775732
752 753 -0.02442014408449449
753 788 0.02237003482150866
753 754 1.1438152448837284
754 789 -0.3927438900019645
754 755 -1.250674189803571
755 790 0.31620172190101253
755 756 1.2930993397273298
756 791 0.48312018798310175
756 757 0.5017071131348141
757 792 0.5692780072656652
757 758 -0.32788515330629464
758 793 1.4374291371949464
758 759 0.6084320558388365
759 794 -0.4424469234601572
759 760 -1.1387394267404194
760 795 0.6261461994975751
760 761 -1.2355696661124673
761 796 -0.6017769089814632
761 762 -1.0616044930229604
762 797 2.3574350508260133
762 763 1.3494560014878
763 798 0.24504574334346452
763 764 -0.006330466507454415
764 799 -0.37816538326331245
764 765 -1.219822442209344
765 800 0.2392720110509181
765 766 0.7525224460769019
766 801 -0.9995523318616607
766 767 -2.1478034727153057
767 802 0.9969153369819639
767 768 -0.14941839905147764
768 803 -0.08986777563924823
768 769 -0.47563476984995234
769 804 1.3939759143532757
769 770 -1.4844191126204878
770 805 -0.7893729932163243
771 806 0.6706349799068412
771 772 -0.23991179092676063
771 805 -0.5258028508953893
772 807 0.8066012296237445
772 773 0.303575899718914
773 808 -0.11412627921050154
773 774 -0.3551556205833951
774 809 -1.7555450531447356
774 775 -0.4322310766385517
775 810 -1.6029369841715504
775 776 -0.4058814867382769
776 811 -0.43892452479633753
776 777 0.6724430593863997
777 812 0.29111607918653226
777 778 -0.35702103578818506
778 813 -1.3380381537019523
778 779 1.324731947088924
779 814 -1.0366567593648452
779 780 -1.5315520107214087
780 815 -1.4747670287040995
780 781 -0.923967857955742
781 816 -1.2432207177748416
781 782 0.6233048746568997
782 817 0.06011254402633261
782 783 -1.0293172725713395
783 818 0.10317634849633614
783 784 1.2622883520854764
784 819 1.1736990186540555
784 785 1.0832467463449056
785 820 0.3543863625314344
785 786 0.37492756386627546
786 821 0.07070095530619668
786 787 0.3149683950826873
787 822 0.03257977593049005
787 788 -1.3094643163103237
788 823 -0.8984380396543056
788 789 1.2600174120702794
789 824 1.8929890285097366
789 790 -0.002259964899145286
790 825 0.10206968188823265
790 791 -0.17120686250655695
791 826 0.18875923283310603
791 792 0.46242055344135485
792 827 -0.6877283491348506
792 793 -1.476372476731077
793 828 -1.7219154821582272
793 794 -1.7716452109751128
794 829 -1.5908917758934478
794 795 0.6206110579643407
795 830 0.9799541492874854
795 796 -0.46459563905168905
796 831 0.04127383759481426
796 797 0.7164181440588383
797 832 -2.4599805161322568
797 798 -0.7574799421123006
798 833 -0.8899162341671788
798 799 0.1747589234578832
799 834 -1.0685686260620053
799 800 0.637931828450582
800 835 1.1720557222427734
800 801 -2.8435485887104517
801 836 -0.058044996962168485
801 802 -0.10380998773868376
802 837 0.026917699949628445
802 803 0.14124668933592646
803 838 -0.016872368013499426
803 804 1.5049780847014118
804 839 1.518595697376453
804 805 0.45343368974753234
805 840 0.3346635575084612
806 841 -1.4990677606052965
806 807 0.18719222968399796
806 840 0.42189462287581053
807 842 -0.12966164160559446
807 808 0.1545420277952177
808 843 0.8566130875892419
808 809 -0.36062866084538336
809 844 0.007262362705385423
809 810 -1.0718510716268737
810 845 0.07637928329390734
810 811 0.1598530345809416
811 846 -1.1051397523188287
811 812 -1.8940691107252416
812 847 0.4671551764028746
812 813 -1.0517969094276445
813 848 0.2487075837963621
813 814 -2.4664329688573954
814 849 -1.0075764384155648
814 815 0.07388249125660207
815 850 -1.4081156796649013
815 816 -0.03810831783649037
816 851 0.8080832150673692
816 817 -1.4106674426370835
817 852 -0.22286842302928536
817 818 0.27950840048760633
818 853 -1.405368420508218
818 819 0.7451301560769688
819 854 -0.1234872577930415
819 820 -2.203449583404985
820 855 0.07584170318137695
820 821 0.8720894063634427
821 856 1.7692348964617093
821 822 0.5987617894104892
822 857 0.8155294286455183
822 823 0.6424727857337446
823 858 -0.12104469298578781
823 824 1.005534465974991
824 859 0.6401049366043948
824 825 -0.26203751723820085
825 860 -0.30358641243767426
825 826 -2.176209667814101
826 861 0.3143851329407478
826 827 0.9044594031390967
827 862 -1.1042170740838384
827 828 1.0903666885136998
828 863 -2.204124564427905
828 829 -0.13280268999099135
829 864 1.5368091252025344
829 830 0.5948483213957221
830 865 1.5275571532129326
830 831 -0.33057098597514994
831 866 0.47829747930733024
831 832 0.34650790985032537
832 867 -0.3906913982738815
832 833 -1.0017874522604495
833 868 -0.6951741669381211
833 834 -0.7132808217270505
834 869 -1.1398713679869215
834 835 -1.0127858678596564
835 870 -1.8965012894809046
835 836 1.2237595228529425
836 871 -2.1053684373868813
836 837 -0.5839945675134872
837 872 1.05423024855266
837 838 0.9796726114878327
838 873 -0.6016447324245415
838 839 2.2476400085347343
839 874 -1.1245718037765797
839 840 0.9368610778920476
840 875 0.31491557395451525
841 876 -0.09034627042449112
841 842 -0.2920810623671702
841 875 1.2969628595281393
842 877 1.6039925052994581
842 843 0.4157724960111752
843 878 1.753879117910506
843 844 -0.9038360721962826
844 879 1.4057533479479514
844 845 0.5300851443575667
845 880 0.15329379233186974
845 846 -0.3348885394982765
846 881 -0.20624501599773282
846 847 -1.32416556054669
847 882 -0.0919638097944696
847 848 -1.6113733862151383
848 883 0.1728910310517505
848 849 -2.45954483981314
849 884 1.6311946386660257
849 850 1.0689160122844075
850 885 0.18682658060166932
850 851 0.6240750592130583
851 886 -0.7231129595753704
851 852 -0.30399246658243645
852 887 0.8529091297787087
852 853 -0.38423791683265807
853 888 1.3170601256297374
853 854 -0.11460652742158375
854 889 0.4152103667655038
854 855 0.7229391831447648
855 890 0.6398981466682727
855 856 -1.1990254035410712
856 891 0.6091979364089073
856 857 -0.29163163555042365
857 892 -0.14050510748991663
857 858 -0.035913017818684
858 893 -0.6128728446424335
858 859 -2.1428831032827094
859 894 0.2680576482347567
859 860 0.14326277634367626
860 895 -0.7694128173844043
860 861 1.1454911254221372
861 896 0.5906128599635909
861 862 -0.8437130293977101
862 897 0.6452469177776664
862 863 0.5210877809933098
863 898 0.2508012470712914
863 864 -2.18592499731519
864 899 0.571415626073772
864 865 -0.04168416118878673
865 900 -0.3262536627547764
865 866 -1.2273049619456033
866 901 -0.9431014228145215
866 867 0.03623498519464475
867 902 1.218204995167885
867 868 -0.4815120488035863
868 903 -0.4486455299730703
868 869 1.7325155240591643
869 904 1.3033550137634882
869 870 -0.6577716913611039
870 905 -0.6390605619960528
870 871 -0.15280298318273247
871 906 -1.0779954040942021
871 872 0.0044549028180965585
872 907 0.4161860617520586
872 873 0.2080018037059675
873 908 0.013934959240398738
873 874 0.5601263603114552
874 909 -0.4555351827413995
874 875 0.5708266413560524
875 910 0.20965329700313062
876 911 0.6036932823798058
876 877 0.2040901063099523
876 910 0.6225263313203846
877 912 -1.7680666599199344
877 878 -0.8284789994817111
878 913 0.9696513882553608
878 879 -0.8441089840126796
879 914 -0.4356746550017213
879 880 -0.09098519019445303
880 915 -1.371523590997588
880 881 0.36306234344238697
881 916 -0.044332658104078444
881 882 -2.6044143946757927
882 917 0.5313916963278302
882 883 -0.7336805529514094
883 918 -0.13771486602082822
883 884 -0.9340192323787462
884 919 -1.2234403660549131
884 885 -0.20333442468277138
885 920 0.8208220229511676
885 886 0.7252179206554217
886 921 0.2836753908747978
886 887 0.06350140234455197
887 922 -2.6359630830026246
887 888 -0.25604342298182353
888 923 1.3827303708992653
888 889 0.6579416702704954
889 924 0.2758644293322945
889 890 0.9358180664943169
890 925 0.6786060248968548
890 891 -0.6194948102909508
891 926 0.41948580336998553
891 892 -2.649126738043661
892 927 0.8028008343553827
892 893 2.8324809636498562
893 928 0.7586020016900225
893 894 0.3451722950033435
894 929 -1.403627333434931
894 895 -1.0970888168416868
895 930 0.7642093853530518
895 896 0.3444990449871379
896 931 0.35521214284268854
896 897 -0.7022291084609188
897 932 -0.016440764297008418
897 898 -1.2844896133429904
898 933 -0.6359549336845813
898 899 -0.3034720746016743
899 934 -0.5698919427614187
899 900 1.2956008271637598
900 935 0.05181582789742388
900 901 -0.6605093032312174
901 936 1.0058271568389578
901 902 1.0637211586826332
902 937 -0.5392502345049931
902 903 -0.5174070378645984
903 938 0.11738602954092385
903 904 -1.8408977597344798
904 939 1.0329728593704022
904 905 0.15353153011407522
905 940 0.902436592751562
905 906 -0.15576730978744488
906 941 -1.301101282929593
906 907 -0.7797364986256594
907 942 -1.2211724606091896
907 908 0.9480405170664045
908 943 -1.304302462603116
908 909 0.3624009100029086
909 944 0.7041522528136083
909 910 1.0427801688706348
910 945 -0.7931117280546088
911 946 0.6280656177086664
911 912 -0.049619206614227876
911 945 -0.33163385004864865
912 947 -1.4833122432550279
912 913 1.8012387362831384
913 948 -0.5528682897488191
913 914 -0.0581332649869558
914 949 -0.02089936266228062
914 915 -0.54975903323361
915 950 1.5526839534686376
915 916 -2.022920308491539
916 951 0.06882531507605148
916 917 -1.0335586464168958
917 952 -1.17594682735038
917 918 1.1298804219056944
918 953 0.5830370960419642
918 919 0.505058945831261
919 954 0.25658647412015384
919 920 -1.1409832708775172
920 955 0.048234732276292054
920 921 0.7682531160726095
921 956 -0.599829180441998
921 922 -0.22010085513437802
922 957 0.4112164435225801
922 923 -0.5768541049532774
923 958 -1.013415207307938
923 924 2.4289145192907977
924 959 1.4191209021208355
924 925 -0.27887208230253313
925 960 -0.5744687623703135
925 926 0.12307135155961357
926 961 0.3851934698880399
926 927 -1.366693349051553
927 962 -1.053648837700752
927 928 -0.641557030714238
928 963 -0.34637581193710115
928 929 1.9569129262297829
929 964 -0.056804090098202024
929 930 1.0219893487795617
930 965 -0.1174163612895351
930 931 0.7002590075864867
931 966 0.28861649007482926
931 932 -0.8722998094081269
932 967 1.0832635418752552
932 933 -1.7921816475434629
933 968 -0.30514775888281953
933 934 -1.441445749035643
934 969 0.6987723962514545
934 935 1.124756736806676
935 970 1.050038308223149
935 936 -1.0842813424975015
936 971 -0.4597287753313816
936 937 0.6131228368862655
937 972 1.6021974009221562
937 938 1.9912020073144345
938 973 -0.001131763823393068
938 939 -0.27795191450818235
939 974 -0.49160616953403236
939 940 -1.0524517147447
940 975 0.2916608278467754
940 941 1.5484552353393886
941 976 0.6734717253792443
941 942 -0.2920967396544114
942 977 0.17043754096394476
942 943 0.7776150557445937
943 978 0.9596567632448597
943 944 -0.4277191959208077
944 979 -0.9745422001855544
944 945 -0.1519131432300829
945 980 -0.3953548526568038
946 981 -0.4372265438798343
946 947 -0.04792678489520505
946 980 1.4509838189391255
947 982 0.423518451619801
947 948 -0.3006244544567097
948 983 -1.8571704351399219
948 949 -0.8174763117236419
949 984 -0.9148983122803066
949 950 0.5962378173133595
950 985 -0.9563283934622197
950 951 1.5257738170183932
951 986 -0.47141799552681357
951 952 1.7632582913348434
952 987 -1.4738183077616962
952 953 0.4851544481295728
953 988 0.6461350412211958
953 954 -1.0103056759816325
954 989 0.6270894051168868
954 955 1.8156472480969625
955 990 0.31580644843667716
955 956 -1.8528280058853877
956 991 0.1497204168030298
956 957 0.6398889543750917
957 992 -0.9671322036181004
957 958 -0.1273454234916782
958 993 -2.230810261366708
958 959 0.09656583621953863
959 994 0.21376222674296064
959 960 1.427959200144967
960 995 -0.9423785102091654
960 961 1.9260959349158249
961 996 -0.4731239047062714
961 962 -0.707545653446386
962 997 -1.607728683535594
962 963 -0.20127996054630282
963 998 -1.1245313147514007
963 964 -1.9018258244089765
964 999 -0.6846246871502203
964 965 -2.6400668786251518
965 1000 0.4196203219767978
965 966 2.174477782307937
966 1001 -0.20996867064558183
966 967 1.8799758303978462
967 1002 -0.31919777440906455
967 968 -0.837776639879791
968 1003 -1.9063010185681872
968 969 0.05465105144807899
969 1004 0.6222647911413101
969 970 1.8777213303334028
970 1005 -1.6511528254681342
970 971 -1.164002009740055
971 1006 -0.7443525201827604
971 972 0.3179636308605463
972 1007 0.4780702234916601
972 973 0.02322570369540577
973 1008 -0.24722270314978093
973 974 0.7083678090668356
974 1009 -0.13853599960009824
974 975 1.6361628695691324
975 1010 1.144235672463453
975 976 -0.05625302847606071
976 1011 -0.25820862865873034
976 977 0.4522894165504281
977 1012 0.6721866075839834
977 978 -0.5486761827552931
978 1013 -0.8401545816404589
978 979 -0.8140027840264444
979 1014 0.10259272370802715
979 980 -0.41134990456665366
980 1015 0.6050126252410669
981 1016 -0.4965818541831875
981 982 0.3825510641030551
981 1015 -1.705572878186685
982 1017 -0.5141456309918646
982 983 -0.051146910194741955
983 1018 -0.4416037649420599
983 984 -1.1572500845686673
984 1019 -0.5103848189692205
984 985 1.2554138775780166
985 1020 -0.44988264692127045
985 986 -0.744098297638358
986 1021 -1.2774942292115272
986 987 0.8691790539256421
987 1022 -1.55707664290612
987 988 -1.1969482168363839
988 1023 -0.8458470980422671
988 989 -1.0110693324955224
989 1024 -0.2417227912213156
989 990 3.652250609119409
990 1025 0.7810821300467277
990 991 -1.5703324033537003
991 1026 0.8739162322523755
991 992 -0.6053663193949667
992 1027 0.9186229904745219
992 993 0.8768637447845855
993 1028 0.5190363804318676
993 994 1.3887100544367503
994 1029 -0.19339782089770563
994 995 0.11621534340196947
995 1030 -1.4236607184886776
995 996 -0.5859339143082362
996 1031 -0.416622322739895
996 997 -0.5111378516247763
997 1032 1.3067156613426052
997 998 -0.4597258030637694
998 1033 -0.6607180869860586
998 999 1.2453732254591816
999 1034 -0.4064053344588045
999 1000 1.4529213858371188
1000 1035 -1.2902444340046004
1000 1001 -0.5773851642853253
1001 1036 -1.3160987110382583
1001 1002 0.9283628183671788
1002 1037 1.9020232062285503
1002 1003 0.016670236557898368
1003 1038 0.3049282679504794
1003 1004 -0.08902421564578085
1004 1039 -0.31596293720598245
1004 1005 -1.0435303718123752
1005 1040 -1.030100524001461
1005 1006 2.017518347095128
1006 1041 0.09175740351237929
1006 1007 -0.5127276479288101
1007 1042 -1.3140597108479464
1007 1008 0.03308529774486834
1008 1043 -0.9076647272392553
1008 1009 -0.4108260021935863
1009 1044 0.624175090403673
1009 1010 0.9902701044973288
1010 1045 3.0811292819129745
1010 1011 0.14050769937047156
1011 1046 -0.05937596970366074
1011 1012 -1.0278307607536425
1012 1047 0.5629118887694406
1012 1013 0.5047548570659673
1013 1048 0.475788024645535
1013 1014 0.5669206483800912
1014 1049 0.20822812035544683
1014 1015 0.8642200644639139
1015 1050 0.5846951712918348
1016 1051 -0.13130732088178101
1016 1017 -0.6027182196596143
1016 1050 -1.021732418735555
1017 1052 -0.8571162094775853
1017 1018 1.4162406889096726
1018 1053 -1.7156897398952817
1018 1019 0.7860105023899037
1019 1054 0.04864701798212609
1019 1020 -1.4153397300721644
1020 1055 -1.6463828032189063
1020 1021 0.2736323106041851
1021 1056 0.823567120630133
1021 1022 -0.21988908440797506
1022 1057 0.9636379696732665
1022 1023 -0.1832715657679793
1023 1058 -0.7990961143451218
1023 1024 -0.07199443580710785
1024 1059 0.5987225590968205
1024 1025 0.4441004867671524
1025 1060 -1.0774630723791996
1025 1026 -0.7707122429202172
1026 1061 1.2713771538210266
1026 1027 -0.7755435732644135
1027 1062 0.9358085130716618
1027 1028 -0.29081931149345747
1028 1063 -0.6661493926030955
1028 1029 0.9178567866884645
1029 1064 0.4448108605656501
1029 1030 -0.7350094542762692
1030 1065 -1.0382239314893629
1030 1031 -0.2545457769825676
1031 1066 -0.5131157807859106
1031 1032 1.0117506489501522
1032 1067 -0.5044612271359862
1032 1033 0.7737172853842733
1033 1068 -0.8305428292537719
1033 1034 0.24140918558397878
1034 1069 -0.0157131343112542
1034 1035 -0.28543525651882284
1035 1070 2.1662483544490208
1035 1036 -0.39155120160801243
1036 1071 0.19247283324514214
1036 1037 -0.8469628297053174
1037 1072 -0.5535680751449287
1037 1038 -1.8046547067860303
1038 1073 -0.27604633630152803
1038 1039 1.0018623960604902
1039 1074 -0.2804123428373882
1039 1040 -0.35433865259160735
1040 1075 -0.6851129394478509
1040 1041 1.1014867867236433
1041 1076 -0.19773680288416934
1041 1042 1.2410789153205175
1042 1077 0.2338828762975972
1042 1043 -1.0158921902447815
1043 1078 0.9473028444244586
1043 1044 -0.026788367011207678
1044 1079 0.07550395475920336
1044 1045 -0.2648310761689844
1045 1080 -0.44134493194750724
1045 1046 0.13027078670964773
1046 1081 0.9295964921104884
1046 1047 -1.3624153929254466
1047 1082 -0.9860447922319507
1047 1048 0.35720879707783176
1048 1083 0.3201056623785486
1048 1049 1.2569074218894323
1049 1084 -0.5255870922460872
1049 1050 1.0773098167057513
1050 1085 0.2940595891619491
1051 1086 0.8522826472619714
1051 1052 0.11146636613134593
1051 1085 -1.2264301034044824
1052 1087 1.7762994215256305
1052 1053 2.0400804089232394
1053 1088 0.40696349513950963
1053 1054 -0.8764418458525652
1054 1089 -0.15613418728629558
1054 1055 0.8224200377611354
1055 1090 -0.1958217575548461
1055 1056 0.31372892516617545
1056 1091 -0.02273341040155509
1056 1057 0.12395379655019181
1057 1092 0.2856971724336152
1057 1058 -1.997655171282396
1058 1093 0.04697362692020355
1058 1059 -0.6857303481356544
1059 1094 1.0293722759021022
1059 1060 -0.9432892517695012
1060 1095 -1.4644213959243986
1060 1061 -1.52857973970688
1061 1096 1.7368107107014377
1061 1062 -0.4990984011207899
1062 1097 -0.7078270556663276
1062 1063 0.8891087266565253
1063 1098 -1.2932071464682087
1063 1064 -0.15577903555097639
1064 1099 -0.035591091054100056
1064 1065 -2.131463882614947
1065 1100 0.4888365763701911
1065 1066 1.1433995546260378
1066 1101 1.195958421972686
1066 1067 -1.3110237087731471
1067 1102 -0.8430130549229613
1067 1068 0.2626414075734344
1068 1103 0.10823284693459262
1068 1069 -0.7320862126651131
1069 1104 0.610584713316644
1069 1070 0.28697266279697736
1070 1105 -0.2781094798978506
1070 1071 0.13080978342044308
1071 1106 1.231416161190253
1071 1072 -1.1372776074498716
1072 1107 -0.863878637172651
1072 1073 0.5943401366866575
1073 1108 0.07993416072694735
1073 1074 -0.8055313038790897
1074 1109 -0.6515217602449804
1074 1075 0.297267210798958
1075 1110 0.5055760103566208
1075 1076 -0.9872743246478936
1076 1111 -0.5690018918878633
1076 1077 -0.8481411509979663
1077 1112 0.4890039606491351
1077 1078 0.5327762280919154
1078 1113 0.41688203051059547
1078 1079 0.6152687920107268
1079 1114 -0.639885031668799
1079 1080 -0.46920318381434295
1080 1115 1.0176804845542642
1080 1081 1.4681104360678838
1081 1116 0.6685925819187294
1081 1082 1.033605568082916
1082 1117 -0.7820906161980468
1082 1083 0.1209910519521445
1083 1118 0.5550470389299935
1083 1084 -0.6632988070273748
1084 1119 -0.9004949266892852
1084 1085 0.25314725115305736
1085 1120 2.1242228149621583
1086 1121 -0.40034215216553964
1086 1087 -0.14582874662205042
1086 1120 0.28074585367073446
1087 1122 -0.39651181986350564
1087 1088 0.9466079595182619
1088 1123 -1.8214229742241832
1088 1089 -0.6940365709220748
1089 1124 1.9574158438382743
1089 1090 1.3047794661410141
1090 1125 -0.13019553632838596
1090 1091 -1.213803304884566
1091 1126 0.20710019442137442
1091 1092 -0.40794933446557546
1092 1127 -0.05859333556532815
1092 1093 -0.5159298977613466
1093 1128 1.8672141695853863
1093 1094 2.819324121793177
1094 1129 1.3147721519628672
1094 1095 -2.1361648054313647
1095 1130 0.04349316160954479
1095 1096 -0.14624933169893253
1096 1131 1.0770825989816692
1096 1097 -0.8190557785751571
1097 1132 -0.08711686255689764
1097 1098 0.11613874265473334
1098 1133 0.41563834377037057
1098 1099 -0.08441109430968448
1099 1134 0.5864742589348048
1099 1100 -1.3242299731556941
1100 1135 -0.8740814207357067
1100 1101 -0.2582338693562178
1101 1136 -0.3571615822796858
1101 1102 -0.5061569869461043
1102 1137 -2.3820169187336138
1102 1103 -0.18004530390671378
1103 1138 -0.625237253277139
1103 1104 -0.6278814398468425
1104 1139 -1.7219721142080189
1104 1105 0.038418909683699154
1105 1140 -0.1820729319763439
1105 1106 1.627635857101818
1106 1141 1.4824474953651847
1106 1107 -0.5120635108412486
1107 1142 1.4866617445160193
1107 1108 -1.2140664771992296
1108 1143 1.179051598230983
1108 1109 1.069120492401049
1109 1144 0.25506204933638577
1109 1110 -0.7843922387063071
1110 1145 -1.6230834222967025
1110 1111 -0.36189737044955267
1111 1146 0.31365839355684527
1111 1112 1.4836322726258027
1112 1147 -0.9390296957691077
1112 1113 -0.5201261001176811
1113 1148 2.8993284802686277
1113 1114 0.029590543699733896
1114 1149 1.5632203046758852
1114 1115 1.569049981529316
1115 1150 -0.8936408547945157
1115 1116 0.295630446846253
1116 1151 -0.23543883073638217
1116 1117 -0.8922549332541194
1117 1152 1.787921545872087
1117 1118 -0.13486333438632273
1118 1153 -0.19843084873232245
1118 1119 1.9949269632335995
1119 1154 -0.09987447092565929
1119 1120 -2.3491823876272266
1120 1155 0.42670255856678707
1121 1156 -0.6522793687021343
1121 1122 1.0009927178715479
1121 1155 -1.6372362790380965
1122 1157 -0.07076224411215487
1122 1123 0.2836963042953111
1123 1158 -0.04764388717473658
1123 1124 0.9624389931634533
1124 1159 -2.2483324483927225
1124 1125 0.24743848665646728
1125 1160 -0.23622693199437816
1125 1126 -1.92414743972258
1126 1161 -1.150946531719722
1126 1127 1.8620687252704982
1127 1162 -0.38441809324439047
1127 1128 -0.1136175319633691
1128 1163 -1.0541686209468835
1128 1129 -2.0226522483404192
1129 1164 1.0082137161765294
1129 1130 -1.685831993419477
1130 1165 0.820073840510008
1130 1131 0.09747285307577859
1131 1166 0.18480932888286702
1131 1132 0.7455046377574042
1132 1167 0.1263015149319602
1132 1133 -0.6879377853501051
1133 1168 1.319413163687152
1133 1134 1.1477106646401938
1134 1169 -0.854712855580782
1134 1135 -0.3349163878345439
1135 1170 0.5271253468895581
1135 1136 -0.9919852290428108
1136 1171 -1.6113717782645613
1136 1137 -0.2230130747862506
1137 1172 -0.59410794228513
1137 1138 2.052920318744025
1138 1173 0.12173074805266815
1138 1139 0.6534804591862761
1139 1174 -1.125464054958661
1139 1140 -0.20947978805022938
1140 1175 -0.8722289828243597
1140 1141 -2.53331193143286
1141 1176 -1.9854100762680842
1141 1142 0.5588879942029796
1142 1177 0.794614804126825
1142 1143 0.5021749685599646
1143 1178 0.3276674454760399
1143 1144 1.2973310831558535
1144 1179 -0.4420180022681013
1144 1145 -0.43712655204548195
1145 1180 0.3813355924764183
1145 1146 0.6254849310304256
1146 1181 -1.3173172313428396
1146 1147 -0.29141577133665053
1147 1182 0.4358756907294242
1147 1148 -0.35868252779342036
1148 1183 1.2820405448573542
1148 1149 0.8301603830567138
1149 1184 -1.100895913368829
1149 1150 -3.116931178558924
1150 1185 -0.2741063568138773
1150 1151 -0.24359216821797905
1151 1186 0.8440190741589376
1151 1152 0.41196771310348346
1152 1187 2.2404224933864705
1152 1153 -2.0046529223972738
1153 1188 0.3127396799070622
1153 1154 0.10886492476606278
1154 1189 -0.4696542053231766
1154 1155 1.075474800967787
1155 1190 0.9482995062801929
1156 1157 1.0587706710322335
1156 1190 -1.1029281368168564
1157 1158 -2.4635043402948202
1158 1159 0.037005023429671546
1159 1160 1.198418750753178
1160 1161 0.9405418396333001
1161 1162 0.9470135662699135
1162 1163 0.501803986755399
1163 1164 0.8509857216248209
1164 1165 0.17394548879591099
1165 1166 0.5551200223824833
1166 1167 0.6748012172243385
1167 1168 -0.9088968501319723
1168 1169 -0.36969851504584406
1169 1170 -0.6619826403029067
1170 1171 0.807324982023951
1171 1172 0.15034730119970044
1172 1173 -0.8213752993511646
1173 1174 -0.21035683548401726
1174 1175 -0.39717453299088934
1175 1176 2.5702212786070944
1176 1177 1.2178693362642101
1177 1178 0.06754570233664216
1178 1179 0.4486360718365234
1179 1180 -0.24829912477273594
1180 1181 -0.1350201145744573
1181 1182 -1.3345229114612558
1182 1183 1.5944400181026879
1183 1184 -0.419015137756066
1184 1185 -0.0037864325596816007
1185 1186 -1.8896885792956248
1186 1187 -0.017090764055941943
1187 1188 -0.1112608150122607
1188 1189 -0.21878144315898584
1189 1190 -0.4351116767910637
