1225 2450
1 36 0.22516234725210324
1 1191 -1.0211823252457717
1 2 1.0569797433587098
1 35 0.9211747793522562
36 71 -0.11422612143012148
36 37 -0.4790662138534427
36 70 -1.024200821223067
1191 1156 -1.3904728160181228
1191 1192 -1.6876290171573485
1191 1225 -0.8082337469056391
2 37 0.12397961320034905
2 1192 0.8409867063662035
2 3 1.2940608717218514
35 34 2.34975518393947
35 70 -0.4093305329608337
35 1225 -0.18768467575769038
37 72 -0.26954108157552775
37 38 -0.6545572098703654
1192 1157 0.31870496005778076
1192 1193 0.6951599927929886
3 38 -0.806901305619015
3 1193 0.8958308827480251
3 4 0.8669298439383475
38 73 0.04130191062104704
38 39 0.08513887048541063
1193 1158 0.7982615671610823
1193 1194 2.4415666876547255
4 39 -0.017542415585243228
4 1194 1.0389521848051007
4 5 -0.25628916261299267
39 74 -0.34980045714653785
39 40 1.0855743614269258
1194 1159 0.32449859128822867
1194 1195 -0.3170608229213986
5 40 -1.2285716632231034
5 1195 -2.1335108694214893
5 6 0.7492340240239733
40 75 -0.5682875258656367
40 41 -0.08580672803806545
1195 1160 0.22652773413728722
1195 1196 -0.7399204663198375
6 41 -0.06257019604590595
6 1196 0.510016380642616
6 7 -0.4128163817723863
41 76 -0.008740179364592805
41 42 -0.918602043887201
1196 1161 -0.7560295548715402
1196 1197 -0.4616399272446309
7 42 1.181422287661198
7 1197 1.4460575229245598
7 8 1.1002268564323514
42 77 0.09577615111470911
42 43 -0.6099070152429885
1197 1162 -1.2326809308096622
1197 1198 -0.7340020354029455
8 43 0.3297483814897863
8 1198 -0.4653958312270414
8 9 -0.5706967283182369
43 78 1.4597381401004936
43 44 -0.93646663884189
1198 1163 0.4560660647203685
1198 1199 1.0034109667659845
9 44 -0.2534072351255979
9 1199 -1.2102128630951603
9 10 -0.7484796181532553
44 79 -0.10078086819158176
44 45 0.44937050296092285
1199 1164 -1.5365204001540644
1199 1200 -0.10490736833438845
10 45 -0.0529328877472363
10 1200 -0.25636420122323017
10 11 -0.10743998281030871
45 80 0.6541098332696157
45 46 -1.3927103700779415
1200 1165 1.898878159017905
1200 1201 0.37203858394382056
11 46 -1.6394274921004863
11 1201 -0.07139228153060506
11 12 -0.4660957724891766
46 81 1.743212448740046
46 47 -1.1128113210519859
1201 1166 -0.7696631393120704
1201 1202 0.27116915674719966
12 47 -0.31630193365102444
12 1202 -0.04131490412656861
12 13 2.183921674697455
47 82 -1.1853491481685445
47 48 0.9774067729392625
1202 1167 1.3358513689560163
1202 1203 -0.46100217086348383
13 48 -0.46616347085538296
13 1203 -0.15796500374387348
13 14 -0.6992145510620889
48 83 -1.9173796123617823
48 49 -0.032556562158222974
1203 1168 -0.38715159048531983
1203 1204 0.8469332397594527
14 49 -1.2049526653441525
14 1204 -0.7558759440656536
14 15 -1.119786487340373
49 84 -0.6060707526106736
49 50 1.8473811086044962
1204 1169 -0.7028856648604328
1204 1205 0.603010842237383
15 50 -1.401381445751034
15 1205 0.6296561067168257
15 16 -0.40442886612075346
50 85 0.38027848052910534
50 51 1.2717444581132993
1205 1170 -0.6714653434963156
1205 1206 0.8979184265104222
16 51 0.7705074545457452
16 1206 1.4849023128272585
16 17 0.7522723635651245
51 86 1.4915878890766792
51 52 0.9274660657565476
1206 1171 0.25391257002456386
1206 1207 -0.32082009035197334
17 52 -1.3307138682821908
17 1207 -0.1264960241081896
17 18 -1.6970308204032767
52 87 -0.2921276199912755
52 53 1.2203831942393308
1207 1172 -0.8009616771012346
1207 1208 -0.16568166738879395
18 53 1.7526761743126522
18 1208 -0.5906094830968874
18 19 -0.37957308441810816
53 88 -0.19713070962615295
53 54 -0.8593829220667475
1208 1173 0.7490192652707943
1208 1209 -0.015131085747314985
19 54 1.048747342942467
19 1209 -0.20166287769191885
19 20 1.0958377394615393
54 89 0.5351363818615184
54 55 -0.8403841688852457
1209 1174 0.3554106301033246
1209 1210 2.135347214965889
20 55 -1.8470758938714076
20 1210 -0.26663168988935687
20 21 -0.901191354549548
55 90 2.1202322394305964
55 56 -0.05427054925045774
1210 1175 0.29746034643482433
1210 1211 0.4038045938498062
21 56 -1.20078793976778
21 1211 0.09699038791989405
21 22 1.811965291369587
56 91 0.7915161126421077
56 57 -0.4621418774205976
1211 1176 0.07158148172224585
1211 1212 -1.2652391267739156
22 57 0.47496257207432285
22 1212 1.5321927962471191
22 23 -1.8109744126256786
57 92 -0.5442129465325847
57 58 1.3544542140073181
1212 1177 -0.32604118543017724
1212 1213 0.420173939093164
23 58 -0.8493969887725383
23 1213 -1.7597070552346756
23 24 -0.13256610261063534
58 93 0.15796933879739344
58 59 0.17357195020016916
1213 1178 -0.6689893456668246
1213 1214 0.5216467189112222
24 59 0.1390187207087456
24 1214 0.012557305580529513
24 25 0.1395567846576898
59 94 0.0645169965025159
59 60 -0.5973045288613462
1214 1179 0.7233798342615844
1214 1215 0.48834811451818927
25 60 -1.128141063369153
25 1215 -1.1478260369510975
25 26 0.09540830464827965
60 95 0.7462749373961253
60 61 1.3857998111206977
1215 1180 0.3433245695072642
1215 1216 0.2779860504735728
26 61 -0.5349164673916351
26 1216 0.2695589786163084
26 27 0.1128203565642478
61 96 -0.536695818244412
61 62 0.8813612899187938
1216 1181 -1.1073540022998605
1216 1217 0.04359290909971956
27 62 -1.3665839439700116
27 1217 -1.2213044099987558
27 28 0.6201199886047034
62 97 0.2791970954826035
62 63 -0.40831052583294913
1217 1182 0.052310496277608295
1217 1218 -1.3011552983410273
28 63 -0.22261900816588234
28 1218 -0.4061127077955946
28 29 1.0526169990193455
63 98 0.38088605144309
63 64 1.0138012257640967
1218 1183 -0.4939682528969173
1218 1219 -0.1556527432018864
29 64 -0.43336586582865744
29 1219 0.3091381679450475
29 30 -1.1015411777949309
64 99 -1.4540112468590565
64 65 -0.36320660727239956
1219 1184 -0.5101035432167573
1219 1220 0.6215662233707966
30 65 -0.6817229277029336
30 1220 -0.19423249098039094
30 31 0.40570115529992545
65 100 0.43496828075580907
65 66 -1.4848662931028305
1220 1185 0.525389736727325
1220 1221 0.39476409082164204
31 66 0.6228752270871792
31 1221 0.3286948966930513
31 32 1.411357467742394
66 101 0.6312278554545128
66 67 -1.5007726090149494
1221 1186 -0.44419463697691647
1221 1222 -0.5078391630839343
32 67 -0.12593639990334698
32 1222 0.3603907912112796
32 33 0.17471000947303184
67 102 -0.4544927635795147
67 68 1.338720754723006
1222 1187 -0.5768986136390963
1222 1223 -0.6888856082879898
33 68 1.4736975734407387
33 1223 0.07368050893689307
33 34 -0.5691740230953436
68 103 -0.8629221038138459
68 69 -1.8094982136400861
1223 1188 0.21429241971074173
1223 1224 1.1285058442355531
34 69 -1.739907468663862
34 1224 1.985300884739769
69 104 1.1389174770686095
69 70 -1.0860921428309667
1224 1189 0.16487603207160118
1224 1225 0.6229490902106866
70 105 -0.04887553380577365
1225 1190 0.2211174035787358
71 106 1.0514840203785645
71 72 -0.2279808510304252
71 105 0.363315385122703
72 107 0.443789580300555
72 73 -0.11495626002279734
73 108 -0.8242937990245961
73 74 0.7930100011088456
74 109 0.16908371925718788
74 75 -1.83246876248027
75 110 -0.3567639823879844
75 76 0.22708611439653834
76 111 0.6084664226658355
76 77 0.4597249653045732
77 112 -0.3687834228389746
77 78 -0.04581804408644694
78 113 0.6355584663782599
78 79 -0.16361262334917787
79 114 -0.5915657780825592
79 80 -0.9224905289366704
80 115 -1.1662973085258168
80 81 -0.7877378221712492
81 116 -0.41615757509552964
81 82 -0.36383705718624765
82 117 0.7331829867795067
82 83 -1.649921931995969
83 118 -0.9783342806979629
83 84 1.2122979956162439
84 119 -0.10703301800176618
84 85 0.769841090160854
85 120 0.9336336689381339
85 86 -0.11305334620485544
86 121 -1.3446981326020786
86 87 0.15526773933960916
87 122 1.7815436525874209
87 88 -1.0802874830643274
88 123 0.8533959874184209
88 89 0.09763064026790556
89 124 -1.587086508045343
89 90 -0.5582653080516496
90 125 -0.4905033284728086
90 91 0.3458991219516299
91 126 1.2205306337531456
91 92 -1.6390470860277804
92 127 1.358436321945294
92 93 0.04762689195767811
93 128 -0.12355926901654804
93 94 0.5098517071750486
94 129 1.1006214087719755
94 95 3.1338025787229014
95 130 0.30364691541252914
95 96 -1.611193336090889
96 131 -1.1057407532821868
96 97 0.632723787744698
97 132 0.7081220462288899
97 98 -0.11893649900949116
98 133 0.4593274374259848
98 99 -0.45565511389497804
99 134 0.5435608867245286
99 100 0.013564058882147732
100 135 1.2415255828346146
100 101 0.4799430762389686
101 136 0.3767358607667762
101 102 0.8861977591973343
102 137 2.8959353158024186
102 103 -1.9086001266936736
103 138 0.7424558427161766
103 104 1.6382211454255067
104 139 -1.257144391621287
104 105 -0.36145726206698336
105 140 -0.17943145869271712
106 141 0.07039197326351306
106 107 -0.09129967379385691
106 140 -0.33225853813493167
107 142 2.4916199745769037
107 108 -0.8818054285588091
108 143 0.8734380142354116
108 109 -0.16286139331351962
109 144 -0.7318902492423136
109 110 0.45436366148452195
110 145 0.658838810891715
110 111 0.35544411135887716
111 146 2.1062070033506792
111 112 0.06226169150218816
112 147 0.3558738442226435
112 113 -0.09861136264659935
113 148 0.9114463633285771
113 114 -1.0166802241506443
114 149 0.7825574104916305
114 115 -1.1447458412813316
115 150 -0.49444840806256074
115 116 0.04444263863452293
116 151 -1.5720910487865762
116 117 0.02426982449755753
117 152 -1.4243222558640183
117 118 -0.557790751892739
118 153 -0.015603200907372286
118 119 0.4637809542998016
119 154 0.17288707006391038
119 120 0.033813980626414365
120 155 1.9473035556102702
120 121 1.080202881030448
121 156 1.049719807432419
121 122 0.2516113802790918
122 157 0.7521522871932159
122 123 1.0828186347374325
123 158 -1.0222649215115907
123 124 0.26857706815288585
124 159 0.5366580461066223
124 125 1.1487634283116899
125 160 -0.4281628863645443
125 126 0.013953642601447085
126 161 0.1217341387733463
126 127 -0.886874009804426
127 162 0.12946149754929773
127 128 1.0697579010358405
128 163 0.3939152072083948
128 129 -0.9020482503261206
129 164 0.7006774419052312
129 130 0.11100280323506154
130 165 0.028587134124288722
130 131 -0.40631063173773635
131 166 1.4807841168379343
131 132 -0.9134896513273346
132 167 -1.269388014399294
132 133 1.2993621851182808
133 168 -0.42690573043987734
133 134 1.077761215485923
134 169 0.48183260017175117
134 135 -0.11092074092262526
135 170 -0.2575022090065497
135 136 0.9912055415857649
136 171 -0.3531214334251835
136 137 -0.7865522491947962
137 172 -0.16395412033525839
137 138 2.1059561824296864
138 173 -0.31675065066867125
138 139 -0.14263943022867406
139 174 0.9684818479510313
139 140 0.3517058710391461
140 175 2.1224137707667774
141 176 -0.16731505347126457
141 142 1.197852474352944
141 175 -1.3930145077106273
142 177 -0.33639882981113595
142 143 -0.7796619784715194
143 178 -1.2433907080971387
143 144 -0.613538135235595
144 179 0.2558482513373932
144 145 0.901339348240429
145 180 0.028039934978548054
145 146 1.214727206300974
146 181 1.6457721622748442
146 147 1.3973181628311042
147 182 1.0326885035741258
147 148 -0.7093237091491493
148 183 -0.39970450099386556
148 149 0.33903181111454167
149 184 -1.6105150820384555
149 150 -0.8221597167912587
150 185 0.1459132977432571
150 151 -0.9885339118774435
151 186 2.0873120100798843
151 152 -0.22514419945312225
152 187 0.8027210139242711
152 153 0.8121108839266405
153 188 0.05588592046974413
153 154 0.23661002176976342
154 189 0.48954548650933327
154 155 -0.493556201754006
155 190 1.8658477778410167
155 156 -0.18282643222515527
156 191 -1.1983678428057458
156 157 0.3017769432635598
157 192 -1.3783897837946464
157 158 -0.1929012518502266
158 193 -1.4994738913483434
158 159 -0.5477529728995162
159 194 0.9666709689104763
159 160 -0.6223393201618217
160 195 0.36212561482835554
160 161 -0.8978727709026416
161 196 -1.2793818594693047
161 162 -1.12128278112085
162 197 0.3015838022728216
162 163 -0.4456821715942132
163 198 -1.5498349763689292
163 164 -0.570741639571852
164 199 -0.2782766297387611
164 165 -1.4924060358341416
165 200 -1.4921056009589964
165 166 0.4878639622568604
166 201 -1.9995627505937612
166 167 -0.03579516483654344
167 202 -0.18286240157911213
167 168 -0.16232188499646238
168 203 -1.4115510723531872
168 169 -0.9885858214258371
169 204 0.03997671539050775
169 170 0.7383481083867092
170 205 0.34086600574709
170 171 0.3619524680734804
171 206 -0.013513742985381681
171 172 1.2320269813878384
172 207 -0.7309838439760997
172 173 -0.9322612333462523
173 208 -1.3981883552324954
173 174 0.21130541220179555
174 209 -1.6430669841893184
174 175 2.356543840063245
175 210 -0.6806798516381639
176 211 -0.2721331361920786
176 177 0.19506113989597296
176 210 0.3861091727661577
177 212 0.49659713252933424
177 178 1.2018621323002212
178 213 0.5753250759775971
178 179 0.2877232496309064
179 214 -1.193725198831592
179 180 -1.7614330697477645
180 215 0.5699096871211023
180 181 -0.46649114133642217
181 216 -0.02810376805501674
181 182 1.266104354809975
182 217 -0.054927112939346025
182 183 -0.7480525151554243
183 218 1.04806608513795
183 184 0.41636066792518617
184 219 0.35462845534269005
184 185 -1.2487850751584537
185 220 -0.7813050400353846
185 186 1.2917004558680023
186 221 -0.9763007782273336
186 187 -0.5011235742268929
187 222 0.9120615609945135
187 188 -0.03502999157489077
188 223 -1.4398069118662253
188 189 -0.3469150338781419
189 224 0.3746874356924661
189 190 0.12874164339821154
190 225 0.24404659384902277
190 191 0.22189238826753518
191 226 -0.8892617858171541
191 192 1.3049988222557154
192 227 0.14030858169425287
192 193 -1.2064520324271208
193 228 -0.42884290577203277
193 194 -0.30774134600462605
194 229 -0.6738444485332105
194 195 -0.348367174312639
195 230 -1.7707091443823173
195 196 0.197785322352327
196 231 1.2515590946750108
196 197 -0.6700920261949691
197 232 -1.4935080446529156
197 198 0.27030792478952054
198 233 -0.33649533411348204
198 199 0.17555219629427182
199 234 -0.6579547887437921
199 200 0.3038802084638476
200 235 1.4055264011483724
200 201 1.6016130447820731
201 236 -0.792445053833421
201 202 0.5012481500852732
202 237 0.2428364236998264
202 203 1.1828722882441234
203 238 0.768624471204652
203 204 0.6043825415382046
204 239 1.4511020634226592
204 205 1.173397038448524
205 240 -1.8551551541576288
205 206 -0.26626894794437245
206 241 -0.0870304518630305
206 207 -1.1878694387711235
207 242 -1.3881424123650645
207 208 -0.8453901122618559
208 243 -1.4137796491005241
208 209 0.3652460925296941
209 244 -0.8051421142025558
209 210 0.36818762332292787
210 245 -0.0745273690304492
211 246 0.15043537632061454
211 212 -2.313271298614839
211 245 0.1819856150655235
212 247 0.11574848966487482
212 213 0.18880063577006745
213 248 -0.752334339020764
213 214 -0.08646909338110637
214 249 0.7919078810418108
214 215 -1.014046059348822
215 250 -0.9350713476826641
215 216 -1.4597104055471513
216 251 0.3502619816106893
216 217 -0.0196102138297718
217 252 -0.051949166748043576
217 218 0.9233322434184438
218 253 -0.07610144806451298
218 219 -1.4223298477137813
219 254 1.0823667141683422
219 220 -1.6797328363715045
220 255 0.6796271751779565
220 221 1.478670073919277
221 256 1.6725536905353218
221 222 -0.9142316454925139
222 257 0.20059552161091773
222 223 -0.9111320243440194
223 258 0.9397020656323303
223 224 -0.12827965434749866
224 259 1.70610059652246
224 225 0.2487388164951682
225 260 -0.9048892507761709
225 226 -0.24141975145837785
226 261 0.7869036542115069
226 227 -0.24314156338018908
227 262 0.5739037965474625
227 228 -0.21230520504074932
228 263 -0.46422390308495565
228 229 0.13453766926409172
229 264 -0.2889574252457653
229 230 -0.7720127206275366
230 265 -0.9782212433795308
230 231 -1.7923498559225624
231 266 0.10952656988002299
231 232 0.3339211498843826
232 267 1.7823574253881849
232 233 0.9078193727950209
233 268 0.16353754214189511
233 234 -0.36163148459941774
234 269 -0.2893466182356132
234 235 -1.6018381457541775
235 270 -0.368974028666623
235 236 0.8040008724949828
236 271 2.528711368691625
236 237 -0.5387175521050894
237 272 1.1641076314187937
237 238 0.3138862506175278
238 273 -0.23064026463547332
238 239 -0.9261842284606759
239 274 0.9813340642147322
239 240 -0.46230023669119324
240 275 -0.3399266574723181
240 241 -0.021941497489956698
241 276 0.1207296212555018
241 242 -0.2943280533103264
242 277 -1.2787158133413743
242 243 -0.5075572356712421
243 278 1.374602198710368
243 244 0.40989920804084173
244 279 1.7308588109271108
244 245 -2.1682391376133543
245 280 -1.0075549681507752
246 281 -1.6753376438166983
246 247 -0.8330202978185607
246 280 0.8791003198029144
247 282 0.5968564011467027
247 248 -0.5718712475464539
248 283 1.1009167666773323
248 249 -0.006005918704870774
249 284 1.2843258485233457
249 250 0.6176621381943159
250 285 1.4148166666916864
250 251 0.09055883417166756
251 286 0.41614258593029985
251 252 -1.373044538490697
252 287 2.0864009046326406
252 253 0.11802306328947489
253 288 -0.020031215986935372
253 254 0.5152860349979863
254 289 0.9839391598496781
254 255 -0.35309152971490415
255 290 -0.9060176486146397
255 256 1.5929157344047753
256 291 -1.635491227111559
256 257 -0.36934757788530415
257 292 1.3853639716675474
257 258 0.609500993470842
258 293 0.4008922638715516
258 259 -1.7681972305649498
259 294 -0.9241816516349852
259 260 2.923235494901147
260 295 -0.8774291620272638
260 261 0.2560920900962602
261 296 -1.8048351436353274
261 262 0.5473116607994007
262 297 -0.6654264747050248
262 263 -0.0026685316567552075
263 298 2.7163287994073535
263 264 0.6652528523965193
264 299 -0.10297834232299874
264 265 0.7876324271666008
265 300 0.36558295593372286
265 266 0.38434336139034714
266 301 -1.5070479059159003
266 267 0.6943146018424847
267 302 -0.7926869451817167
267 268 0.12746446915633147
268 303 -1.9468564801467634
268 269 -1.1012574047240884
269 304 -1.0776608990601595
269 270 1.6089390854224441
270 305 0.835330381617553
270 271 0.7279303540503632
271 306 -0.3926471339086789
271 272 1.519839313690238
272 307 0.5912039805398216
272 273 0.09376499175756027
273 308 1.3859431808835516
273 274 -0.6720092523793844
274 309 -0.10516908146052807
274 275 -0.1404013592012681
275 310 0.4232038932892039
275 276 -0.050898091108619016
276 311 1.1369807716223084
276 277 -0.7452322282333556
277 312 0.516850703859483
277 278 0.014221834582966044
278 313 -0.7334574809252832
278 279 1.4685251167839264
279 314 0.620815314413992
279 280 0.06843351402790378
280 315 -1.1118029932636195
281 316 -0.7598990237249166
281 282 0.6081951097391972
281 315 -1.150616556754497
282 317 -0.5549556757536439
282 283 1.0054128833567764
283 318 -0.004896086539235422
283 284 -0.18991067687352015
284 319 0.2564391732808302
284 285 -2.0442906229136986
285 320 -0.4159323836745109
285 286 0.7364317874399022
286 321 -0.4544224491580938
286 287 0.5847027921007727
287 322 0.41380075463039767
287 288 -0.23244467899540394
288 323 -2.5288176294798763
288 289 -0.04290655821972316
289 324 1.0232564939906044
289 290 -0.45273801141847725
290 325 0.4606483029296087
290 291 -1.3947986756584347
291 326 0.4334481142411461
291 292 0.21860110237671915
292 327 0.3921007991837637
292 293 0.2284559821740985
293 328 1.7907828759855993
293 294 -0.2081527379494014
294 329 -0.560752559136203
294 295 -0.9792462855506637
295 330 -1.0009713963164264
295 296 1.665414816007116
296 331 -1.3664927610534119
296 297 -1.4876435029701918
297 332 -0.6637630725779835
297 298 0.5330329159256647
298 333 -0.5584038203974082
298 299 -2.1992903331861804
299 334 1.174075821889048
299 300 0.2454529774627757
300 335 0.5316494746693661
300 301 -1.662481348013777
301 336 -0.1759760441824661
301 302 1.4014634336781973
302 337 0.1707069385251748
302 303 0.8194430310004406
303 338 0.21926803576081336
303 304 2.0992868525501933
304 339 -0.3060068867758334
304 305 -0.20841354223164765
305 340 -0.6913679749739073
305 306 -0.7734681786140242
306 341 0.9836532779592176
306 307 -0.8444030701355648
307 342 -0.22255567410745317
307 308 -0.2196258566913728
308 343 1.7913539190865155
308 309 -1.6468642203598378
309 344 -1.1874607919283966
309 310 0.16782972722595813
310 345 1.1505570875922264
310 311 1.3120730280182893
311 346 0.2816344745531079
311 312 -0.23409159573399893
312 347 -0.17964201755261766
312 313 0.5588270623739668
313 348 0.5319001849792752
313 314 2.462113547075006
314 349 -1.628394789936248
314 315 -1.540915886160703
315 350 0.11355508901913475
316 351 1.8242436732956622
316 317 0.4892714928024142
316 350 2.382537089438236
317 352 -0.7723117813372938
317 318 -0.19448027782158592
318 353 -0.14993204237910293
318 319 0.21722940730098786
319 354 -0.4473719381284259
319 320 0.4049737896476481
320 355 -0.2244143645205283
320 321 -0.12877704895540548
321 356 -1.362214538806585
321 322 -1.1472521673956049
322 357 1.8196680400838798
322 323 -0.14455220784283834
323 358 0.23395040307862766
323 324 -1.1281530852798982
324 359 0.35933905705588504
324 325 0.4997925535992644
325 360 -1.1766372033795471
325 326 0.20848576206165362
326 361 -0.2974158397885109
326 327 -0.32400582736492645
327 362 0.944428375497544
327 328 -0.37250876046362524
328 363 -0.020412327988633933
328 329 0.6003146327593538
329 364 -0.380712199283442
329 330 1.46742753214767
330 365 -1.704038543021696
330 331 0.03923307548601038
331 366 0.19629230241782686
331 332 -0.8030942855727633
332 367 -0.8611833007023597
332 333 0.20951332391098162
333 368 1.7876474950535002
333 334 0.05817313753963658
334 369 -0.4030515075497976
334 335 2.8414572731427756
335 370 0.8783615169794448
335 336 1.0445793911545547
336 371 0.33371291455258106
336 337 -2.16175078269249
337 372 -0.32269280285586166
337 338 0.1465338437001969
338 373 1.3180338383845256
338 339 1.405999101242832
339 374 0.5033851574481714
339 340 0.047280612931106226
340 375 -0.7410956489529947
340 341 0.12966584277575838
341 376 -1.303303459158802
341 342 0.4327398451691946
342 377 -0.70883333141512
342 343 0.3214536943217475
343 378 0.36199431650475034
343 344 0.5772820791423187
344 379 -0.4017382583142284
344 345 -0.10794314311335464
345 380 -1.3566062459205321
345 346 -0.7421186913717003
346 381 0.0983104585816784
346 347 -0.9759543446245197
347 382 2.466593371232725
347 348 1.0850032186292624
348 383 -0.11466306134050962
348 349 -1.4476380484291387
349 384 -1.258805432323116
349 350 -0.525069842385614
350 385 -0.019616435797909903
351 386 -0.41917541232235317
351 352 -1.0547524428317703
351 385 0.5673483676044658
352 387 2.494318735952044
352 353 -0.8959727983993476
353 388 2.008538664208893
353 354 -1.721596399073264
354 389 0.9240681370717215
354 355 1.3742586471142408
355 390 1.6206609228639604
355 356 0.6341074554609274
356 391 0.5608412806535156
356 357 -0.3718802563983856
357 392 -0.2809612286083366
357 358 2.713702686640972
358 393 -0.04365654184868382
358 359 -0.9030529535475749
359 394 -0.8085361855714815
359 360 -1.5619626996265168
360 395 0.6050754961660749
360 361 0.5608297980673517
361 396 -0.7175615582614667
361 362 -0.11292484527589759
362 397 0.11979535546239356
362 363 0.06503685408580939
363 398 -0.5913331667529267
363 364 -0.9491447446457437
364 399 -0.6394276516473337
364 365 -0.13123035204893901
365 400 0.6091367463434723
365 366 -0.28074939118589176
366 401 -0.10716365475507499
366 367 -1.4623142243413572
367 402 -0.1906484575913936
367 368 -0.47422874538495374
368 403 -0.0666315161723716
368 369 0.04869843892983392
369 404 0.10423560576763337
369 370 0.4389687924442245
370 405 -2.1219347887899134
370 371 0.5257297006964997
371 406 1.4439009598444088
371 372 2.04679303116508
372 407 0.5358457864250953
372 373 0.19181119575591035
373 408 -1.3188734896338175
373 374 -1.354914574596193
374 409 0.7221738835793629
374 375 0.6498100767849977
375 410 0.1666042809548038
375 376 -0.12411997122190678
376 411 -0.17693813159688976
376 377 -0.7752365122322417
377 412 0.9972711840975386
377 378 1.1368891701272617
378 413 1.1262181525448316
378 379 -1.4956328271566566
379 414 -1.0901460597727015
379 380 0.8267434730251055
380 415 0.16630384205626714
380 381 1.8972621184367628
381 416 -0.579754160510833
381 382 0.9422037304855359
382 417 -1.0946858714304513
382 383 0.037497388487252245
383 418 1.2214216873410335
383 384 -1.830957100372957
384 419 0.5596168574498298
384 385 1.3065829101629738
385 420 1.1834652060370519
386 421 -1.048953039458939
386 387 -0.10055452118698319
386 420 -0.17431822474331524
387 422 1.056892871720238
387 388 -0.5014690256133784
388 423 1.5671457888765594
388 389 0.7857473714609053
389 424 0.16370200862722953
389 390 -0.23341942496499812
390 425 0.5772733375334557
390 391 1.1729901385880384
391 426 0.1518576734992855
391 392 -0.2850793371791123
392 427 0.6217980271921596
392 393 0.9723877407616656
393 428 1.2807798110358068
393 394 0.5146196538852658
394 429 -1.1747910050739854
394 395 0.9940839477749587
395 430 -0.9286278886760645
395 396 -1.1017961543270647
396 431 0.07052982319350241
396 397 0.5134053200860907
397 432 0.8711885640643772
397 398 0.19502149207702604
398 433 0.7591505607275193
398 399 0.022538203489406376
399 434 1.5111164628588991
399 400 -1.125218513392226
400 435 -0.6917185511890874
400 401 -1.5538453951779965
401 436 -1.4864860350606854
401 402 -0.9634352247728013
402 437 0.2599477632420348
402 403 0.24314633388290235
403 438 0.25363840368085355
403 404 -1.2449595298691225
404 439 0.5000074150359537
404 405 -0.4531646841256021
405 440 -0.13246742169248846
405 406 -1.0194737323683636
406 441 -0.9593792626369458
406 407 -0.9148117807942368
407 442 1.0882965577969672
407 408 0.10622495558684489
408 443 -1.6271530297992562
408 409 -0.5148905624403125
409 444 -0.11088048092732786
409 410 0.1621628159125516
410 445 -0.9992199629040497
410 411 -0.09678516436139714
411 446 -1.078036563105083
411 412 1.1754868024611533
412 447 0.8870215471859609
412 413 -0.056572625609469004
413 448 0.02592934196441004
413 414 0.2170475899759468
414 449 -0.894838309291708
414 415 0.5518309758598584
415 450 -0.9609281539955864
415 416 -0.27965578688727366
416 451 -0.4155464831520156
416 417 -0.35164011024343655
417 452 0.42986684568689265
417 418 -0.47909007730553577
418 453 1.157299119257837
418 419 -0.5128670066993181
419 454 -0.15953673591521794
419 420 0.5251999566373801
420 455 0.08403901785410743
421 456 -0.04122952308945779
421 422 -0.5787008544949017
421 455 0.021195951093482303
422 457 1.960071960452533
422 423 1.9147794544968606
423 458 -0.7173746548443278
423 424 -0.7571417670080962
424 459 0.6070162572369527
424 425 -0.10232356622937189
425 460 0.4895565797498459
425 426 0.18132489030119636
426 461 -1.5329400422648212
426 427 -0.235819487245295
427 462 0.8045532036657961
427 428 0.015369886966679246
428 463 -1.1858800458269894
428 429 -0.8014191926649513
429 464 1.873275659951605
429 430 0.9017662308592089
430 465 0.16073910514822118
430 431 -0.9712242971847699
431 466 -0.5942129615480566
431 432 1.858947545526333
432 467 -0.5888171955929901
432 433 -1.1554455708795561
433 468 0.854124373220749
433 434 0.8615764294020826
434 469 0.17585869354975997
434 435 -1.9204882344276029
435 470 1.8061216871239751
435 436 -0.530727131497771
436 471 -0.6996219745281014
436 437 0.31588725245315413
437 472 0.41606044436708894
437 438 -1.7974127890174005
438 473 -0.05735454236367902
438 439 -0.4314782884628301
439 474 0.6412186488744319
439 440 0.8092678903334959
440 475 1.4042822542290614
440 441 0.18760602933912088
441 476 -0.30535662471363506
441 442 1.5298988552867587
442 477 -0.725596917604493
442 443 1.0608597091963647
443 478 -2.861492381886552
443 444 0.6677615679857837
444 479 -0.6553150266118023
444 445 -0.6286983473263438
445 480 0.9828446617053632
445 446 -2.339840139227974
446 481 -0.3525506931115273
446 447 -0.1125651200634773
447 482 0.5039960535216895
447 448 -0.6851762678861562
448 483 1.0134919638000306
448 449 0.9898280908385704
449 484 -0.0691958436957652
449 450 0.9540599498874384
450 485 -0.8304373246820238
450 451 0.7394456480999063
451 486 0.11915060850417254
451 452 -0.6365346688343922
452 487 -0.24140285484146726
452 453 -0.2721166478597541
453 488 1.279752368735229
453 454 -0.0908900477822092
454 489 -0.25311714624316434
454 455 0.271214985528812
455 490 1.37413817755029
456 491 0.1760586091803474
456 457 -1.741546487191803
456 490 -1.0872369269481623
457 492 0.006899956710013533
457 458 1.0842300975300885
458 493 0.7445270851832932
458 459 -1.088996675946649
459 494 1.2240422107324243
459 460 -0.3111662278610519
460 495 -2.0903374144377938
460 461 -0.16379308346676788
461 496 -0.1832973941090967
461 462 0.25134848892138356
462 497 0.6365015182840742
462 463 0.5114641914969188
463 498 -1.2351405274877747
463 464 0.9697799993631706
464 499 0.3103755865278153
464 465 0.9584886906646206
465 500 1.343230638528847
465 466 0.7935207020877917
466 501 0.0004804064497413434
466 467 1.1246890151587008
467 502 2.4130888048112724
467 468 0.8318302066505162
468 503 -0.6730876592787879
468 469 0.21114665175973993
469 504 -0.6517081094548423
469 470 0.4718249029894265
470 505 1.3309755872543736
470 471 1.2765809381942912
471 506 -0.19577092737477747
471 472 0.25065420253386883
472 507 0.2211292395370831
472 473 -1.8075139473727693
473 508 -0.183938706047742
473 474 -0.3354868991580764
474 509 -1.4787232594331758
474 475 0.6676122729375258
475 510 -0.6662455319349397
475 476 -0.14165101200086308
476 511 -1.6201123423394719
476 477 0.9915832041398575
477 512 0.04136062020542414
477 478 -1.1970178826867042
478 513 -0.17071469130515537
478 479 -0.45854833829699565
479 514 -0.4817237313608497
479 480 1.3605883878485843
480 515 -0.057289523072499494
480 481 -0.4642039896201274
481 516 1.8036016422919992
481 482 0.48540403184996017
482 517 0.352117983432789
482 483 0.26980961463334663
483 518 0.971178230696834
483 484 -0.4007418590450081
484 519 -1.2325539999387967
484 485 -1.1536936897290726
485 520 0.9756651691824738
485 486 -0.26521981186753163
486 521 0.2549720394285747
486 487 0.5192039045817207
487 522 -1.6068868532923752
487 488 -2.729224100174229
488 523 0.8577339208370933
488 489 0.9777503613824365
489 524 -0.8675352064136277
489 490 0.15938090628963802
490 525 -0.7409801743518349
491 526 -0.2332040687687722
491 492 0.13535749106730824
491 525 0.8820212253441981
492 527 1.197544784242809
492 493 -0.8031434783359128
493 528 0.67312711029721
493 494 -1.7243090299044312
494 529 0.17823382158370327
494 495 -0.5681633815636036
495 530 -0.32897993638742307
495 496 0.9163382582244206
496 531 -0.1301078840896842
496 497 0.1633003367292181
497 532 -0.3794239671649434
497 498 0.7648716870917706
498 533 1.0855184177300552
498 499 0.5152506714369222
499 534 1.1400506712830183
499 500 -1.1273719734697953
500 535 -0.8456468623020639
500 501 -2.0093967255190663
501 536 -0.3658026600969453
501 502 1.487089594961548
502 537 0.14210638049205174
502 503 -0.159260787836881
503 538 0.3100103729813888
503 504 0.7652568965865921
504 539 1.7826206369303708
504 505 -0.5789973484085954
505 540 -1.8466590404620467
505 506 0.6849789866032354
506 541 0.5494678474497883
506 507 -1.350178235864567
507 542 0.2264874708725548
507 508 0.37991464026968275
508 543 -0.88118479881567
508 509 -0.2539093222276555
509 544 1.7741054881503269
509 510 -0.4864257714012995
510 545 -0.025804648764994248
510 511 -0.49318944355940636
511 546 0.31687021694778306
511 512 0.5224762369212963
512 547 0.043619812781585596
512 513 1.177123034914305
513 548 1.1435278994770266
513 514 1.0695520059448935
514 549 -1.0401808964158883
514 515 0.2284584923822441
515 550 -0.5782527299230588
515 516 1.4835170771379502
516 551 1.2155124868255343
516 517 -0.5629993592291732
517 552 0.2289936111755583
517 518 -0.48651579785271387
518 553 0.38959457849872936
518 519 1.1296348728549148
519 554 -1.0599299920022662
519 520 0.7037215528273661
520 555 -0.16495705035207361
520 521 1.093881541763424
521 556 -0.5625009861660698
521 522 0.8582537650553952
522 557 -2.1420847555906217
522 523 0.8227338457120806
523 558 -1.8620405030955476
523 524 1.376076809239216
524 559 -0.1690403752886835
524 525 1.7655974959937653
525 560 0.3902681978745365
526 561 1.3377032943193339
526 527 -1.0057657053040938
526 560 -0.03935141149151114
527 562 1.0518500622840172
527 528 0.6938437250816482
528 563 0.8985179476526405
528 529 1.5998479725199657
529 564 1.5872030184095938
529 530 -0.9573385938006895
530 565 0.3406812652305006
530 531 1.2343085922816321
531 566 -0.6971429618789979
531 532 1.3019118118872737
532 567 0.8980304443964244
532 533 -0.24667206289435042
533 568 -0.20727924508348503
533 534 0.4962188146232636
534 569 -0.3565066810318899
534 535 1.6955767580457537
535 570 1.131236777771322
535 536 -1.7531411871044231
536 571 0.47135672110836474
536 537 -0.8200471154018552
537 572 -0.635303316678457
537 538 -1.1932036546029554
538 573 0.9089163551465184
538 539 1.2932100711372048
539 574 -0.7870169566118314
539 540 0.9566166146730306
540 575 -0.02515765646425356
540 541 0.8087377914523317
541 576 -1.7668679401387812
541 542 0.5775713254838665
542 577 0.14730599607947997
542 543 0.23128622133889357
543 578 2.261624484956601
543 544 1.3825672026188516
544 579 0.5141614613971726
544 545 -0.26608807627304293
545 580 -0.6461286478263456
545 546 -1.4690653213209033
546 581 -0.11224487980885475
546 547 1.1352552487531606
547 582 -2.0369356805672862
547 548 0.6254864747213311
548 583 1.7533452813028996
548 549 -0.5934839317128456
549 584 -0.011971254081995108
549 550 -1.7355141999477723
550 585 0.028781835648303836
550 551 0.30762992536763667
551 586 -0.27706120000937257
551 552 0.5654811937657331
552 587 -0.76238452200777
552 553 -0.16415648362701243
553 588 -0.10723033291762973
553 554 0.28450311983452203
554 589 0.8229329949260644
554 555 -0.19309244802184058
555 590 0.5330436844202532
555 556 0.2839023937836075
556 591 1.5679792694746162
556 557 0.34067765825829016
557 592 -2.184344491815824
557 558 -1.4895299748097781
558 593 -1.238483303670464
558 559 0.107069962175814
559 594 -0.8900667504449778
559 560 -0.4788964232117695
560 595 -0.6359722900763819
561 596 0.10900929501327337
561 562 -0.19304537329427163
561 595 -0.43514199315057706
562 597 1.5271433143731095
562 563 -0.5393096485739932
563 598 2.115330576133905
563 564 0.8742506855924878
564 599 0.5542168271104324
564 565 1.6088964863879787
565 600 0.5165559103140988
565 566 -1.0607612333493182
566 601 -1.2837681344909164
566 567 1.6425470693555684
567 602 -0.6042629813436927
567 568 -0.7032394961384819
568 603 1.0814920215139936
568 569 1.087396648270837
569 604 0.03871402765399622
569 570 0.3672787493562281
570 605 0.10642183056276146
570 571 0.3159257404271623
571 606 0.4465576021211081
571 572 1.2120294858641973
572 607 -0.5332861068663576
572 573 -1.210520840481971
573 608 1.2482501706712261
573 574 0.5912089707349026
574 609 0.8032155017293683
574 575 -1.5769930554810614
575 610 -0.3107259394679549
575 576 0.6334787449546165
576 611 -0.6749362474886909
576 577 0.9367531486572458
577 612 0.5885634447463352
577 578 -0.0511599098702453
578 613 0.39643212977430775
578 579 -1.0353800253168413
579 614 -2.5214907969979454
579 580 0.3262436003507231
580 615 -1.2931433053631565
580 581 -0.36061352337688
581 616 -1.6861266174298033
581 582 -1.4082724721950812
582 617 -0.24211563444119813
582 583 2.013177996444931
583 618 1.4632117587454037
583 584 -0.6435406080329938
584 619 0.012110660838798732
584 585 -0.5147332987834164
585 620 -0.44216605560123684
585 586 1.5293002205157376
586 621 0.16506001172025872
586 587 -0.09334035741643494
587 622 -0.3193131214811606
587 588 -0.5101621800183526
588 623 -0.888160116601314
588 589 -0.6638396577588174
589 624 -0.043969018901907186
589 590 0.7698859626864736
590 625 -1.0570912869144724
590 591 0.7724414758137329
591 626 0.7066421974493236
591 592 -0.33157608494116897
592 627 -1.7202985465645158
592 593 0.35000167147367417
593 628 1.8448481737447833
593 594 -0.17541033942946785
594 629 1.2520180209012115
594 595 1.4954087089742356
595 630 -0.7551387456551637
596 631 0.023004300625019295
596 597 0.9155964949269954
596 630 1.454951047388755
597 632 1.155654159667925
597 598 -0.8514553122517964
598 633 1.5040177075698835
598 599 -0.7393399620478832
599 634 -0.7804433663223257
599 600 0.7863521668116414
600 635 -0.6919405352677301
600 601 0.5738927335903486
601 636 0.23146243182738915
601 602 0.3400647928961649
602 637 -1.5133675874208137
602 603 -0.2844280825605156
603 638 -0.07410362185023832
603 604 -1.1842698419712787
604 639 0.5649795509965845
604 605 -1.3140955337344036
605 640 -1.0047173941633194
605 606 -0.9344099256164029
606 641 0.45140735607832344
606 607 -0.15761176802713167
607 642 0.6441807895753264
607 608 -2.5597853520295315
608 643 -0.2161750833883164
608 609 -0.7800877226268395
609 644 0.7236280924578686
609 610 0.11716075308639488
610 645 0.738800394434315
610 611 -0.5264854149502628
611 646 1.3814276081040577
611 612 -0.07121367612312787
612 647 -1.54164111991094
612 613 1.5100393552399085
613 648 -0.8825052137989714
613 614 0.14303606017770454
614 649 -1.287293278425072
614 615 0.788798712575809
615 650 -1.0091294690048325
615 616 -0.7036440150730182
616 651 1.227233762300302
616 617 0.391831624524554
617 652 -0.8017518914940612
617 618 0.7824799771574854
618 653 -0.4267958174454517
618 619 0.15210756346808707
619 654 1.7563198079820959
619 620 0.5768035018904324
620 655 0.07167572376377813
620 621 -1.5407016840422787
621 656 -0.1598639174876574
621 622 0.9091775785225293
622 657 -0.07991547960214494
622 623 0.01722773690863713
623 658 -0.01996585049150463
623 624 -0.4029776030429719
624 659 -0.11141416769444394
624 625 1.169393914707149
625 660 1.1416068858823971
625 626 -1.0852978813055107
626 661 -1.370847710594782
626 627 -0.007504167895708728
627 662 -0.21991763674827458
627 628 -0.9449305099739003
628 663 1.1308543896829235
628 629 -0.5849854407118157
629 664 -0.8225408122795569
629 630 -0.5400093727018206
630 665 -0.4854021236957404
631 666 -1.862623783742854
631 632 1.729890631078289
631 665 0.8225234956292581
632 667 0.32895434678655056
632 633 0.18551965609863824
633 668 -0.2916888941298705
633 634 -0.7457389187342109
634 669 0.04264501878741133
634 635 0.007063188623152517
635 670 -0.3117475982296759
635 636 -1.2928032332892672
636 671 0.3458789357599047
636 637 -0.6563750212467887
637 672 1.7145138534881064
637 638 1.6723955976426081
638 673 0.10681623085878122
638 639 1.2526633493943622
639 674 -0.9337628759806323
639 640 0.8560772800460125
640 675 1.0912605863462237
640 641 -1.1332315753860673
641 676 0.7955118927886795
641 642 -1.0361572367239837
642 677 -0.4972150907449088
642 643 -2.2019971697607494
643 678 0.3203922833816332
643 644 0.003241767581318033
644 679 -0.04983358403245049
644 645 -0.3795643432483355
645 680 0.2715678082198217
645 646 -0.9728119259577994
646 681 1.3298375146599666
646 647 -0.7005831732253398
647 682 0.33358202749716753
647 648 -0.39362951017812575
648 683 0.043494599393397865
648 649 -0.6348911665274297
649 684 -1.387629782585895
649 650 -0.8719284754891788
650 685 -0.6434717449473965
650 651 -0.3789579563895197
651 686 1.8950178287720068
651 652 -0.5525715010865242
652 687 -0.21196998411355966
652 653 1.191361810173207
653 688 -0.7676083967861134
653 654 2.049132224443519
654 689 1.26132254262926
654 655 0.4465864958365125
655 690 -1.684663729217556
655 656 -0.228014202969894
656 691 0.582215039786274
656 657 0.5597414607446289
657 692 0.3973064730222028
657 658 0.28645797914235777
658 693 -0.46993439761492367
658 659 0.6285191954359872
659 694 1.68439951946202
659 660 1.8620009617212105
660 695 0.009041579764444195
660 661 -0.30030268412426514
661 696 1.292969439994844
661 662 -0.9206640645138865
662 697 -0.4148279083908939
662 663 0.4473948677963043
663 698 0.9011398147194121
663 664 1.6858411286182446
664 699 0.8491949795890745
664 665 0.29035124739928814
665 700 3.0688292297945816
666 701 1.0768054822548867
666 667 -1.3525383267536184
666 700 -0.838030789660252
667 702 -0.1349633724060294
667 668 -2.0706978871281696
668 703 1.28963925150607
668 669 -0.8642982560469276
669 704 -1.5441522261653737
669 670 0.4095246371759869
670 705 -0.7378918713614722
670 671 0.37418298954483026
671 706 -0.3330816863588339
671 672 1.1707838362000393
672 707 -1.2169141695992045
672 673 0.19857450166955817
673 708 0.4220793559073257
673 674 -1.0833869395508569
674 709 0.9489041269391778
674 675 -1.0628570845294287
675 710 0.7926672948934904
675 676 -1.1696524921533227
676 711 1.0279635599659316
676 677 0.8783293920970979
677 712 0.18108601087586643
677 678 0.37351737618733677
678 713 -0.5235507134285513
678 679 -0.6722994913214031
679 714 -1.1892273712399
679 680 0.2869239799736497
680 715 1.0110167756899602
680 681 -0.4345299333460372
681 716 1.245391604322745
681 682 -1.328269670148235
682 717 0.6602109189030659
682 683 0.25490386154972944
683 718 -1.4542156248374591
683 684 -1.571486500011467
684 719 -1.3330264291448939
684 685 0.7462301967143857
685 720 -0.13083610283619254
685 686 -0.930836714739512
686 721 0.3949421460771443
686 687 -1.3433630954263343
687 722 -1.4431305363812048
687 688 -0.5492859834355821
688 723 -0.297366534418917
688 689 1.1512605068359127
689 724 -1.6074380475378571
689 690 1.0251545541374072
690 725 0.3782174080382423
690 691 -1.244443432515744
691 726 -0.4341790196711005
691 692 0.38306586874714
692 727 0.22414659079930832
692 693 0.8780941297220961
693 728 1.5379197502571103
693 694 0.9975341876527583
694 729 -0.028518207740294548
694 695 1.5968214233258988
695 730 -1.2093303843664605
695 696 -0.8351014193409836
696 731 -0.4534957793565736
696 697 -0.7166069984325744
697 732 -0.3559164084507076
697 698 0.4588327996678004
698 733 -0.602522388871881
698 699 0.6672590230332738
699 734 0.870026283020678
699 700 -1.1848076785098196
700 735 1.3108354366791046
701 736 1.204198339353105
701 702 0.8930650346671531
701 735 0.30670348715840945
702 737 0.7786985034942852
702 703 1.4134823779503567
703 738 0.2956818285323817
703 704 1.1035825454486738
704 739 1.7896580105242152
704 705 -0.4576799269413725
705 740 0.8491530715065964
705 706 -0.0586972415481453
706 741 1.422315361813412
706 707 -0.9128795854654915
707 742 -0.28558961985128
707 708 0.23785390111317367
708 743 -0.32560003147076716
708 709 0.1924963207776364
709 744 -0.5189394109351011
709 710 -0.06964225241190976
710 745 0.04686387152863239
710 711 0.8163951726480767
711 746 -0.2792974308670493
711 712 -0.8077801858859394
712 747 0.34644372414708924
712 713 -0.01636658287209208
713 748 0.3600047526458842
713 714 -1.923790934207379
714 749 0.4215329947789388
714 715 2.2588788784146914
715 750 -0.10079792324328965
715 716 -1.361542250490011
716 751 -1.5270425378213033
716 717 0.7160841769527809
717 752 -0.27032285952704777
717 718 -0.3033883584456874
718 753 0.6791708310771176
718 719 -0.5049731635770041
719 754 1.7965056846308718
719 720 0.3541658864388978
720 755 0.14562843993508964
720 721 0.6447154664913168
721 756 0.19245929980669638
721 722 1.5733725105220862
722 757 -1.323854552784444
722 723 0.005267194356007719
723 758 0.7170757617115286
723 724 0.7502697408224132
724 759 -0.5540213934740584
724 725 0.6735387509316019
725 760 0.16811275466094533
725 726 2.0697267740155256
726 761 -0.3927850662744546
726 727 -1.0556785321519657
727 762 0.17295436027828298
727 728 -1.0496951761173385
728 763 0.57104050004273
728 729 -0.9511525875590814
729 764 -1.3845750305863638
729 730 -3.2408909208227206
730 765 0.47257974627892696
730 731 1.4732832564771379
731 766 -2.257080830201489
731 732 1.3124326862509414
732 767 -2.541178279903264
732 733 -0.5860770213283366
733 768 0.473339847135243
733 734 0.5477692857492865
734 769 0.6183757122122195
734 735 0.17389622572265626
735 770 -0.5690423836652175
736 771 -1.5484129462795513
736 737 -0.9178210140853552
736 770 -2.119657490684646
737 772 0.4585621579979903
737 738 -1.9380548320317315
738 773 1.0212865563178881
738 739 -1.1159260655671273
739 774 1.8964389588018622
739 740 -1.3612970181373092
740 775 0.991644473870892
740 741 -1.760335447777067
741 776 -1.0369885747210748
741 742 2.0750556359289685
742 777 0.3366322606547665
742 743 -1.4586440751910428
743 778 1.0402041002416698
743 744 -0.19306490126950265
744 779 2.076970702003402
744 745 -1.3116989925184297
745 780 -0.4054942710937631
745 746 -0.008583519015677658
746 781 0.9511416607937744
746 747 -2.2189421686146473
747 782 -0.2239556821329341
747 748 -2.2875866876935507
748 783 -1.7223834046405047
748 749 -0.5148019980954963
749 784 -1.3082567166980446
749 750 -0.31146712348734873
750 785 1.6217769974643923
750 751 -0.9590831694297753
751 786 -0.3896268481297946
751 752 -1.0897225188261022
752 787 -0.15758474349218188
752 753 1.952507474718837
753 788 -1.7324559640565238
753 754 0.38870777263869943
754 789 0.8157518749681871
754 755 -0.322942294338852
755 790 0.8212937973709978
755 756 -0.3467224810653773
756 791 -0.7775621118719442
756 757 -0.1739917771894626
757 792 -0.9062110021325767
757 758 0.37384335199935365
758 793 0.395311890317321
758 759 -0.5826921767857494
759 794 0.29090652513421944
759 760 -2.140023081629854
760 795 -1.0522184199624531
760 761 -0.444520834507018
761 796 0.09195993842944898
761 762 -1.4073154009147337
762 797 -2.3261348924584775
762 763 0.4232966377375384
763 798 -0.31611949613953255
763 764 -0.11042859021659966
764 799 -1.1927857961808406
764 765 -0.2724044645644649
765 800 0.6136032715358649
765 766 0.4200062598401199
766 801 -0.36804263741801857
766 767 0.8592291470972417
767 802 -0.17889290937839408
767 768 -0.059141837559529474
768 803 1.157890162189495
768 769 1.2871232581163798
769 804 -0.04692099710677978
769 770 -0.36981638284185214
770 805 -0.760574463671323
771 806 -0.10614494605351452
771 772 0.7267251072002183
771 805 -0.5363511314952095
772 807 0.09280381237149234
772 773 -1.2066956619156446
773 808 0.3459022612933073
773 774 0.8462316470818954
774 809 -0.8153416177056785
774 775 0.11722093104409262
775 810 0.7190370095751475
775 776 0.30556588528836476
776 811 0.23022330708021208
776 777 0.908623985819024
777 812 -0.31874475303319405
777 778 1.518164288377027
778 813 0.5605617901141229
778 779 0.5370974572788373
779 814 -0.30437072481011695
779 780 0.875624337984061
780 815 -0.6688708655302764
780 781 -0.22919443159669087
781 816 -0.7612405457941597
781 782 1.5430556255726677
782 817 -0.41101604774585565
782 783 -2.4880857938892285
783 818 0.08470611861565693
783 784 -1.4656995191575726
784 819 0.8977929595961835
784 785 -1.3240828984097097
785 820 -2.139052289166627
785 786 -0.949198047969213
786 821 -1.2165352115108001
786 787 -0.04565450827465036
787 822 -1.4378585103640555
787 788 0.18519784261960864
788 823 1.3900599906245488
788 789 0.5206540580864946
789 824 0.6704394055326872
789 790 1.3203316521900306
790 825 0.034759763794037356
790 791 0.4145176331116543
791 826 0.33377006635735607
791 792 1.0119068415066947
792 827 1.2840674957716793
792 793 1.4598466372328756
793 828 0.19153471752345633
793 794 1.1405784970193986
794 829 -0.43250405762305266
794 795 -0.6043789417942553
795 830 0.32539506046663613
795 796 -0.1897866849117188
796 831 0.2717041639692114
796 797 -1.5359929836371944
797 832 -0.3287824529799322
797 798 0.549382006285563
798 833 -1.7564375331149824
798 799 0.8471235454619734
799 834 -0.6945741900509632
799 800 2.122372112476435
800 835 0.12463663611767474
800 801 -1.646980502022022
801 836 -0.5430911444020038
801 802 -0.5488826412391271
802 837 0.7564001928857869
802 803 1.2797200497587566
803 838 -0.9489313873317652
803 804 0.4473446305887506
804 839 1.272786397019331
804 805 -1.7733959351706703
805 840 -0.934462619545687
806 841 0.11860341643430566
806 807 0.8661435373094493
806 840 -0.603483117896346
807 842 -0.11538208722926674
807 808 -1.5644761076852205
808 843 0.43440092359290366
808 809 -2.155485049669304
809 844 0.7567911212037527
809 810 -1.2015318905914378
810 845 -1.6691295522075174
810 811 0.23356456336140252
811 846 -0.7127978458222661
811 812 -0.9470254557396025
812 847 0.3597734050417819
812 813 -1.055452367996085
813 848 0.5197982558389851
813 814 -1.1456643344052757
814 849 0.06821191515890261
814 815 -0.22413715160748973
815 850 -0.3009744569734905
815 816 0.5036163470462994
816 851 0.587629183699709
816 817 -0.9661032545121686
817 852 -0.28675232692245745
817 818 -1.3169710161135213
818 853 1.9753304048475173
818 819 -1.3666017622354807
819 854 0.43991280048564463
819 820 -1.1219271375604682
820 855 0.47311563907046306
820 821 1.1326816513064788
821 856 0.990249464743301
821 822 0.480400924503078
822 857 -1.0370900115229458
822 823 -0.13658173853861286
823 858 -1.173636571712364
823 824 -1.105563991593244
824 859 -0.5006471167954729
824 825 0.33038750434458825
825 860 -0.7175164696134777
825 826 1.5967493547353162
826 861 -0.9803236615045139
826 827 0.8981056625191376
827 862 -1.054764735288411
827 828 1.2105225796789252
828 863 -1.181196864510979
828 829 2.9455420102884773
829 864 0.5132725910020461
829 830 1.223900515817131
830 865 -0.014947043955474222
830 831 -1.181920648618383
831 866 -1.6856257158186898
831 832 0.3218673009553446
832 867 0.06326595965712353
832 833 -0.6650675456003647
833 868 1.4799097255315432
833 834 0.6142421702404295
834 869 0.038055588210166136
834 835 -0.02087711933785198
835 870 -0.8032019447441422
835 836 0.9030397780008041
836 871 -0.32665718589021747
836 837 1.120765334581439
837 872 -1.0109824488173411
837 838 1.452238755686836
838 873 0.876587581590508
838 839 0.07515382538756425
839 874 -0.5951803369349826
839 840 1.5745240525376392
840 875 -1.8358380676418269
841 876 0.379305079173325
841 842 -0.35422010725304987
841 875 1.781754231713368
842 877 -0.025230191135532584
842 843 0.5110675108208055
843 878 -0.5832475139638139
843 844 -0.0495333379096123
844 879 0.9476984845412143
844 845 0.07248532736765516
845 880 -0.039194151299206656
845 846 0.39045071823208694
846 881 -0.30999890059862145
846 847 -0.8963834167415571
847 882 -1.018769558405896
847 848 0.7834246866827076
848 883 -0.6961326732610386
848 849 -0.10670255340917649
849 884 1.4502973625687683
849 850 0.5429262095427705
850 885 -1.8957744365657683
850 851 0.24831497034150327
851 886 0.7534883517581656
851 852 0.4629916316443238
852 887 -0.02694265221010239
852 853 -1.8144703649664593
853 888 1.2830260955924162
853 854 -1.134005131544837
854 889 1.5660790259778012
854 855 0.4122664401328202
855 890 0.751044888129572
855 856 -0.5331332380493461
856 891 1.351284900066502
856 857 -0.4630734567065974
857 892 0.07564118840500166
857 858 0.5964751289881639
858 893 -0.5593217375854851
858 859 0.43592674103039714
859 894 -2.3969988490202914
859 860 -1.1279472701932618
860 895 0.7475314792769873
860 861 0.29967696525208165
861 896 0.360425071747731
861 862 0.3831266050122446
862 897 -1.0841274934841194
862 863 0.6531868485628013
863 898 -0.4545550799275801
863 864 -0.27991071671589773
864 899 1.128931998496265
864 865 -0.05918374707632861
865 900 0.08402182573390375
865 866 1.1782537548990228
866 901 0.661774457875435
866 867 1.4073504422726537
867 902 -1.0291199015000745
867 868 -0.28739614583248385
868 903 -0.7166898239333858
868 869 -0.6814516364310654
869 904 0.6201289047156707
869 870 0.015750217712701586
870 905 -0.9556118165725992
870 871 -0.8817605492640417
871 906 0.8195461770068706
871 872 0.5434048971371933
872 907 -0.5320849917163626
872 873 0.4107935568595045
873 908 -0.34505083339082265
873 874 -0.494359953117066
874 909 -1.8606645015266026
874 875 -0.0794457017744419
875 910 -0.84788500560541
876 911 1.0218532595507104
876 877 1.127901046279609
876 910 -0.28968923675503033
877 912 -1.1746171181168015
877 878 -1.7900672895649514
878 913 0.9559474012065231
878 879 -1.5824418337060124
879 914 0.8368665653417301
879 880 -0.460979575967468
880 915 -1.4681915405400778
880 881 -1.0855503049978583
881 916 -0.39572404297743163
881 882 -1.4615938366335663
882 917 -0.3820054051816069
882 883 -0.9249568160747439
883 918 -0.40351471200542005
883 884 -0.5409103306008772
884 919 1.3656828301962096
884 885 0.8185388373166124
885 920 -1.192537130148601
885 886 0.9898965097256904
886 921 -2.33012217671896
886 887 -1.4256617826264777
887 922 0.19500968354564208
887 888 1.1226915832065065
888 923 1.7074098636173767
888 889 -0.3093463811246344
889 924 0.3139682526690068
889 890 -1.0564686841328006
890 925 -1.381526335299978
890 891 -0.5698793823913028
891 926 -1.2740176910608183
891 892 -0.7301936145088016
892 927 0.983457647296562
892 893 0.03510979841058346
893 928 -1.5696501921385435
893 894 -0.39523872740907035
894 929 0.4715540174814151
894 895 -0.4232339999764912
895 930 0.8663821079776954
895 896 -1.9031953000750448
896 931 -2.3867252648234434
896 897 1.2594937613956587
897 932 -2.1416184568533176
897 898 1.3153335255264942
898 933 -0.19795047941322821
898 899 -0.5742788420032934
899 934 0.8071615474784619
899 900 -0.8763072153771838
900 935 1.0853608659563898
900 901 -0.21499726002642286
901 936 0.8944333987238294
901 902 0.5153629522595229
902 937 1.7025560113191383
902 903 -0.941185472324104
903 938 -0.06272449085458617
903 904 -0.8699543850066646
904 939 0.7954419287694415
904 905 1.0875397584430637
905 940 0.7288095968345046
905 906 -1.618293534300693
906 941 -0.22222988440158126
906 907 1.2765323242325743
907 942 0.8407307690698931
907 908 -1.4867435003272742
908 943 -0.7952263106693613
908 909 0.005901526197118112
909 944 0.06502719434429018
909 910 0.38275306517736934
910 945 -0.3690735765786781
911 946 0.9050900713353222
911 912 -0.12323471910613383
911 945 -1.4080817925027662
912 947 -0.7832136176618172
912 913 0.2225861953273777
913 948 0.7519503884262783
913 914 0.18775967352551717
914 949 2.613798544157415
914 915 0.1753789403370741
915 950 0.9949224857959584
915 916 -1.016313871204709
916 951 -0.7562867254798203
916 917 2.6629551359545744
917 952 -0.897256414791663
917 918 -0.3656790536307106
918 953 -1.5996203488160583
918 919 -0.8418643672160209
919 954 0.34880675864327276
919 920 1.2079753280870984
920 955 1.665259056313818
920 921 -0.3610774789054518
921 956 1.020253582478367
921 922 -0.1945643455513687
922 957 -0.01322039796556682
922 923 0.40591083213762347
923 958 0.2868692653769344
923 924 -0.8710133369034961
924 959 1.409652744253081
924 925 -0.009658621702750043
925 960 0.13103088693383083
925 926 -0.08978174061234379
926 961 0.3176333790635869
926 927 0.46347280924327944
927 962 2.62846655084245
927 928 -1.0136100230823872
928 963 1.4642348395227243
928 929 -1.072984890050158
929 964 0.14257238156861982
929 930 1.708954514213929
930 965 0.22642874508013772
930 931 -1.8671869108872663
931 966 0.44378505103915267
931 932 -0.004151779216540114
932 967 -0.874742627459404
932 933 -0.5753526437365736
933 968 0.2892111457696915
933 934 0.4578644691469315
934 969 -0.19400849982724153
934 935 -0.15666990485468238
935 970 -0.6063302794875342
935 936 -1.377923122725275
936 971 -0.25482689450046386
936 937 0.1415794095829279
937 972 1.0301360097749128
937 938 0.1703577455896104
938 973 1.9796141268789504
938 939 0.5369107739648891
939 974 -1.8915886554406882
939 940 -0.31930431385048663
940 975 -0.05184782577039803
940 941 0.5098249561595322
941 976 1.8219520825830093
941 942 0.3946729317539052
942 977 -1.031082235222476
942 943 0.6286809715988805
943 978 3.0335977975004704
943 944 0.9667825545008911
944 979 -1.026288433928018
944 945 0.5986940955422595
945 980 1.029414314650338
946 981 1.428240627267534
946 947 -1.2940334894152958
946 980 1.09643072861809
947 982 0.8738641894455257
947 948 -0.1993326433521214
948 983 0.38888160920900455
948 949 -0.5853421755686717
949 984 -1.7902987476456875
949 950 -0.42849151879009983
950 985 2.1994716782102675
950 951 -1.3208589575632055
951 986 -1.9544789348084235
951 952 -1.2498535763375667
952 987 -0.9296253084802963
952 953 -0.4463607195134011
953 988 0.09591664181739312
953 954 -1.1214864263003024
954 989 0.14811113304528647
954 955 0.08147571825621695
955 990 -0.38970259265624385
955 956 0.48178553988451533
956 991 0.6343382201870973
956 957 -1.5547600713888192
957 992 -0.3542111503020462
957 958 0.10439623280065956
958 993 -0.6544315502442996
958 959 0.17760016606580992
959 994 -0.7416395792236097
959 960 -0.48824191957640084
960 995 -1.5869309905769826
960 961 -0.25775749454073854
961 996 -0.8055330829535927
961 962 0.1617091868949897
962 997 0.3536399387232166
962 963 -1.2805203111100891
963 998 1.507801338872316
963 964 -0.7418904184262677
964 999 0.2838315730521881
964 965 -1.4370083804638705
965 1000 0.8785781165361293
965 966 -0.8107879870576156
966 1001 -2.04741575861256
966 967 0.8241522465859941
967 1002 0.2583810166927224
967 968 -1.3807053635076434
968 1003 0.30987891561219777
968 969 -1.046629981403859
969 1004 -1.4513219961509762
969 970 -0.18078210767441805
970 1005 1.6186131753064472
970 971 -2.427032258406275
971 1006 -1.5651029876212157
971 972 -2.64349265200468
972 1007 0.4659505172242372
972 973 -0.7848487866957821
973 1008 1.4546507360427419
973 974 -0.20316688032975747
974 1009 -0.5992429353745321
974 975 1.3073999572451651
975 1010 1.0839557084720168
975 976 -0.03174091784168179
976 1011 -0.7774503207673644
976 977 0.47612725508316517
977 1012 0.11499577463025566
977 978 -0.5416043729202759
978 1013 -1.149712387783163
978 979 0.24064418940078267
979 1014 0.13392804215970391
979 980 -0.17240330090857958
980 1015 0.3035498510119442
981 1016 -0.7254575185554999
981 982 0.43752209533905945
981 1015 0.6131085492113295
982 1017 -0.8724401941135921
982 983 -1.2407768002794866
983 1018 -0.7902156126101424
983 984 0.06438092754764232
984 1019 1.9773054540427162
984 985 0.0711318298548893
985 1020 -1.4694515803677193
985 986 0.06797489818550263
986 1021 0.13152198969936146
986 987 0.11591528711800318
987 1022 0.11757476589531689
987 988 -1.3711721293237875
988 1023 0.5492903156108205
988 989 -0.41098525454535345
989 1024 1.9100307964676304
989 990 1.2235165471957683
990 1025 -0.6307943314404187
990 991 -0.9660121649439101
991 1026 -0.14780915791468646
991 992 -2.240470173107414
992 1027 0.021491032095641977
992 993 -0.9732602458360233
993 1028 1.7602227932442245
993 994 1.1364832217410976
994 1029 -0.14942895042513868
994 995 -1.476498599336498
995 1030 0.3954537902649493
995 996 0.3805366494229889
996 1031 -1.9029001805248074
996 997 -0.7049736406562749
997 1032 -0.7504017768130077
997 998 -0.960463751892012
998 1033 1.1107931315755037
998 999 0.8776424047497808
999 1034 -0.5865047441288017
999 1000 0.1487721316069375
1000 1035 -2.3429289485153535
1000 1001 -0.8456769257828247
1001 1036 0.8790327308145903
1001 1002 2.44279846625227
1002 1037 0.2526634955533075
1002 1003 1.8432277780848956
1003 1038 -0.44101083000956376
1003 1004 0.058575713912648916
1004 1039 1.5231598179753902
1004 1005 0.6158461936241708
1005 1040 -0.2733324184809219
1005 1006 -0.960778937876194
1006 1041 0.15694128845610134
1006 1007 -0.5863463428595385
1007 1042 -0.933847697535142
1007 1008 -1.134050395359235
1008 1043 0.15974046145190535
1008 1009 0.4796587188317094
1009 1044 -0.8104447503290173
1009 1010 -0.21154522089636413
1010 1045 0.3405689432086046
1010 1011 -0.1805281964844879
1011 1046 -0.06577696434579151
1011 1012 -0.06895765702650998
1012 1047 -0.4416982282451833
1012 1013 0.06853523153533232
1013 1048 0.6515288724492383
1013 1014 -1.1262339433620483
1014 1049 1.362739666858421
1014 1015 -0.8795289913758947
1015 1050 -2.069726329579296
1016 1051 0.47629614913535373
1016 1017 -0.9105831791924097
1016 1050 0.0356708731603502
1017 1052 0.6811207972322262
1017 1018 -0.9985040259006714
1018 1053 -0.4933183382252121
1018 1019 0.7943104090379309
1019 1054 -1.4965262351665443
1019 1020 0.4626742663115036
1020 1055 0.9901166793349161
1020 1021 0.8401951529423305
1021 1056 -1.7040292005223598
1021 1022 0.1306343322014274
1022 1057 -1.1816941062327213
1022 1023 0.6825950464692627
1023 1058 0.19744050857356885
1023 1024 -0.6543381332463961
1024 1059 -0.23009225005606457
1024 1025 -0.2541881155789154
1025 1060 1.4969323340535479
1025 1026 1.1482440400133107
1026 1061 1.485122380598413
1026 1027 -0.5924380116112226
1027 1062 -0.20810112521490706
1027 1028 0.892305994514385
1028 1063 -0.1504452198770937
1028 1029 -0.8562222419208475
1029 1064 -0.5539199431811898
1029 1030 0.5700690098425288
1030 1065 -0.9820815605311499
1030 1031 0.4949746909925948
1031 1066 -0.27948963705113894
1031 1032 -0.811208141678424
1032 1067 0.35675613575955023
1032 1033 -0.40407643884058725
1033 1068 -0.9059405147939824
1033 1034 -0.19478222155332678
1034 1069 0.42215249834665947
1034 1035 0.3039548246429628
1035 1070 -1.8641174511424414
1035 1036 1.2450098114190224
1036 1071 -0.3895359379596546
1036 1037 0.45597087065286496
1037 1072 -0.46418729575606305
1037 1038 0.18880680259621033
1038 1073 -0.004553925526336396
1038 1039 0.3917829773112424
1039 1074 2.077737217426108
1039 1040 1.1273775327327409
1040 1075 -1.850768478272276
1040 1041 -0.7755129381830338
1041 1076 -0.41467032620290767
1041 1042 0.02046319600530411
1042 1077 -0.13646748232699032
1042 1043 2.234797384933087
1043 1078 -0.6638535206261034
1043 1044 -1.173889536172885
1044 1079 0.6501603874066941
1044 1045 0.5124234636737048
1045 1080 -0.021943892615867353
1045 1046 1.6893472242154681
1046 1081 1.2088107832073611
1046 1047 0.1642418207621675
1047 1082 0.9616450561279365
1047 1048 3.111845374440944
1048 1083 0.2544356733521027
1048 1049 -0.7170677287215047
1049 1084 -1.2224339515068998
1049 1050 -0.8239479425047554
1050 1085 -0.5646367739679715
1051 1086 0.09333409130512618
1051 1052 -0.3865121405322922
1051 1085 1.5584742271932008
1052 1087 -0.18306353537452477
1052 1053 1.0039190158213243
1053 1088 0.45688922024317435
1053 1054 2.206273631720024
1054 1089 -0.8433082394347124
1054 1055 0.34469492241648103
1055 1090 -0.7047379350479288
1055 1056 0.6530976148855128
1056 1091 0.9516337709778604
1056 1057 0.06949540141163621
1057 1092 -0.39677249481297655
1057 1058 -1.2946368263466277
1058 1093 1.1852142078424976
1058 1059 -0.3079579788468781
1059 1094 0.11948947431899773
1059 1060 -1.229136415376495
1060 1095 -2.2831072589757833
1060 1061 -0.00956507905307858
1061 1096 1.3313335883303243
1061 1062 -0.8247788355491271
1062 1097 0.597558933856027
1062 1063 1.9178042153553667
1063 1098 0.619805551299571
1063 1064 0.7572104093755194
1064 1099 0.06024668022189049
1064 1065 3.2410356871232104
1065 1100 -0.17516721436248914
1065 1066 1.2161719438694745
1066 1101 -0.1490401582339436
1066 1067 1.2913649891898293
1067 1102 -0.4381551842053946
1067 1068 -0.21339361405926546
1068 1103 -0.7193072384627339
1068 1069 -0.8513167955933691
1069 1104 -0.48869184069973814
1069 1070 -0.9135601959656531
1070 1105 -0.8614886222521679
1070 1071 -0.4644832138324443
1071 1106 0.33613903600366984
1071 1072 0.42399396638410947
1072 1107 0.014273330636769457
1072 1073 1.6272527328511808
1073 1108 0.5285012305656173
1073 1074 -0.24170881930299945
1074 1109 0.721856278058615
1074 1075 -1.5348132519359956
1075 1110 -0.11462461847862508
1075 1076 -0.0550562895133952
1076 1111 0.7760281558463976
1076 1077 0.5886218837161271
1077 1112 0.948475253596556
1077 1078 -0.6586936128158841
1078 1113 1.6960561132683114
1078 1079 -0.5357696501536566
1079 1114 -0.83878356026696
1079 1080 -0.40316647560551894
1080 1115 -0.048124125993946915
1080 1081 -0.7006877256842495
1081 1116 1.581968256019125
1081 1082 0.30221077855338
1082 1117 -0.3342132733448277
1082 1083 2.1240114807996546
1083 1118 -0.36678353241831735
1083 1084 0.5866777903664936
1084 1119 0.08413600232749473
1084 1085 -0.8529887249741116
1085 1120 0.744237192660677
1086 1121 -0.09685367999329729
1086 1087 1.6081102321256813
1086 1120 0.2959512194764416
1087 1122 0.622251516566589
1087 1088 -0.46247082444401644
1088 1123 -0.22250536946585198
1088 1089 -0.9200398124049102
1089 1124 -2.1974389377023216
1089 1090 1.3700392352828674
1090 1125 -0.7087536904925862
1090 1091 -0.16875725783043435
1091 1126 0.44291886712364065
1091 1092 0.6056586653633178
1092 1127 -0.09120344773565542
1092 1093 1.234397482967828
1093 1128 -2.0115358962221066
1093 1094 -1.0064475522175411
1094 1129 -2.070051300430993
1094 1095 -0.8432175758148431
1095 1130 -0.5368012951312129
1095 1096 0.6603669339113728
1096 1131 0.10340521800141238
1096 1097 -0.8852531857945125
1097 1132 1.9516737783102223
1097 1098 1.7105099692011771
1098 1133 -0.036507290608454764
1098 1099 -0.6875551508385936
1099 1134 0.787602304108026
1099 1100 0.7012541930468922
1100 1135 0.07842337102229867
1100 1101 0.8940668914179986
1101 1136 -0.06077230409197472
1101 1102 -1.0816756122425304
1102 1137 -0.21248019948762314
1102 1103 -0.22485456451656655
1103 1138 0.005795245759722747
1103 1104 -0.3572118418234775
1104 1139 -0.011189514278579598
1104 1105 -1.2661571121854909
1105 1140 0.5144401824194607
1105 1106 -0.8517490497323031
1106 1141 0.8666403237248673
1106 1107 1.244156201299897
1107 1142 -1.1326665995278034
1107 1108 -0.24895533865378028
1108 1143 0.7948914849967342
1108 1109 -0.6386913613046213
1109 1144 -0.1503908841136748
1109 1110 -0.10066565481164169
1110 1145 -0.33020019764330466
1110 1111 -0.7360931094265184
1111 1146 -0.5559534127583038
1111 1112 1.2536661062731815
1112 1147 -0.4603897225650212
1112 1113 0.1819099567653982
1113 1148 -1.296005491897577
1113 1114 0.08767122785329894
1114 1149 -0.3299819102857541
1114 1115 0.023157782162935164
1115 1150 -0.7880890713766835
1115 1116 -1.2853871998883908
1116 1151 -0.9454603459884819
1116 1117 1.0435661769281426
1117 1152 0.491906558715694
1117 1118 0.2653026242704576
1118 1153 -2.8853832542883096
1118 1119 -1.093090484145262
1119 1154 0.07220690033978229
1119 1120 1.0321385556204266
1120 1155 0.10665454235564584
1121 1156 -0.5358904976782649
1121 1122 0.4864486125707652
1121 1155 -0.7031235312551047
1122 1157 0.15410780334851673
1122 1123 1.3288755806654862
1123 1158 -0.050280173588283746
1123 1124 0.7090021681194723
1124 1159 1.2730086915410648
1124 1125 -0.5534072791555225
1125 1160 0.8307006225778091
1125 1126 -0.08673136373934583
1126 1161 -2.8556136728764194
1126 1127 -0.04349615130081125
1127 1162 -1.3960129002401476
1127 1128 1.8383562868639851
1128 1163 0.05583392618656804
1128 1129 0.7968932064453919
1129 1164 -0.5921008295046405
1129 1130 0.9533568299259558
1130 1165 -0.32600127409017776
1130 1131 0.36626200686589455
1131 1166 -1.071518820513382
1131 1132 -0.08781496816886762
1132 1167 -0.5897650071072226
1132 1133 0.02083842520301227
1133 1168 -0.3266392328614628
1133 1134 0.9596590193142192
1134 1169 -0.8469579812929103
1134 1135 1.3670688270794675
1135 1170 -0.9536267393561019
1135 1136 0.2769439002235242
1136 1171 0.14185175056049787
1136 1137 0.3918124368354951
1137 1172 -1.0145058014920867
1137 1138 0.11437843132502809
1138 1173 -0.4692789700163494
1138 1139 -0.4875695990912142
1139 1174 -0.2570067792879483
1139 1140 2.492144157615345
1140 1175 -0.05699953791437746
1140 1141 0.27242605098751715
1141 1176 -0.14157100405117978
1141 1142 0.2802857712649411
1142 1177 0.0926873644915149
1142 1143 1.3184682807527637
1143 1178 -0.23515918558688964
1143 1144 -0.3267228868573571
1144 1179 -0.5869583454937835
1144 1145 0.8042466259682415
1145 1180 -0.10658907614615223
1145 1146 0.3093891741597248
1146 1181 -0.5125316712022447
1146 1147 0.5322243892189371
1147 1182 -0.20091192857905524
1147 1148 -0.9297390643070836
1148 1183 0.8609409467162449
1148 1149 3.2017817885147988
1149 1184 0.9930713891566008
1149 1150 0.09453171359746904
1150 1185 -0.31608802524240204
1150 1151 -1.20889643771642
1151 1186 -0.04911534333309031
1151 1152 -0.11053970164453492
1152 1187 -0.5203737684143203
1152 1153 1.121759490524211
1153 1188 -0.5105838843864259
1153 1154 -1.2485317808334562
1154 1189 0.0484302350017128
1154 1155 0.6711741440874222
1155 1190 0.3531115951921962
1156 1157 -1.4027599350739304
1156 1190 0.7179595569750179
1157 1158 0.4865652944566239
1158 1159 0.48901386402454894
1159 1160 1.2946488738104007
1160 1161 -1.066990897055161
1161 1162 -0.9896413867962579
1162 1163 -1.0438243315024274
1163 1164 -0.33120910222363126
1164 1165 0.45378510470334354
1165 1166 -0.5244709328819779
1166 1167 0.17197427134395615
1167 1168 -0.08765229392023102
1168 1169 0.009468957872004706
1169 1170 1.0360047861352775
1170 1171 -0.1276281715904828
1171 1172 0.7094905236585519
1172 1173 -0.14158624828814645
1173 1174 -0.5926822793357143
1174 1175 -1.89611041915441
1175 1176 -1.1188695335460945
1176 1177 -0.41781091439197005
1177 1178 -0.01640080518905234
1178 1179 1.1520100064737975
1179 1180 1.2467658551174057
1180 1181 -1.3669778296576636
1181 1182 1.898677679600706
1182 1183 -0.17707859621633903
1183 1184 -0.7369944618327723
1184 1185 -0.618166956947755
1185 1186 -1.739395938639014
1186 1187 -0.4034717581673436
1187 1188 -0.9515831739953956
1188 1189 -0.49551208996825874
1189 1190 -0.8367418969411405
