1225 2450
1 36 -1.1086671046876218
1 1191 -1.8504751333666678
1 2 -0.13533859239868368
1 35 -0.8738863898044537
36 71 -0.4747139349295226
36 37 -0.32774728137649556
36 70 -0.8498410201962386
1191 1156 -0.5524606408682545
1191 1192 -0.2595786297931534
1191 1225 -0.1140172118242694
2 37 0.6886053199726491
2 1192 0.7605951466642673
2 3 0.5836756206355462
35 34 0.523430552263244
35 70 0.16879778674918008
35 1225 -1.2439911319237806
37 72 -1.5458403236579776
37 38 0.9218534951673364
1192 1157 0.17514473321187696
1192 1193 -0.27218031115588437
3 38 0.03559272982542104
3 1193 0.11471617190780495
3 4 1.2339974881954558
38 73 1.1396716070949389
38 39 -0.9334037640431457
1193 1158 0.18165703133109584
1193 1194 0.6361077635301099
4 39 0.466677573399548
4 1194 -1.2015969999445462
4 5 -0.20884050187154313
39 74 1.1610301248603458
39 40 -0.8812233629722891
1194 1159 -0.6043995759332154
1194 1195 -1.47255707129188
5 40 0.21769093466270145
5 1195 -0.821083139455595
5 6 -0.398341661885117
40 75 -0.0397787979170342
40 41 -0.9106061140607883
1195 1160 -0.23601855605199581
1195 1196 0.14417164769391372
6 41 -0.1656219904745426
6 1196 -0.23344489480677755
6 7 -0.4601539418341549
41 76 -0.7509214555725288
41 42 -0.20174531832949064
1196 1161 0.16245615938464564
1196 1197 -0.8120196701204263
7 42 0.2975622870110859
7 1197 -1.255132415680971
7 8 -0.2142518055341051
42 77 0.6859674269584369
42 43 0.402505918222568
1197 1162 -1.0957505028294892
1197 1198 -0.6755742345882769
8 43 -0.18429552514850422
8 1198 0.07940207224891736
8 9 -0.820638469555556
43 78 0.0879523679566895
43 44 -0.3250299225198156
1198 1163 -0.9995099357211901
1198 1199 0.47054867344479573
9 44 2.0670181151921443
9 1199 -0.9069620216740761
9 10 -0.7954499076530241
44 79 1.9084361186726655
44 45 0.24952309784158344
1199 1164 -0.8865035427467723
1199 1200 0.42069514437398925
10 45 0.777763242055349
10 1200 0.4095592643147325
10 11 0.5256843942350803
45 80 -0.43093276062011365
45 46 1.5681437069366537
1200 1165 0.343979781061585
1200 1201 -0.7098248359547559
11 46 0.30323698043240155
11 1201 0.0010515347856883135
11 12 -0.6843256959412032
46 81 0.8125042933867803
46 47 -1.720609172858205
1201 1166 -1.38122238845912
1201 1202 -1.1670242635957473
12 47 -1.2039491477899122
12 1202 0.8014278188795879
12 13 -1.9142004958211596
47 82 0.5665501017499786
47 48 0.5046994824200921
1202 1167 -0.6809086821072801
1202 1203 1.7238302810963773
13 48 -0.24802142466556074
13 1203 0.16420591065581291
13 14 0.4149700088119871
48 83 0.6890979831292275
48 49 -0.8924486261008024
1203 1168 0.7797102578772467
1203 1204 1.7532820561107723
14 49 -1.906100082491091
14 1204 0.5286039763637264
14 15 1.6591863224808154
49 84 -0.14886327927659393
49 50 0.16111584658263667
1204 1169 1.194705444754144
1204 1205 -0.42763725564331345
15 50 0.42312446573558854
15 1205 0.10032319473982187
15 16 -1.8048525497139434
50 85 -0.16291808447883477
50 51 0.6458085861933256
1205 1170 1.1413371466544406
1205 1206 0.6990592300291784
16 51 -1.3968019227152761
16 1206 0.5166193496352135
16 17 -0.10337969102755591
51 86 2.3874708074750766
51 52 -1.6910437157159586
1206 1171 -0.5299928833662324
1206 1207 0.24278844409830136
17 52 1.5723620265854101
17 1207 -0.10908968759445575
17 18 0.13600876046570237
52 87 -1.072101237937316
52 53 -1.3369631145661511
1207 1172 -0.8031259761013901
1207 1208 -1.507727661075707
18 53 -0.5392143273454333
18 1208 0.37268272956854887
18 19 0.0540848949194191
53 88 -0.17108295948325034
53 54 -0.28903983742665
1208 1173 -0.292974854766334
1208 1209 -0.1363808667218404
19 54 -1.0359992698188685
19 1209 -1.6550600636406092
19 20 0.5224586084244561
54 89 -0.5957838348809437
54 55 0.1583497814624142
1209 1174 1.4581542277840611
1209 1210 -1.2316729278308238
20 55 1.401404609361275
20 1210 -0.28199858763257113
20 21 -0.3675669754108069
55 90 -0.23289105908425922
55 56 -1.0810266307834908
1210 1175 -2.2001672788370596
1210 1211 -1.8077715743283669
21 56 -0.06859840619938619
21 1211 0.15761970098139755
21 22 -0.02901182035944989
56 91 -1.701166845480063
56 57 0.38735339521903744
1211 1176 -1.3036452665335063
1211 1212 -0.7276604325047037
22 57 1.7620310897608802
22 1212 -0.18743841253667487
22 23 0.4067903877575378
57 92 -1.8445585400691096
57 58 2.762389112416927
1212 1177 1.248622677477368
1212 1213 1.2917163329005208
23 58 -1.4162184061473126
23 1213 -0.2542685263442511
23 24 -0.2590734145538753
58 93 1.1222339184683114
58 59 -0.5678987075387142
1213 1178 1.4909733392175197
1213 1214 -1.0475544321133274
24 59 -1.0121220774636337
24 1214 -1.3377912136587733
24 25 0.5204153877016495
59 94 0.0794817379497072
59 60 -0.5336817737281633
1214 1179 -0.4971196043393763
1214 1215 2.007098412912236
25 60 1.5964801936370756
25 1215 0.6194839221005844
25 26 -0.001293163275939585
60 95 0.23339364836817525
60 61 0.4435576184299682
1215 1180 0.9677222033059282
1215 1216 0.5056622169770155
26 61 2.5466869452018868
26 1216 -2.1058475579945246
26 27 0.2043204188205041
61 96 0.2531177431603103
61 62 -0.6835299131756752
1216 1181 1.7438842092504787
1216 1217 0.5163029701469992
27 62 0.04065515307632749
27 1217 -1.220832828868524
27 28 -1.693410724145607
62 97 1.120905170650906
62 63 -2.0755902063488993
1217 1182 -0.8173963457095559
1217 1218 0.0576723669308739
28 63 0.05366761278276005
28 1218 -0.3021416442269792
28 29 -1.2469178314045661
63 98 -0.1867036837550321
63 64 1.8727159267478954
1218 1183 0.8811057550621343
1218 1219 -0.48886662308793594
29 64 -0.9375276209016815
29 1219 -0.5722114378055309
29 30 -1.3564541951218645
64 99 -0.9130146696605332
64 65 -0.18797790067332756
1219 1184 -1.9997896107474822
1219 1220 1.2154607731855052
30 65 0.7068348744899444
30 1220 -0.9794875992569437
30 31 0.381746412769553
65 100 1.1669715060000523
65 66 -0.10177665241418192
1220 1185 -0.6911305908982834
1220 1221 -1.0788315233927699
31 66 0.14047889007750475
31 1221 0.8763748937452975
31 32 -0.239791681314944
66 101 0.05509623717002971
66 67 0.884826695177149
1221 1186 -0.42021222566753613
1221 1222 -0.786070815508918
32 67 0.28238521277827083
32 1222 -2.1062190046269746
32 33 2.588291976225557
67 102 0.07891096113958598
67 68 1.4801441671120625
1222 1187 1.0073785866720837
1222 1223 1.8989491377918086
33 68 1.5834663358873287
33 1223 0.13930863869744042
33 34 -0.29787438882263656
68 103 0.12736949557692265
68 69 0.1258083515880703
1223 1188 -0.4157678670689293
1223 1224 2.3650493144887554
34 69 0.2816705066382908
34 1224 -0.4803552428217811
69 104 -0.11713326329768226
69 70 0.9199054530118262
1224 1189 -1.570277224008659
1224 1225 -0.15301003185955717
70 105 -0.12140097677045102
1225 1190 -0.06367653552546562
71 106 1.7334267461920303
71 72 0.40546169833593865
71 105 -0.0506220895407934
72 107 0.1565890876543578
72 73 -0.863646097832058
73 108 -2.050064808469381
73 74 -0.048602438903237136
74 109 0.09942470542846188
74 75 0.7132289545102651
75 110 -0.8473104520473158
75 76 0.20150235035145111
76 111 0.22879619595308537
76 77 -0.9200559447468483
77 112 -1.0709500800326592
77 78 -1.6365035467425255
78 113 0.5310297490805788
78 79 1.3235144602174407
79 114 0.42293994384917255
79 80 -0.5844523145759506
80 115 -2.3103988554566577
80 81 -0.344402228980607
81 116 1.0427013922815451
81 82 0.8883395189237453
82 117 1.714647857416634
82 83 1.0444146497857583
83 118 -0.9686299266711236
83 84 0.2698553224345864
84 119 -1.6930654071637004
84 85 -1.4278215138533894
85 120 0.6873078943910077
85 86 -0.7040912849560954
86 121 -0.2670702967120271
86 87 0.5045071689273949
87 122 -0.10806419795154812
87 88 -1.270613481805187
88 123 -0.4199605824658446
88 89 2.6359007688610805
89 124 0.5384358672935707
89 90 1.3386440760619667
90 125 -0.7706553316857916
90 91 -1.067258329396266
91 126 -1.0135808528809882
91 92 -0.7394173957746716
92 127 -1.0138081757691562
92 93 0.8703522523701888
93 128 -1.3546940619071106
93 94 -0.27060212634499453
94 129 -0.1424623207957968
94 95 0.758944383258294
95 130 -0.9399345144773149
95 96 0.7067829954927559
96 131 0.1946205900569791
96 97 -1.5019159900583081
97 132 -0.05255336093932808
97 98 -0.32599763152759514
98 133 2.153628925122464
98 99 -1.6273626452675403
99 134 -0.4592094191692884
99 100 0.5128797867177494
100 135 0.11467095290151917
100 101 0.34132476179938676
101 136 -0.1241541829930369
101 102 0.5585015265664738
102 137 0.2912276737422609
102 103 -1.031832195923257
103 138 0.8308211051739223
103 104 -0.11214483230507374
104 139 0.4847687894257333
104 105 0.7453896558252354
105 140 -0.29789303579608395
106 141 1.0562079740870673
106 107 -0.905246025178559
106 140 0.3269932694432854
107 142 -0.5446384920580473
107 108 0.06388613891624796
108 143 -0.1824977270262073
108 109 -0.640595848998767
109 144 -0.0029685715811415547
109 110 -0.8830237698073742
110 145 -0.3203646801741991
110 111 -1.1320744462850636
111 146 -0.4575866918987436
111 112 -2.1760658978211467
112 147 -1.827888483961893
112 113 0.5908399761823634
113 148 0.7258071471108837
113 114 0.28220785542759996
114 149 -1.4006423342243124
114 115 -1.3457410816336133
115 150 0.7563269774501263
115 116 1.7212730058947647
116 151 -2.345863200804644
116 117 1.8848157836744954
117 152 -0.10853595512293973
117 118 1.202499685267594
118 153 2.133440613930246
118 119 0.5658367678868955
119 154 -0.49615638991555516
119 120 0.36829650970382577
120 155 1.9115812775519154
120 121 1.5757602134124247
121 156 -2.520409401053795
121 122 -1.9673919622341385
122 157 -0.8132431029983896
122 123 -1.6494500486233317
123 158 -0.4421458161396963
123 124 -0.5981397598243662
124 159 -0.23790896091896177
124 125 2.1629154355601874
125 160 -0.48960944158205666
125 126 -0.8887534750062486
126 161 -0.27006159351081294
126 127 -2.0482181074763277
127 162 1.3595154406130503
127 128 -0.703516993773611
128 163 0.39103102572603543
128 129 0.43591952864807726
129 164 -0.2581888903028122
129 130 -1.0059189131274393
130 165 -0.34430249395220525
130 131 -1.045055339232226
131 166 -0.7067254038080161
131 132 0.8438969095812658
132 167 0.44230033693166176
132 133 0.10927546646446197
133 168 1.3188671427580552
133 134 -2.13892881863904
134 169 0.38842080563839754
134 135 -1.8178421235301632
135 170 -0.24962589970490234
135 136 0.14426573336599716
136 171 0.2263771003570391
136 137 0.19364339688895837
137 172 0.21440803194901337
137 138 1.4044646995907368
138 173 2.303238420694706
138 139 -0.14921402430376504
139 174 -0.06966487412952846
139 140 0.24521879584960424
140 175 1.1576182823766088
141 176 0.22280929745680986
141 142 -0.3412035279839728
141 175 1.160311796438619
142 177 1.4974137785670578
142 143 -0.7237695192766652
143 178 0.5265916892042509
143 144 0.10616960614716048
144 179 0.8401333390760515
144 145 1.589426941012527
145 180 -0.9731260856475391
145 146 -0.96129184544734
146 181 1.3793924574419463
146 147 0.027178733872070256
147 182 -0.7351514305997784
147 148 -0.3194047946965675
148 183 -0.9045462650433383
148 149 0.9386526673705874
149 184 -0.8010596373130531
149 150 -1.960271369000034
150 185 -0.3876425411604545
150 151 -0.5447216995202336
151 186 0.28647591429912717
151 152 1.1376856086620104
152 187 0.21346894663398996
152 153 1.845428244516624
153 188 -0.2362485096058577
153 154 -0.32812410369068107
154 189 0.21855051976970488
154 155 0.38383428586715884
155 190 0.07991434014989333
155 156 0.15047642435542044
156 191 0.26873155344939553
156 157 0.2428135271318489
157 192 1.1820041934999328
157 158 0.32114711554194136
158 193 0.11968505576357899
158 159 -0.6610300338569718
159 194 0.576196649307744
159 160 0.3388113903514923
160 195 -0.6778494947328475
160 161 2.187178322756805
161 196 -1.8702836521535025
161 162 -0.592574399648523
162 197 -0.9121659978469929
162 163 1.1054887869521017
163 198 1.1852023081050955
163 164 1.088231893890854
164 199 0.3858483085995254
164 165 -0.2120425647833378
165 200 -0.5745073676224057
165 166 -0.6562358423197924
166 201 1.1947817209941032
166 167 0.535358921648569
167 202 1.3684953757193055
167 168 -0.5682342154613131
168 203 -0.19642832786210812
168 169 0.46320841348720415
169 204 0.47975977917668994
169 170 0.4578468596137378
170 205 0.48071160161117876
170 171 -0.24970822219646158
171 206 1.2745525345577184
171 172 0.6283780559977116
172 207 -2.045763959877689
172 173 0.5256933677997618
173 208 -0.006931409193663448
173 174 0.9245153398706389
174 209 0.11524268398935575
174 175 -0.6822004730870207
175 210 0.7340849454260614
176 211 0.03477405102633914
176 177 -0.7473851881153809
176 210 0.10181349034833713
177 212 -0.7141062985164992
177 178 0.23785309780672612
178 213 1.8323020559274177
178 179 -0.061921329703729766
179 214 0.19540522246095599
179 180 0.09700494166540538
180 215 -1.466725173879742
180 181 -0.8541011909869711
181 216 0.02337326017123802
181 182 -0.5068460764359132
182 217 -0.34295104856821707
182 183 0.5370539028505172
183 218 0.06903146695317726
183 184 0.9217500497234415
184 219 -0.2167882567267574
184 185 1.788724588496469
185 220 0.13854635641752028
185 186 0.08914866315538782
186 221 0.33501108262979207
186 187 1.1071406573479445
187 222 1.0050265337462343
187 188 0.9944974025674994
188 223 0.4254282483626212
188 189 0.2948295968452046
189 224 -0.692003236865703
189 190 0.06451920951619278
190 225 0.03356211030336478
190 191 -0.7490741723608001
191 226 1.5747787356905478
191 192 1.844609973546246
192 227 0.32943455839153496
192 193 -0.801964624601461
193 228 0.9607136557588074
193 194 0.6944654906789042
194 229 -0.1321549950533199
194 195 1.3858195405327092
195 230 0.41542384723496306
195 196 -0.8783870085072906
196 231 -0.10680127158676322
196 197 -0.6300192354945062
197 232 0.8118610181030858
197 198 -1.6032803056044358
198 233 -0.8221030774020985
198 199 -0.9626669192132903
199 234 -0.7064716119839956
199 200 -0.49707454173887056
200 235 0.9581067874252653
200 201 -0.3847970046185559
201 236 1.2325855545670361
201 202 -0.7889807960316126
202 237 0.22172526903910278
202 203 1.0587784177391182
203 238 1.634880708270197
203 204 -0.41775558042605765
204 239 0.7631397679125371
204 205 1.0686243857289508
205 240 -3.1248877913309188
205 206 -0.055029300970554224
206 241 0.794402959173028
206 207 -0.1617773975928757
207 242 0.5802994348753102
207 208 0.31354071278355056
208 243 1.1519084601311356
208 209 -0.9746019533750983
209 244 -0.33141710959137555
209 210 -0.31590099850712355
210 245 -0.10604671056374565
211 246 -2.578361162050054
211 212 0.5020172715876873
211 245 2.699557811841293
212 247 -1.8172687182676583
212 213 -1.6153538728400425
213 248 -0.27812370050165947
213 214 0.23590829551487233
214 249 2.5857291608993913
214 215 -0.020308414865941433
215 250 -0.11379130510563905
215 216 1.1722989707826623
216 251 0.8619539748375556
216 217 0.07654236350910273
217 252 0.22910050707566967
217 218 0.0921159933587353
218 253 -0.8382882081585147
218 219 -0.09231764181844511
219 254 -0.6189164531704655
219 220 0.5520374882530268
220 255 -0.650919633011927
220 221 0.30120548585207585
221 256 -0.2181010375012891
221 222 -0.7526697803929229
222 257 -0.5435073246924903
222 223 0.0627074386813819
223 258 -0.2067099841304569
223 224 0.520966863205152
224 259 -0.09732912141241802
224 225 -0.1734042800728529
225 260 -0.5127022284765591
225 226 0.7199614859613201
226 261 -0.43199375358100345
226 227 3.4276007959022854
227 262 1.4965955619050701
227 228 0.04255640546675714
228 263 0.7331862674669882
228 229 0.5870508664054327
229 264 -0.19252981026246613
229 230 0.17754632489840672
230 265 -0.274173415969281
230 231 1.1310449064285968
231 266 1.5514147711781836
231 232 -0.9939243816920251
232 267 -1.1876914498798825
232 233 -0.6515447113541133
233 268 -0.6793141883242276
233 234 0.661439237238809
234 269 0.06850115071051092
234 235 -0.03170140758899482
235 270 -0.719419544808549
235 236 -0.43026907893286226
236 271 0.8538109427155166
236 237 -0.6097536125057772
237 272 2.006894337574759
237 238 0.49944106730838744
238 273 -1.2294221194022863
238 239 0.2852181194002817
239 274 -1.6024762401911548
239 240 1.2542323354235134
240 275 -0.5378324252145229
240 241 -1.1121278377881383
241 276 0.3355570714683243
241 242 1.6221013936703752
242 277 -0.44059513199621536
242 243 1.4967105688227857
243 278 0.842839688496885
243 244 0.4744613434436986
244 279 -1.579934446183351
244 245 -1.4573488185223036
245 280 -1.4947867986307837
246 281 1.2618764619307634
246 247 0.052531849048988354
246 280 -0.2909389969443849
247 282 -0.908400487345288
247 248 -0.7486277218600422
248 283 -0.524224789476688
248 249 -0.5488213796630771
249 284 -0.5078213433383121
249 250 2.619687293380985
250 285 -2.4526826630595635
250 251 -0.39434713794422704
251 286 -0.8162982969733857
251 252 1.8887002799418702
252 287 -1.0605338145209613
252 253 -0.4388765841545551
253 288 2.228599362476695
253 254 -1.7522059609788214
254 289 0.6759128852425172
254 255 -0.5328819957296099
255 290 -1.4285997881787802
255 256 -0.5513020100222066
256 291 1.5375966160588284
256 257 -0.6994816930653743
257 292 0.7936732171642105
257 258 0.35395213080090326
258 293 1.564988733881788
258 259 -0.8535718526099504
259 294 -0.9232781828553098
259 260 0.03609152813336338
260 295 -1.0403768863595695
260 261 0.5776847430287619
261 296 0.5437588590896617
261 262 -0.505318965615024
262 297 -1.376821339703112
262 263 2.042474902832358
263 298 0.2922712842049184
263 264 -1.6372062186302
264 299 -0.6198730007811787
264 265 -0.5997024452246628
265 300 -1.3526285075136253
265 266 -1.2413875837400064
266 301 0.5778836636064615
266 267 2.7648475334455016
267 302 1.1024792406129817
267 268 0.08989226763603136
268 303 1.0516602027017325
268 269 -0.9001470475016535
269 304 -0.17975220752704418
269 270 -2.041142846778417
270 305 -1.152696914008533
270 271 0.6258369583473803
271 306 -2.52547473001573
271 272 -0.4604207820885766
272 307 0.28852142239942274
272 273 0.4010206933434515
273 308 -0.08960915086255929
273 274 -1.2949501173134181
274 309 -1.6423401610908748
274 275 2.783839316621337
275 310 -0.1215375093775997
275 276 -0.7304396077008577
276 311 -0.8931141417362674
276 277 0.10711251038505104
277 312 1.1585540514310646
277 278 -0.5663604256778538
278 313 0.23205350139381306
278 279 -0.0930555925470001
279 314 0.8966684177318311
279 280 0.988113891258572
280 315 0.5404230473023988
281 316 0.478687985061471
281 282 -0.8955253891165077
281 315 1.5977690397426514
282 317 1.3939507517657046
282 283 0.10349167073781707
283 318 1.2254852817238433
283 284 -0.4894041957675441
284 319 -1.042577607165855
284 285 -0.9749666206183502
285 320 0.013860062589841146
285 286 2.1396359862332064
286 321 -0.7747852313171414
286 287 -0.21386290685425563
287 322 -1.1182313562883128
287 288 0.12352685415561236
288 323 0.547482879536295
288 289 0.10668607676427222
289 324 0.39125315356232354
289 290 1.3995070133857952
290 325 0.5965058698621529
290 291 -0.2882935164826786
291 326 2.1595735668535654
291 292 -0.0689851597578722
292 327 0.15885483013355076
292 293 0.8198940206877038
293 328 -0.5132590764215441
293 294 1.1303646327063026
294 329 -0.11054993745712753
294 295 -1.6293125812525548
295 330 -0.608265277824457
295 296 -0.5145362631351393
296 331 0.6902015643356317
296 297 -0.24443329735617972
297 332 0.13103819049932786
297 298 0.37516939915681513
298 333 -0.9851532415798275
298 299 0.24138840250225316
299 334 -0.7671735213000549
299 300 -0.14785986757460065
300 335 -2.092591682465883
300 301 -1.470390081260506
301 336 -1.6276566630699993
301 302 2.2480440023022576
302 337 1.1513670477624744
302 303 0.8096508458224148
303 338 -0.17780288256625226
303 304 -0.24536066760699635
304 339 0.7398233743434067
304 305 -1.0172916992469048
305 340 0.28541015101207834
305 306 1.0244345272098776
306 341 0.17069346827701098
306 307 1.5172803055009996
307 342 -0.11920043987763627
307 308 -0.1592632026770514
308 343 -0.9105061663042114
308 309 0.4695373834873007
309 344 0.38277957145833963
309 310 -2.6697525328689236
310 345 -1.7067067571347554
310 311 -0.32869634204790654
311 346 -0.5385815920052501
311 312 1.3546029207959966
312 347 -0.311514666235727
312 313 -1.7132862589470945
313 348 -0.8870544474721532
313 314 0.4919922145891412
314 349 -1.97170117501732
314 315 1.4826900711977773
315 350 -0.5768566581001634
316 351 -0.022337230867695106
316 317 -0.05181002604645136
316 350 -0.5508386232963702
317 352 -1.0043672075396963
317 318 -0.0054275553882368556
318 353 0.2763093177368087
318 319 -0.5377338698004244
319 354 -0.7883355409276741
319 320 -2.6814044159327906
320 355 1.3893670053942409
320 321 -0.7006957695528738
321 356 -1.1977177581433707
321 322 -1.3790403626920449
322 357 0.5166336141870088
322 323 -1.790905107126258
323 358 0.43152039141482446
323 324 -0.11604971965504476
324 359 -0.254257190262002
324 325 -0.12206350193767967
325 360 0.0942386464288639
325 326 0.4908644227580063
326 361 0.5311333208670768
326 327 0.3281292505670085
327 362 0.08278112896969551
327 328 -0.636763025543729
328 363 -0.5620001905095902
328 329 1.0086494623857938
329 364 0.030734414409005303
329 330 -0.8318671727507954
330 365 -0.29548308222229946
330 331 -1.197191363172056
331 366 0.06617268534154286
331 332 -0.8689004557141147
332 367 -1.4778528064798637
332 333 -0.364007415750098
333 368 -0.097981653287173
333 334 -1.2789165883798423
334 369 -0.9917213167518633
334 335 -0.7334189792814605
335 370 2.4374474497105245
335 336 -1.2417843442588745
336 371 0.5221423010204281
336 337 -1.2548053628778817
337 372 0.6585259837017087
337 338 -1.4459214540884147
338 373 -0.690581708771031
338 339 -2.0103629634302598
339 374 1.2191759572070913
339 340 -0.45211169349169633
340 375 1.3004972528143453
340 341 0.8643063484366523
341 376 -1.4074934029161943
341 342 0.385973271058587
342 377 1.2712593515139288
342 343 -0.9088340725326509
343 378 0.6044390048645858
343 344 -1.2463586981786183
344 379 0.484646516114184
344 345 -3.002095087586583
345 380 0.10366324076019491
345 346 -0.5956508948487026
346 381 0.7365109106555106
346 347 -0.26254519026781575
347 382 0.7825271987431341
347 348 -1.3364635993199936
348 383 -0.3816327473120455
348 349 1.0148150823120896
349 384 0.13921011690455024
349 350 -0.2982799342287002
350 385 1.2229615051722134
351 386 0.7566637041398157
351 352 1.1907758513222664
351 385 0.8991605145796349
352 387 0.4781832282654127
352 353 -0.6877694807416131
353 388 -2.013628002768484
353 354 0.070494400378998
354 389 0.020933085043332238
354 355 0.7610101014065281
355 390 1.0498706004590126
355 356 -0.7762673328441522
356 391 -0.4859673274563796
356 357 0.6587287684050019
357 392 0.02866503851450621
357 358 -0.11404762643619051
358 393 0.759531668595776
358 359 1.0056809866243919
359 394 1.019330048227329
359 360 1.408002240199993
360 395 0.12556011445708712
360 361 -1.6335632491627434
361 396 2.033857356621785
361 362 -0.32322248656071534
362 397 -0.6491117533123688
362 363 -0.8504159503228703
363 398 -0.17715013159042153
363 364 0.6238622958173369
364 399 0.25917588165411365
364 365 0.8918381539043865
365 400 -1.431438381462954
365 366 0.16608745413258708
366 401 1.0406255487014495
366 367 0.8702800782399507
367 402 0.3653363715243766
367 368 -0.8876455718096883
368 403 1.6482969609890739
368 369 0.5775122780660163
369 404 1.167013458239135
369 370 -0.5719380628847031
370 405 1.0777845112021298
370 371 0.058008837646883846
371 406 -0.13282206692489973
371 372 1.0136232162016954
372 407 0.5840315090938919
372 373 0.4430883276710721
373 408 -0.08015550405673416
373 374 0.5475726903662564
374 409 -0.30365029876145705
374 375 0.6615621936808123
375 410 0.07294488791467392
375 376 -0.22091299272428283
376 411 -0.5319444028023477
376 377 -0.05526555034386396
377 412 -1.072024349639665
377 378 0.6021757838308096
378 413 -0.883916173830438
378 379 -0.6139506705353727
379 414 0.6283811855655865
379 380 -0.12718327408878743
380 415 -0.13254707663468984
380 381 0.7674292732019603
381 416 -0.9930439190646674
381 382 -0.7849580018702388
382 417 1.0213893193572072
382 383 0.6063425309135863
383 418 -0.07180951759857924
383 384 -0.5154901191732028
384 419 1.5034020621383342
384 385 0.8304230071689662
385 420 -0.5294025163834336
386 421 1.1509812908694805
386 387 0.3706802857531827
386 420 -0.06460159277675641
387 422 -0.2979613654024383
387 388 0.3779009031076426
388 423 0.995100477659445
388 389 -1.050196070993894
389 424 -0.941095384697815
389 390 -0.04544831151255171
390 425 0.9838451627437113
390 391 1.215004021736704
391 426 -0.09802379009117139
391 392 0.18749367049172525
392 427 -1.0692855474565306
392 393 1.9657028376670027
393 428 1.1075163411160158
393 394 -0.9409913197957204
394 429 0.22038896738528987
394 395 0.06707607300080028
395 430 1.964107465638713
395 396 0.3834931248984579
396 431 -1.5543086618140003
396 397 -0.5041513737377707
397 432 1.6505914488745745
397 398 1.1005882863679328
398 433 0.4734322119256381
398 399 0.13897551345524
399 434 0.7289619931042097
399 400 1.9983753052083273
400 435 0.6296111800612826
400 401 -0.28114936555179776
401 436 0.6060161703559417
401 402 -0.2793006944455027
402 437 0.6327572775961826
402 403 1.0494295899160908
403 438 0.8183767994610038
403 404 -0.183882698625647
404 439 -1.6756612315979167
404 405 -0.46907577448820054
405 440 1.014350635439498
405 406 0.5431187269214365
406 441 -1.5984929556353722
406 407 -1.1445367978133294
407 442 0.32947788111691245
407 408 -1.5898593239086547
408 443 -0.04314583731656942
408 409 0.830571191165342
409 444 0.997925596930295
409 410 -1.5133536919586377
410 445 -0.7163529573260428
410 411 1.2945164953636437
411 446 -1.476475338549557
411 412 0.9934081149502106
412 447 -0.0612009069893465
412 413 -0.5088295281757658
413 448 -0.4232892343144147
413 414 0.24351462496111562
414 449 -0.0745930717985752
414 415 -0.9511029708427627
415 450 -0.44556075546225143
415 416 0.5543712720052594
416 451 0.09885126422426091
416 417 -1.482349272969017
417 452 0.057934377391125336
417 418 0.29687495713380974
418 453 0.8423879064725592
418 419 -0.008536529552566247
419 454 1.373212898991403
419 420 -1.3388358484133989
420 455 -2.0450507423224584
421 456 -0.26197679543896424
421 422 -1.9803178010112952
421 455 -1.8516963749069497
422 457 -0.07531092384588906
422 423 -0.6829177462524745
423 458 0.9002721863565835
423 424 -1.3040486763428287
424 459 0.7325737361208988
424 425 -0.5293756982430167
425 460 0.2653914921455068
425 426 1.5964813078752367
426 461 -1.5093837075132877
426 427 1.8425771460648914
427 462 0.6400013690936713
427 428 -0.2895363972475905
428 463 -0.08451900785609358
428 429 1.690920761800163
429 464 -0.3364451096953236
429 430 -0.399878066137672
430 465 -0.4849084876456887
430 431 -0.4754282451317635
431 466 0.4556860769195165
431 432 0.38513421822219834
432 467 0.04091224564414528
432 433 1.0787218153355251
433 468 1.7621577227289038
433 434 0.02688178735208233
434 469 0.5490494356747141
434 435 0.8478779463977671
435 470 0.7813660260116263
435 436 -0.4267257438634006
436 471 -2.3639252588694752
436 437 0.10788923460212997
437 472 0.018038293500017184
437 438 -1.1198363066122776
438 473 -0.36319667351970525
438 439 1.2140273560890817
439 474 1.4974186834020051
439 440 -1.5946062420159706
440 475 0.7881577273166023
440 441 -1.3427315217376712
441 476 -2.0529424820720026
441 442 1.2340129282616978
442 477 0.841225427020767
442 443 0.6817754552516635
443 478 -1.6103587327009627
443 444 0.3448842443407655
444 479 -0.6484152166150072
444 445 -2.4176999339849305
445 480 -0.4075173710772663
445 446 -1.2928685890296732
446 481 -1.2367098508230563
446 447 -0.06993600712777964
447 482 1.132388195508644
447 448 1.4440334524939629
448 483 0.5397248004452136
448 449 -1.9107488982156808
449 484 0.058007850639476215
449 450 -0.062447078617543506
450 485 0.07018878647266265
450 451 1.2946371223356392
451 486 -0.21029030081398023
451 452 1.0232389659675198
452 487 -1.419506115967625
452 453 -0.5958654748287175
453 488 1.362967737614975
453 454 -0.6798098611887908
454 489 0.3322468796564701
454 455 1.6513227571942082
455 490 1.051731389560169
456 491 -0.6437524829565924
456 457 -0.39937466066483335
456 490 -1.8670577494001594
457 492 -0.7086991034440355
457 458 0.7460917080282005
458 493 0.530604699424963
458 459 1.433647368145172
459 494 0.30361825100772555
459 460 0.5554283714581043
460 495 1.2748703787814486
460 461 -0.6135226612274653
461 496 1.0564516472117684
461 462 -1.671764517020388
462 497 -0.3431710068823707
462 463 -1.3030525631057623
463 498 -0.33521650262783065
463 464 1.3760351628316982
464 499 -0.16719480071575865
464 465 1.082780133696913
465 500 1.4712674087413078
465 466 0.4737277533012117
466 501 0.7044989877547212
466 467 1.5285327339153492
467 502 0.2500721736727291
467 468 0.8578648591074793
468 503 0.9369751347627205
468 469 0.7802022855363405
469 504 -0.00985577964402099
469 470 1.3940038099429457
470 505 -0.2458031727807541
470 471 1.5092663030216364
471 506 0.27281901370256867
471 472 0.86057321654273
472 507 1.78478188230196
472 473 0.3765964575918759
473 508 -1.7214542240795132
473 474 -1.1991248937150332
474 509 -1.5028536114505378
474 475 -0.3088320415011546
475 510 0.6738881811092391
475 476 0.6776144967575842
476 511 1.1986072350503383
476 477 1.2787754784946066
477 512 0.6575014993616276
477 478 0.2996754269075346
478 513 -1.0201989680379056
478 479 1.4702882602731528
479 514 2.090890373505722
479 480 0.5474863452469855
480 515 -0.5438384994124449
480 481 0.17111520615110692
481 516 1.0156837882419107
481 482 -0.3177389232455215
482 517 0.4332632456094168
482 483 0.09113914130971143
483 518 -0.1370793944926633
483 484 -1.001748191542751
484 519 1.3123471018399488
484 485 0.8272606969016596
485 520 -0.16465564203485658
485 486 -0.9326384539767563
486 521 1.3048988101063446
486 487 -1.6107869454359183
487 522 -0.4263646073015501
487 488 0.6825991442891374
488 523 -1.4662835901589992
488 489 -1.0573958687779852
489 524 1.8639851930226186
489 490 0.7745350588135111
490 525 -0.674054235007477
491 526 0.3512619972348079
491 492 -2.13633432043935
491 525 -0.29097215970767104
492 527 -0.522875882326322
492 493 -0.2893037230611975
493 528 -0.04063516798480176
493 494 1.0005101635239022
494 529 -0.3300492119205877
494 495 -0.3410937557432049
495 530 -0.6309068656073636
495 496 0.4952448204386229
496 531 -0.3653958579750331
496 497 0.46770685266301715
497 532 -0.18574638574271474
497 498 1.1959255466350684
498 533 0.49011311733379515
498 499 0.21666095292786525
499 534 -0.24701931694258533
499 500 0.7310719453391673
500 535 -0.7163967873560683
500 501 1.264996687915403
501 536 1.2865244086148397
501 502 -1.2843801272612065
502 537 0.15945077012539757
502 503 0.11387565973035585
503 538 -0.2349061636646693
503 504 -0.2246932000361092
504 539 -0.31168558293329884
504 505 0.47073800086651213
505 540 1.1009829097398829
505 506 -0.030090096801620315
506 541 -0.07917456182101716
506 507 0.662944518243273
507 542 0.7327290928622076
507 508 -0.7194492596614794
508 543 1.835473659528275
508 509 0.7646441102458738
509 544 -1.7483747781399086
509 510 -1.7160866255444913
510 545 -0.9071105890689151
510 511 -0.8785925583112569
511 546 1.620628531153351
511 512 -0.8745233280489657
512 547 0.3330147933937039
512 513 -1.641028473925107
513 548 0.7793547201468708
513 514 -0.21900554756955531
514 549 0.77184532727756
514 515 1.5333187782217381
515 550 -0.2589049440463212
515 516 0.6239069586092099
516 551 -0.08272715470328541
516 517 1.5547249737741877
517 552 0.3302363800487912
517 518 -1.2572890084226938
518 553 1.3028490981499383
518 519 0.11253791932116415
519 554 -1.124709413367174
519 520 1.092932688842833
520 555 0.13494335600587026
520 521 -1.4271293135711116
521 556 -0.41942073720370576
521 522 1.0560745297476404
522 557 -0.9804271063179074
522 523 -0.5614769694086178
523 558 -1.356011917232677
523 524 1.4058559922700733
524 559 0.8080374567650844
524 525 1.4790995242558318
525 560 -0.33338207423436916
526 561 -1.9557233580917877
526 527 -0.6202709276119674
526 560 -0.1706335852535716
527 562 -0.9062944963753915
527 528 1.4503358710028593
528 563 0.595091056092858
528 529 1.50129242788982
529 564 -1.0972806136431266
529 530 1.0632276999244952
530 565 -0.27328914329502724
530 531 -0.1729119742177791
531 566 -0.1768881342798412
531 532 0.6301706084175128
532 567 -0.33891699391658253
532 533 1.0575390365799637
533 568 -0.0884771297504225
533 534 -0.7973257584105019
534 569 0.7322234363716107
534 535 0.9811668756147619
535 570 -0.6669308271850957
535 536 0.6484122126863701
536 571 0.8404607128850965
536 537 0.2590107089038004
537 572 0.46564781102188607
537 538 0.7733960840434972
538 573 -0.5327574362565836
538 539 0.19183880069159528
539 574 -0.33334273679640747
539 540 -0.7498812209361735
540 575 0.3150840436805618
540 541 2.2602790880625188
541 576 1.4708909994938695
541 542 0.5454893154719989
542 577 -1.3700666978432254
542 543 0.052868860847128524
543 578 0.6521744919399787
543 544 0.7218809389538092
544 579 -0.43061088844136125
544 545 1.5975975932964392
545 580 0.12043755522751147
545 546 -1.1997922092738778
546 581 -0.2500028209383534
546 547 0.999627763157017
547 582 -0.6953283935178869
547 548 0.23859405823433733
548 583 -1.0501601748089062
548 549 -1.6960030733511782
549 584 0.4913956201286556
549 550 -0.2377114243269383
550 585 -2.3155379828423515
550 551 1.959236610637605
551 586 0.02474993879627672
551 552 1.5689249297932133
552 587 -2.1227875866786783
552 553 -0.6370696185854288
553 588 -0.7007758693631508
553 554 -0.816199590190258
554 589 1.0651601271765914
554 555 0.4393882312463651
555 590 -0.6740140838976041
555 556 0.4726662736733226
556 591 -0.6253358922421921
556 557 1.0012597659734346
557 592 -2.1505752909506177
557 558 0.43034619134210345
558 593 -0.56147853532438
558 559 -1.5555845420533199
559 594 0.007778722734354311
559 560 1.6141293560606427
560 595 -0.08674965242208149
561 596 -0.15067544885418738
561 562 -1.123353584542936
561 595 0.8789924867898659
562 597 0.3535820271764762
562 563 -0.9681467636785847
563 598 -0.20175124299425884
563 564 0.19984877464890777
564 599 -0.7744380396558758
564 565 -0.4002769047559974
565 600 0.7691632095361555
565 566 -0.3717236330990648
566 601 0.015020648928228273
566 567 -1.6340195600181153
567 602 -0.6006944366123691
567 568 -0.8613771488208284
568 603 0.5576730418827016
568 569 -0.21103112730805004
569 604 0.6224973723547262
569 570 2.6520470445052546
570 605 -0.011940380426888093
570 571 1.6263280428367999
571 606 0.6302046996111318
571 572 -2.046172678938084
572 607 0.5658616329437671
572 573 -0.04439483305067949
573 608 1.6488727723941512
573 574 1.6214860662928223
574 609 0.6868657165887231
574 575 -1.5405434942961027
575 610 -0.5908602749802087
575 576 2.0555335725484563
576 611 -0.2135906003743784
576 577 0.18430201456363063
577 612 3.1179144009321607
577 578 -0.48347789917499595
578 613 0.4861757419706369
578 579 0.5064676242638246
579 614 1.152608066738171
579 580 0.22395456559859342
580 615 0.6927486692536312
580 581 0.5983038542522364
581 616 -0.5991083805455161
581 582 -1.3681863656082929
582 617 -1.1172693625775088
582 583 -0.20277885422685596
583 618 -1.1942413261276044
583 584 -0.07195301646089583
584 619 0.06949514162446997
584 585 -0.06378743579346322
585 620 0.2708714165514684
585 586 -1.3170016736694135
586 621 -1.240417381030201
586 587 0.4416272457601755
587 622 0.06453572964704345
587 588 -0.3339012521691616
588 623 1.2128585489195893
588 589 -0.9836733208328243
589 624 -1.682823872147638
589 590 -0.11424141905407867
590 625 -2.0358847254288586
590 591 -0.14821645411478246
591 626 0.3387221400250749
591 592 -0.3872338649188448
592 627 -0.4004802065316904
592 593 -2.0696678908813495
593 628 -1.2582368362188068
593 594 -0.6663934208929494
594 629 1.9376518559915799
594 595 -0.1944940823239032
595 630 -0.3158264936660125
596 631 1.7186190135062427
596 597 0.02065905998397649
596 630 -0.4744125083315585
597 632 -0.14192135579077408
597 598 0.9383431363065906
598 633 1.095921245158488
598 599 -1.0006433523629583
599 634 0.546754316283329
599 600 -1.3392783465255114
600 635 0.014267027212113705
600 601 -0.6798531857000449
601 636 -0.1785961390310104
601 602 -0.9357744098313061
602 637 0.8117927897470822
602 603 1.3987852957579923
603 638 -0.6072711953837472
603 604 0.48917324130261625
604 639 1.1043030302003136
604 605 -0.7752448554208561
605 640 0.8004059737783313
605 606 0.7322092944401172
606 641 -0.4478618739887372
606 607 -0.6144905612431444
607 642 2.0914195386835672
607 608 -0.0903860940157472
608 643 -0.9484469633006709
608 609 1.712523885925235
609 644 -0.48579139719039277
609 610 -0.5243063473151213
610 645 0.3575778928709547
610 611 -0.40609934708805473
611 646 -0.6461035543781861
611 612 -0.5782619492873289
612 647 -1.113574131348473
612 613 0.12724547036806738
613 648 -0.330431030029512
613 614 1.257140316056568
614 649 0.20339760322627634
614 615 -0.965114735012981
615 650 0.1689894904055134
615 616 0.823061309377523
616 651 -0.6710204917302612
616 617 -0.09438507838385754
617 652 -0.15489463893817987
617 618 0.5835494198929294
618 653 0.47856426885121545
618 619 -1.4700581470009197
619 654 0.6188349948132154
619 620 1.0147482290568912
620 655 -0.7140829258280182
620 621 -0.40851534096651826
621 656 0.6692988752819901
621 622 -0.9701687298143634
622 657 -0.35766345560071794
622 623 -0.7339414825152095
623 658 -1.7393780538339259
623 624 0.36047251211752485
624 659 0.005904030598553013
624 625 0.543466691117511
625 660 -0.22064901924937627
625 626 -1.0912533522315553
626 661 -1.9574441352527192
626 627 -0.11722485642179671
627 662 -2.504658386052964
627 628 0.9236211249536314
628 663 1.1321199943127114
628 629 0.1479733660874732
629 664 -0.06762887623484122
629 630 1.1789154198382992
630 665 -0.3177979191053663
631 666 -0.5405815727459629
631 632 -1.0252391351994459
631 665 0.2632976104765761
632 667 -0.07737769809455367
632 633 -0.8704764336283877
633 668 -0.0835666365629657
633 634 -2.193933588289078
634 669 -0.8146621824327664
634 635 -0.03409409831534357
635 670 2.1804295739152555
635 636 2.8077724109112303
636 671 0.9528897916326811
636 637 0.46522545792877085
637 672 0.40249861489645067
637 638 2.076019393343776
638 673 0.5253432492595527
638 639 2.685647398067381
639 674 0.14180987655049873
639 640 2.5599739796353194
640 675 0.3618890720947098
640 641 0.6318452123965917
641 676 -0.3455528554579476
641 642 -1.7382935401758137
642 677 -0.7600502031767516
642 643 -1.6412609547235961
643 678 -0.7458431820282314
643 644 -0.5805344433904646
644 679 -0.8731237819235718
644 645 0.7039960875156541
645 680 0.21606046761192804
645 646 0.2990762171013734
646 681 -0.4807697592854429
646 647 0.5025838794525666
647 682 0.44211066221670137
647 648 0.09258524961180609
648 683 1.1154134482405968
648 649 0.37348206635911957
649 684 -0.06464641175434686
649 650 -0.2707973751117774
650 685 0.6793199221805402
650 651 0.2884379432762289
651 686 -0.7852624789916066
651 652 -1.489477120995523
652 687 -0.5225675409079314
652 653 -3.1267952477631016
653 688 -0.4608348521626019
653 654 -0.2674231116798409
654 689 0.39963666991636937
654 655 -0.796509599737096
655 690 1.0729425946126205
655 656 -1.0565604773053034
656 691 -0.5243379305175615
656 657 0.43155174509830324
657 692 -1.5636051533832658
657 658 -0.27224821181267417
658 693 -0.34217540682552405
658 659 -1.60526794877837
659 694 0.48916730940078457
659 660 0.060926657451321774
660 695 -0.6178041661178321
660 661 0.14608916848831258
661 696 1.133867087861352
661 662 -1.6162805804517455
662 697 0.4883081572960671
662 663 -0.41303892379680646
663 698 1.0221104076669485
663 664 0.45481759041466646
664 699 -1.532566740079725
664 665 1.3872955225771315
665 700 2.1121816266929314
666 701 0.3266248779268494
666 667 -0.9288615302951886
666 700 -0.7473229289106454
667 702 -0.22325048282565438
667 668 -3.716854423714315
668 703 -1.5715449914932669
668 669 -1.1217038279146
669 704 1.5377497584211268
669 670 0.6692917797204792
670 705 0.41863700363377604
670 671 0.12359259710033954
671 706 -1.482181394751954
671 672 -0.26871219378973493
672 707 1.2439643028546303
672 673 -0.03468359840830899
673 708 -0.9074632235233665
673 674 -1.7707210356922491
674 709 -0.24387229062953747
674 675 -0.3515239727411543
675 710 0.6057918815648436
675 676 1.1904021247033278
676 711 0.5930726625282384
676 677 1.2935229024191717
677 712 -1.754262730331619
677 678 -1.2072936494140296
678 713 0.5712499452336491
678 679 0.5240379352361562
679 714 1.6321487393398213
679 680 -0.09673257687400329
680 715 -1.233877047066968
680 681 0.4832143428723226
681 716 0.4798802284806558
681 682 -1.8917666354375235
682 717 0.5544013353468914
682 683 0.9245441184947774
683 718 0.6935953184989339
683 684 0.11312936350244117
684 719 -0.16373631333702632
684 685 -1.45655936700771
685 720 1.7769579101137485
685 686 -0.500197890374998
686 721 -0.13350766874507325
686 687 2.09559758340001
687 722 0.966058850652473
687 688 -1.1637253145402473
688 723 -0.6480139149408267
688 689 0.3054197233538062
689 724 -0.21084305852887036
689 690 0.43901571322602884
690 725 -0.1282393546228686
690 691 -0.19226633645715202
691 726 1.8567433559352005
691 692 -0.6591525576593559
692 727 0.8162116573216684
692 693 -0.9886936622219064
693 728 0.13335619299565313
693 694 -1.4571961824660025
694 729 -0.09879557832838225
694 695 -0.6505114749301626
695 730 0.162820945059095
695 696 0.37562245187251214
696 731 0.8847567102058699
696 697 -0.4555506108864012
697 732 -0.26481020820057033
697 698 1.593672393032383
698 733 -0.6049102902737039
698 699 2.0456243124461326
699 734 0.25946867838952076
699 700 0.4687501065235917
700 735 1.5266982464783252
701 736 -1.1827690662744665
701 702 0.9233256661282301
701 735 -1.2655527151712318
702 737 0.23033240006508235
702 703 0.26189216467132204
703 738 -0.6285327612215164
703 704 -0.008661323874977808
704 739 0.03895205029418631
704 705 -1.23941579872733
705 740 -0.3413222877058332
705 706 -2.908807861608133
706 741 -1.0738515843027039
706 707 -0.5459231316353915
707 742 -1.5461110075863331
707 708 -1.6387632429296275
708 743 -1.1767639914294874
708 709 0.4947195757880084
709 744 -0.14563178267999888
709 710 0.037314486113450486
710 745 0.7941375687703325
710 711 1.4084224278492146
711 746 -1.1858040486411237
711 712 0.5716220775635836
712 747 0.5590900206820659
712 713 -0.12919161521001546
713 748 -1.0059809389522247
713 714 0.06874014728564591
714 749 -0.9990168659326949
714 715 -0.4184365492611134
715 750 0.29825891746284183
715 716 -0.39724703867110134
716 751 0.10799293436858436
716 717 0.5379338361073163
717 752 0.07834939679671188
717 718 0.06454451560875894
718 753 0.6925205179252939
718 719 0.22570977417197663
719 754 0.14772498377457682
719 720 -0.6993339562326094
720 755 0.6482966343044979
720 721 -1.4624461515833118
721 756 0.6742984496597307
721 722 0.21721867966214095
722 757 -0.790470632561546
722 723 2.154127616808585
723 758 -0.3845059069093172
723 724 0.7498191184483599
724 759 -0.01527339425483693
724 725 0.9150282623652674
725 760 0.13995013612800616
725 726 -1.2924952734803503
726 761 0.3581357507125588
726 727 -0.6845346327671681
727 762 -2.1017713030493685
727 728 0.20130728053405922
728 763 -0.9665228996162516
728 729 0.8204004774965005
729 764 1.2281316452807927
729 730 0.28613824809733357
730 765 0.028570584158514056
730 731 0.5135242007945859
731 766 -1.2820667588044439
731 732 2.045898283351268
732 767 0.7231079157459014
732 733 1.0801935327714824
733 768 1.1538345040879556
733 734 -0.6987488521662112
734 769 -0.3523352676636038
734 735 -0.9103785326424364
735 770 0.38396566220836115
736 771 0.44150261035220895
736 737 -0.8577194423311371
736 770 1.6319988859585586
737 772 0.10467556415744823
737 738 -0.5456064653071115
738 773 0.19258379951987167
738 739 -1.0499913778486165
739 774 -1.6619408325697096
739 740 -2.1424676404209757
740 775 -0.2947314943382014
740 741 0.23847481604435042
741 776 -0.5620412377504191
741 742 -0.9743643465021126
742 777 -0.09463739474271218
742 743 -0.27078996969011404
743 778 0.7816136792294237
743 744 -0.9241504778944357
744 779 -1.5342879042798387
744 745 -0.061390982271227704
745 780 0.28805517187743895
745 746 0.005137366152164468
746 781 0.7615236595935092
746 747 1.3028625370095859
747 782 -0.7898353537143267
747 748 1.028530752498606
748 783 -2.1350034556128903
748 749 -1.1770879952967392
749 784 0.9988361163608335
749 750 -1.011957656436878
750 785 -0.06261455958482888
750 751 -0.17871281136221087
751 786 0.44872581364032227
751 752 0.660444806041407
752 787 -1.4358652274064478
752 753 -1.2825209521172498
753 788 1.4307757604465035
753 754 -0.7338157390021397
754 789 0.15333848296228916
754 755 0.04445828350643334
755 790 -0.5089393069971083
755 756 0.5653346773798529
756 791 0.008093425962385308
756 757 -0.8474567365840879
757 792 0.1980297999367043
757 758 0.4037107037630342
758 793 1.0222692007354484
758 759 -0.07581374310117739
759 794 0.172248462486513
759 760 -1.3292277578485707
760 795 -0.592374495182292
760 761 -1.8427924140011747
761 796 -0.944812068501845
761 762 0.3804671512821119
762 797 -0.7679011961545628
762 763 -0.12486786137305654
763 798 0.2159844731792644
763 764 0.8697305056245136
764 799 0.44046161007637014
764 765 1.0219804945030173
765 800 1.075480770353433
765 766 -0.4875144308838384
766 801 -0.9322302767083381
766 767 -0.062402345940622855
767 802 1.5581361251864452
767 768 -0.6630208820322425
768 803 0.3224969183579417
768 769 0.18157173678760444
769 804 2.2893638797599767
769 770 -0.7214040896803331
770 805 -0.5636422348834439
771 806 -1.3968935115540022
771 772 -1.1027635421715503
771 805 -0.35590761848794267
772 807 0.8854942980329711
772 773 -2.3061385054760364
773 808 0.3514996384525323
773 774 0.20258965187414366
774 809 0.580173960909172
774 775 -0.06557040010066345
775 810 -0.43480897063490087
775 776 -0.1306455381234743
776 811 0.08515862397727138
776 777 0.3755532047366279
777 812 0.6706940851222137
777 778 -1.0714657718104625
778 813 0.46043275338476203
778 779 -1.1905830736437089
779 814 -1.3752778454525467
779 780 -0.8061953084922702
780 815 -0.8333390925656252
780 781 0.8688099907242879
781 816 -1.118003937854283
781 782 -0.47625577089781235
782 817 0.15401797955411042
782 783 0.13305957070383137
783 818 -0.947575888983845
783 784 -0.45803842338633316
784 819 0.057582242334641445
784 785 -0.850535920054433
785 820 -0.64672454597675
785 786 2.9651849170043403
786 821 -0.2503217546902475
786 787 1.2667518684194512
787 822 0.014725519225803086
787 788 -1.6747970398417773
788 823 0.6228203324138613
788 789 0.5361410129579971
789 824 0.7978924777439069
789 790 0.03472029855914903
790 825 0.21460239818507942
790 791 0.36966356192748356
791 826 -3.582159277208076
791 792 -0.8935861891394451
792 827 -0.8824725949386711
792 793 -0.1510870680522208
793 828 1.6728495932319178
793 794 -0.5437838591262224
794 829 1.621047292054153
794 795 1.37332936142304
795 830 -0.6516424401908965
795 796 -0.08510723520347317
796 831 -1.4299402260305487
796 797 0.33272480923771464
797 832 -0.6954918996202499
797 798 -0.5272279623307721
798 833 2.045606370265113
798 799 -0.4411644790345539
799 834 -0.3253440084592863
799 800 0.5276861214002055
800 835 -1.5805515877886045
800 801 -0.3989257191382527
801 836 -0.6456475727514689
801 802 -2.2466492564431815
802 837 -0.6641974759621905
802 803 -0.6504085492416062
803 838 -0.42703510653905746
803 804 -0.8847705232081258
804 839 -0.2580926551258109
804 805 -1.304399327418707
805 840 0.7846084564802547
806 841 0.03443133278373755
806 807 0.3936806336152729
806 840 0.06872988804634128
807 842 0.7885340184172145
807 808 0.9709824203169318
808 843 1.1172545023827056
808 809 0.3023240733259013
809 844 0.3220084458126692
809 810 0.9166634369823856
810 845 2.3391335320223097
810 811 0.6409135549917678
811 846 0.7072269854004901
811 812 0.10780091261957132
812 847 2.726426042682315
812 813 -1.3349937916705337
813 848 -0.42909196636833385
813 814 0.5425656459645906
814 849 0.6031016498009184
814 815 -2.267456433564363
815 850 0.6332086417149994
815 816 0.32068991900388377
816 851 0.8398823992072307
816 817 -1.2892813177146012
817 852 -0.6588382756494799
817 818 -0.49105064508086227
818 853 0.3185907846332233
818 819 -1.0075884103355774
819 854 -0.8912247005269609
819 820 0.6377303274430804
820 855 -1.6376619103149688
820 821 -1.5621104112292958
821 856 0.7383112920529877
821 822 0.7847252413443984
822 857 -0.8108900330523494
822 823 -0.45628909750589564
823 858 -0.4911522530179458
823 824 0.3801777277322273
824 859 -2.4402845112586453
824 825 -0.611098406792704
825 860 -0.031577139221204975
825 826 -0.8117543974345375
826 861 -0.40365291281862725
826 827 0.6430555118222175
827 862 0.2860624953886614
827 828 -1.0455363839485077
828 863 -0.5007912735592833
828 829 -1.2549877406343042
829 864 -0.3578627574190463
829 830 1.8010421672255492
830 865 -0.42561319032116035
830 831 0.09455004176644001
831 866 0.518721278084173
831 832 0.0068143177569387585
832 867 0.8752579487832631
832 833 -1.0645359031943784
833 868 1.136220093957329
833 834 0.6220176407094893
834 869 0.19026241841994856
834 835 -0.7357937911813365
835 870 0.33276230349806357
835 836 -0.7500476832812968
836 871 0.44999914192365253
836 837 -0.8815760228122093
837 872 -0.23880927664405835
837 838 1.5469188950170056
838 873 -0.42920884642273305
838 839 -0.88579108034724
839 874 -1.4969620219834128
839 840 -0.7804326457417502
840 875 2.027766510060504
841 876 -0.9715082583234776
841 842 0.6712346709495138
841 875 -2.360980358957042
842 877 -0.05127076267243772
842 843 -1.7902236394655986
843 878 -0.30856044184695447
843 844 1.7869664010034751
844 879 1.786228986841925
844 845 -1.6969987186049589
845 880 0.3459932409936456
845 846 -0.5073831349413992
846 881 1.2003793328545482
846 847 -0.6703825352970784
847 882 -1.2473234850969013
847 848 -0.3944174765209577
848 883 1.279272027177514
848 849 0.8376660885574564
849 884 -0.732097664426045
849 850 -0.4919183048662422
850 885 2.053210481059961
850 851 1.1533623273860913
851 886 0.6928896867761443
851 852 0.06993621644383187
852 887 -0.4129079021602463
852 853 -1.233072587274532
853 888 0.8538206972831272
853 854 -0.9636777743575328
854 889 -0.8495930967979678
854 855 -0.3525035130927011
855 890 -0.6101925287681483
855 856 -0.18783864369911704
856 891 1.3724978954728326
856 857 0.3167674219636628
857 892 0.606252577695956
857 858 0.6794825979342661
858 893 -1.1606253602596428
858 859 -0.9224220001038496
859 894 1.2495203186652357
859 860 -0.6619042614835159
860 895 1.2543095678170744
860 861 0.06753769492587762
861 896 -0.28052701225498805
861 862 -0.5935971265924453
862 897 0.39404230327159845
862 863 0.5677010532877559
863 898 -0.5379581454195231
863 864 -0.7542115011161361
864 899 -0.6617630013628395
864 865 -0.6314127261847876
865 900 -0.3475532195697944
865 866 -1.1173428303721535
866 901 1.3653101645901085
866 867 0.6530942103604164
867 902 1.1310505097631696
867 868 0.9423736341672062
868 903 -1.3490246381483841
868 869 0.9632131229988564
869 904 1.2381618810384483
869 870 -2.5233569033013636
870 905 1.4144330214529695
870 871 0.6729209733663069
871 906 0.3203427737830305
871 872 1.3859823877431756
872 907 0.6958626406166619
872 873 -0.05827055066925005
873 908 0.10075965112381934
873 874 -0.04589643543597492
874 909 1.2387162161213499
874 875 0.7402480133317797
875 910 0.5399800060280113
876 911 -1.9905867744667305
876 877 1.2934606338994563
876 910 0.7229576274158557
877 912 -1.275311869168105
877 878 -0.2655805458943689
878 913 0.4486648466696535
878 879 -0.21218822652326963
879 914 -0.21468032503394113
879 880 1.0753638496240818
880 915 1.1885938311821505
880 881 -0.7571045248358009
881 916 -0.3345031458590594
881 882 2.2591026188895658
882 917 -0.6108766029862309
882 883 -0.8225621835718776
883 918 -0.4587260307228901
883 884 -0.7299132933830368
884 919 -0.5408115022133216
884 885 -1.4718222684824587
885 920 -0.8657204735365065
885 886 0.4496437684312025
886 921 1.8097965386045722
886 887 -0.40618712263970697
887 922 -0.41689048500777437
887 888 -0.07784073016986073
888 923 0.14233234475403528
888 889 0.08511499876710929
889 924 1.3060650448850282
889 890 1.4082645899647661
890 925 -0.9464514952967945
890 891 -1.0985975923583011
891 926 0.9963735791846231
891 892 -1.542166898046888
892 927 2.9652898491374087
892 893 -1.8186063314232201
893 928 0.6755858398936893
893 894 -0.1606653302420681
894 929 -1.9719408359399697
894 895 0.15093923441932844
895 930 -0.14352311603443121
895 896 0.1770896410669357
896 931 1.0525637574389386
896 897 -1.4647563479559496
897 932 0.668335195928413
897 898 0.25050873483906727
898 933 0.3490614149337862
898 899 0.5407681781067736
899 934 0.45516662152260406
899 900 -0.9938566206499511
900 935 0.38772449306560325
900 901 1.8117251496672664
901 936 -1.9681045520454923
901 902 -1.3999743693261608
902 937 -0.2935901447410641
902 903 -0.2176854985743069
903 938 -0.406323983038608
903 904 -0.46698071715382794
904 939 0.5134428402969048
904 905 -1.2304246451581027
905 940 -0.5150172407118597
905 906 1.4001626902069573
906 941 1.0703160086176247
906 907 -0.7690540618945676
907 942 0.26401680479618006
907 908 0.6475826857883323
908 943 2.1894509738773613
908 909 0.6169255500781118
909 944 -0.29527376129000643
909 910 1.0414576534166728
910 945 -0.08228388398315456
911 946 -0.7477542120516185
911 912 -0.22797933732775283
911 945 0.03565783071626118
912 947 -0.004784834736948433
912 913 -1.504898268024675
913 948 0.42097851079337495
913 914 0.1656696140320621
914 949 -0.7905218135542406
914 915 -0.4461147555280347
915 950 -1.399318887816063
915 916 -1.8601046688093328
916 951 -1.0916776815263805
916 917 0.5481692462516828
917 952 -2.847340408667378
917 918 -1.0552996981513674
918 953 0.05257165560449347
918 919 -0.9398366527895887
919 954 -0.7841246616275024
919 920 -1.4142417099571833
920 955 1.6897136362340766
920 921 -0.752692550074897
921 956 0.6774582477501254
921 922 -0.4414286860823913
922 957 2.30624362454766
922 923 0.09194715897677268
923 958 0.6243079480276253
923 924 -1.641589757719549
924 959 -1.5117874305079289
924 925 0.3793694353673909
925 960 0.6576665299694786
925 926 -0.6382206979567829
926 961 0.15773248646518295
926 927 -0.00844403024021552
927 962 -0.577604641937475
927 928 -0.4999601995620718
928 963 -1.630076151429331
928 929 0.6773428814619141
929 964 0.7325620155909284
929 930 0.16537892651086414
930 965 0.008361902679445976
930 931 -0.509845534233452
931 966 0.3608034294100591
931 932 -1.0986246096200645
932 967 -0.7623021947119009
932 933 -0.9891207571748543
933 968 -0.7135689310665523
933 934 0.9441368328866466
934 969 0.34931942323855664
934 935 0.2530464355593354
935 970 -0.20506066785301402
935 936 1.5277185262907793
936 971 -1.2448991456294423
936 937 -0.7923000253497563
937 972 0.04578645156566899
937 938 1.9300616860664443
938 973 -0.10691706350109804
938 939 1.5825792722696324
939 974 1.175117557335052
939 940 2.226713544077265
940 975 -0.5902749964804064
940 941 -0.34255538886410486
941 976 -0.18818407624732336
941 942 1.654980842932644
942 977 -1.62818414101077
942 943 1.0128227128384415
943 978 -1.448349521637566
943 944 -0.11548605888750772
944 979 0.4011752534142034
944 945 1.7179240168126426
945 980 -0.5724808256359789
946 981 -0.9361906669904133
946 947 0.8928286139511403
946 980 1.1387990674297828
947 982 1.0140820005005342
947 948 0.3456106317941652
948 983 0.8618532625521703
948 949 -0.2344952437871441
949 984 -0.7111339804922903
949 950 -0.03166455392497142
950 985 -0.862829664829214
950 951 1.3751191177724515
951 986 1.1637325693750435
951 952 0.7795954472512839
952 987 0.36141896356608283
952 953 -1.1224746227436444
953 988 2.0085224106403223
953 954 1.3141147447457433
954 989 -1.5867037136183713
954 955 -0.4398071307489842
955 990 0.8159135591812677
955 956 0.2987363977626771
956 991 1.248925095936591
956 957 -1.3822452853102185
957 992 -0.2537763243115357
957 958 -0.26743081704188293
958 993 0.6059239605628778
958 959 -0.2634265842671587
959 994 0.9572177461583327
959 960 -1.2060602988317435
960 995 1.644577749283444
960 961 0.9284585234825032
961 996 0.28062281425359203
961 962 -0.5605348510072883
962 997 1.1115064693123897
962 963 -0.502637581058582
963 998 0.46785989575519965
963 964 0.8894678694310738
964 999 -0.659466964880054
964 965 -0.9804015714166329
965 1000 0.05689249275428761
965 966 0.22610968333717313
966 1001 -1.059376876389097
966 967 -0.35870575645841607
967 1002 -1.7619730311661628
967 968 -1.3049299886020924
968 1003 0.06202541580373685
968 969 0.10644325087711524
969 1004 0.449921647940694
969 970 0.9721684198824979
970 1005 -1.4246275968521676
970 971 -0.2282788048808041
971 1006 0.5853613331926977
971 972 -0.7715658633561259
972 1007 -1.159850601595569
972 973 -1.5083050749117892
973 1008 0.19050279063248063
973 974 0.03904520246088945
974 1009 0.7789633055915735
974 975 -1.1322927173627635
975 1010 0.0671798055532507
975 976 -0.10078363718079264
976 1011 -0.38616615250251973
976 977 -0.6915144900085191
977 1012 0.10701038349031214
977 978 0.2320904961187931
978 1013 0.8270286763198617
978 979 1.4802586129767366
979 1014 -0.40746547275385947
979 980 -0.5534545995371851
980 1015 0.6029373397233989
981 1016 -1.6078014784956989
981 982 0.42094887246874013
981 1015 1.256372698478735
982 1017 -0.7430128853148003
982 983 0.5396900831409484
983 1018 0.7542234552520866
983 984 -0.9626085291964835
984 1019 0.9639693736973439
984 985 0.046630909100986655
985 1020 0.9940330339469434
985 986 -2.093514340166975
986 1021 -0.022274443152745817
986 987 -0.10156488195413371
987 1022 0.55499647706288
987 988 1.3739315323354688
988 1023 -0.8933614145565693
988 989 -1.5983748139418112
989 1024 -0.8830217414824797
989 990 -0.48527080045691817
990 1025 0.9503019015633518
990 991 -1.3479886897298985
991 1026 -0.26213760060118535
991 992 0.24261671056131398
992 1027 -0.9136453236929515
992 993 1.0756749433049342
993 1028 -0.6621876233287057
993 994 -0.028223074281787008
994 1029 0.6837206700760649
994 995 -0.01964004338302789
995 1030 -0.6440109038740854
995 996 0.5326235755068552
996 1031 -0.050575502373881503
996 997 -0.21968349645252463
997 1032 -0.29226202646135385
997 998 0.06946814989346543
998 1033 -0.7501774300919829
998 999 -0.613741046021541
999 1034 1.1971595434303393
999 1000 -2.619818069686569
1000 1035 1.7919486502499082
1000 1001 -1.1812253387818108
1001 1036 0.3161341065047028
1001 1002 -0.7249949416404388
1002 1037 0.47305235851141353
1002 1003 0.5671710318395149
1003 1038 0.7269626525250035
1003 1004 -0.26190601993614077
1004 1039 -2.0718848844329774
1004 1005 -0.5495373295469648
1005 1040 -0.3237837557889751
1005 1006 -2.9294459062745375
1006 1041 0.004245445478029356
1006 1007 0.8140666416622006
1007 1042 -0.8155963343757519
1007 1008 -1.299497611315206
1008 1043 0.4555793101158402
1008 1009 -0.8960287703769184
1009 1044 0.9700780897551425
1009 1010 -0.19039027159116606
1010 1045 0.010528289169825495
1010 1011 -1.54659554710658
1011 1046 -0.8945986742443177
1011 1012 0.050099408346371
1012 1047 2.4539186119935983
1012 1013 0.8277467322070596
1013 1048 -0.9541548499248822
1013 1014 0.5721909777819708
1014 1049 -0.6461094458596026
1014 1015 -0.7063782456530145
1015 1050 0.03699508230542064
1016 1051 -0.8514621563478777
1016 1017 -0.16542457696767585
1016 1050 -0.8520366159457355
1017 1052 1.2303659798798126
1017 1018 -1.77790834291825
1018 1053 1.4407323082957042
1018 1019 0.6337262697739108
1019 1054 1.536589443449018
1019 1020 2.069098640141242
1020 1055 -0.48027928429303324
1020 1021 0.7221513011498583
1021 1056 -1.7544253936264955
1021 1022 0.19402758871246395
1022 1057 -1.8212240934573043
1022 1023 0.18612299990189748
1023 1058 0.3048241337850473
1023 1024 -0.8031680777202524
1024 1059 0.22061130052023897
1024 1025 -1.929701501123084
1025 1060 -0.17890851570657615
1025 1026 0.8949602820798189
1026 1061 1.655012006150618
1026 1027 -0.7625971046356538
1027 1062 0.2273405925386622
1027 1028 -0.9146646421076896
1028 1063 0.3111412349509737
1028 1029 0.12171141286101005
1029 1064 -0.6025535792824839
1029 1030 0.9154803445216615
1030 1065 0.9639496423650352
1030 1031 0.7244848911956908
1031 1066 -1.2240537371489544
1031 1032 -0.5155948544798263
1032 1067 -1.1093376847043612
1032 1033 -1.2287012806364737
1033 1068 -0.4522045598759025
1033 1034 -1.336526001953229
1034 1069 -0.9191517153270812
1034 1035 0.5516455559701408
1035 1070 1.2843644665850733
1035 1036 1.5150944321303148
1036 1071 0.1843234368586787
1036 1037 0.8010699817465798
1037 1072 -1.0902377980330318
1037 1038 -0.14277089552815042
1038 1073 1.5054454911139168
1038 1039 0.20289729526905081
1039 1074 -1.103631070537948
1039 1040 0.9616204632067498
1040 1075 -0.12105144057658028
1040 1041 -1.2788993963750914
1041 1076 -0.09457447912353775
1041 1042 -0.35994605674969465
1042 1077 0.2374396129568183
1042 1043 0.9613015048804247
1043 1078 -0.5673076730807304
1043 1044 0.3283064462619892
1044 1079 2.5760129131906937
1044 1045 -0.29732316981147777
1045 1080 0.20677486234477344
1045 1046 -0.04202907191426827
1046 1081 -1.3496919345158929
1046 1047 -0.808025603308331
1047 1082 -1.2101646956323273
1047 1048 0.1937492645434206
1048 1083 -0.3084341527118894
1048 1049 -0.007393605355539916
1049 1084 1.187652429616344
1049 1050 -0.09854973699137198
1050 1085 0.3119273243329017
1051 1086 0.938400519460425
1051 1052 -0.9389162125534194
1051 1085 -0.4792694444399315
1052 1087 0.4901841063253526
1052 1053 0.42667305297023483
1053 1088 -0.3890987672866962
1053 1054 1.8082869354117426
1054 1089 -1.3355981289107064
1054 1055 0.1483734520123792
1055 1090 0.19849831139018742
1055 1056 0.26990261053256703
1056 1091 -2.06245800272277
1056 1057 0.037528342165249626
1057 1092 1.527461383074148
1057 1058 -2.4853116543853746
1058 1093 -1.6321236316595258
1058 1059 1.294126600506654
1059 1094 0.056748424550042344
1059 1060 0.5683769896960172
1060 1095 -0.4674722033855373
1060 1061 -1.2069183237461054
1061 1096 2.4034944458151903
1061 1062 0.239358777745498
1062 1097 0.38199132039503947
1062 1063 0.7708964743324733
1063 1098 1.354180747054317
1063 1064 0.6019398333612838
1064 1099 -0.5450185808096207
1064 1065 1.1445478172183012
1065 1100 -1.2252391125362592
1065 1066 -0.32750609239724376
1066 1101 1.8322601206718792
1066 1067 1.147465660552676
1067 1102 2.361727527750418
1067 1068 0.5303401953627587
1068 1103 -0.27378654321506884
1068 1069 -0.4156107262580882
1069 1104 1.1452866020228372
1069 1070 -0.8182079260185231
1070 1105 1.026850704874174
1070 1071 1.424574744085668
1071 1106 -1.3424212495328605
1071 1072 -0.6539519104321612
1072 1107 0.3383042546341757
1072 1073 0.7210600104673548
1073 1108 -1.1063288523661983
1073 1074 0.6030428829179034
1074 1109 1.419530427192265
1074 1075 -1.291057116517138
1075 1110 -0.6328457001484699
1075 1076 1.924710444723994
1076 1111 -0.46723904530436766
1076 1077 1.0574333947583174
1077 1112 0.4333127903131008
1077 1078 -0.33920342595298947
1078 1113 -0.12007465031873331
1078 1079 0.21174373706038208
1079 1114 1.5845631513485392
1079 1080 0.17006094764269897
1080 1115 0.6041610871230266
1080 1081 -0.45971548261490613
1081 1116 0.4196250865013537
1081 1082 0.4330016101035719
1082 1117 1.2639968816370108
1082 1083 0.3023603220008993
1083 1118 -0.36370041070420106
1083 1084 -0.6416476030369157
1084 1119 -0.20674377542240835
1084 1085 1.698938063201338
1085 1120 0.19230590332854325
1086 1121 0.16865282625615655
1086 1087 0.0030466514059837497
1086 1120 -0.4692741470220213
1087 1122 0.04804859076451396
1087 1088 1.1433768613801871
1088 1123 -0.747372784951635
1088 1089 -0.39480823548071514
1089 1124 0.12784289924278297
1089 1090 0.5029897780262307
1090 1125 -1.7851784614696709
1090 1091 -0.1435795370563371
1091 1126 0.3359072080647974
1091 1092 0.9687037120133596
1092 1127 1.0672019499822754
1092 1093 -0.11940437870283868
1093 1128 -0.2663079561352572
1093 1094 0.9631932737264743
1094 1129 1.8245065424608673
1094 1095 0.587476600137149
1095 1130 -0.43290939762097363
1095 1096 -1.095677519841287
1096 1131 0.06638167843080967
1096 1097 -0.3903169652195552
1097 1132 -0.06080118579677923
1097 1098 0.46749961839129295
1098 1133 -0.5958533746249334
1098 1099 0.4956535505722288
1099 1134 0.13788627961174002
1099 1100 0.11811283081494846
1100 1135 -0.1552647043281215
1100 1101 -1.338978568051161
1101 1136 -0.5485905781334615
1101 1102 -0.3042213359074637
1102 1137 0.7087776443989079
1102 1103 -2.2412664888633516
1103 1138 1.0992332838570633
1103 1104 0.885234181908546
1104 1139 -0.1022084421318535
1104 1105 0.23842733564210858
1105 1140 1.553635430475678
1105 1106 -0.7482248133420532
1106 1141 -0.3051263905317322
1106 1107 0.7025277969689196
1107 1142 -0.454480173679144
1107 1108 0.18840006079630126
1108 1143 -1.5059393799970748
1108 1109 0.003160840401676776
1109 1144 -0.7411885731888235
1109 1110 -0.7750224742653361
1110 1145 -0.4156978520257664
1110 1111 1.3479068820820892
1111 1146 0.8618611920186662
1111 1112 -0.3442951250490279
1112 1147 0.5721586093974768
1112 1113 0.8305237230755639
1113 1148 -0.08042301970356065
1113 1114 1.7492596594450285
1114 1149 2.1948928192802404
1114 1115 0.25019135236890194
1115 1150 0.6865641760590758
1115 1116 -0.5764033893821177
1116 1151 0.18756510831985698
1116 1117 -0.642691589529875
1117 1152 -0.009757432803206562
1117 1118 1.238149857003841
1118 1153 -2.279580285247173
1118 1119 -0.12391480771987065
1119 1154 -0.8970798729651263
1119 1120 -1.153011253488975
1120 1155 0.20667211286250567
1121 1156 -0.6980637503702609
1121 1122 -1.484677728885774
1121 1155 0.8237669875627867
1122 1157 1.1282761982579779
1122 1123 0.6653883011346398
1123 1158 0.29413883643214633
1123 1124 -0.030593687659321855
1124 1159 -0.42003177007480774
1124 1125 0.24181307702625093
1125 1160 0.6183109586888914
1125 1126 0.7841013338438035
1126 1161 0.3804452866021759
1126 1127 0.024732471970193542
1127 1162 -0.6716433042521371
1127 1128 1.4275264322856467
1128 1163 -1.1152520202153662
1128 1129 -0.4682802469283725
1129 1164 -0.04698717463402644
1129 1130 0.1871786301138595
1130 1165 -0.052266446592854315
1130 1131 0.09853971992277707
1131 1166 -1.8779375324605874
1131 1132 0.8566469713834147
1132 1167 1.025129543683786
1132 1133 1.1627300479193001
1133 1168 -0.495549382089432
1133 1134 0.2660188229668343
1134 1169 0.6207737636681411
1134 1135 0.8178909059621023
1135 1170 0.8506877498355058
1135 1136 -0.4924042143965019
1136 1171 1.0524210287241669
1136 1137 -2.008588789908797
1137 1172 0.43101033491525154
1137 1138 -1.484934945479996
1138 1173 0.8701952913381613
1138 1139 -0.8175804616778022
1139 1174 -0.3111957610830857
1139 1140 -0.8757634173636776
1140 1175 -0.7765585981580696
1140 1141 1.365628965206349
1141 1176 0.9982725431951982
1141 1142 0.6508650089583375
1142 1177 0.05848486409370389
1142 1143 0.5751637661353785
1143 1178 -1.1414271717580695
1143 1144 -0.26341550706667494
1144 1179 0.6010069822481867
1144 1145 0.8102995110552835
1145 1180 -0.34151245030431393
1145 1146 -0.2578572530425516
1146 1181 0.004446255936401035
1146 1147 -0.5694257633761092
1147 1182 -1.0946736103416412
1147 1148 -0.8058783579542222
1148 1183 -1.3978680483978299
1148 1149 -0.0515186513371919
1149 1184 -0.1691891233028534
1149 1150 -1.145838220379875
1150 1185 -0.16064445994651655
1150 1151 -0.578287367176005
1151 1186 -1.178873963304442
1151 1152 -1.1195737575895266
1152 1187 0.49867544788678125
1152 1153 0.42452125711469824
1153 1188 0.09743088032225806
1153 1154 -0.686403339866564
1154 1189 -0.39800717188443496
1154 1155 -0.6018278943221299
1155 1190 2.138709885880438
1156 1157 0.3819031482055066
1156 1190 0.9077719453841612
1157 1158 1.3842809112154872
1158 1159 0.029396506513366952
1159 1160 1.0217827134341166
1160 1161 -1.3203587577400975
1161 1162 -1.0202478042332783
1162 1163 0.0023699113651980746
1163 1164 0.998919266293561
1164 1165 0.20063740316835332
1165 1166 1.2544729787546278
1166 1167 0.5157920281270089
1167 1168 2.1535663527401985
1168 1169 0.8080573229754349
1169 1170 -0.31948065034497264
1170 1171 -1.0153830006507132
1171 1172 0.30953766222990553
1172 1173 -0.7100386927829659
1173 1174 -0.23170651525448546
1174 1175 -0.7107185387638332
1175 1176 0.3548826473214552
1176 1177 -0.9084705040899831
1177 1178 -0.525965189856166
1178 1179 0.09513545747489986
1179 1180 -0.22931735969385936
1180 1181 -1.6266727542353723
1181 1182 -0.464111630748966
1182 1183 -0.45840173031473747
1183 1184 -1.0840864866848021
1184 1185 -0.48841033490468627
1185 1186 -0.6746257974984461
1186 1187 -0.8195415404484937
1187 1188 1.228742406979701
1188 1189 1.5724791023773634
1189 1190 -1.9003253603003112
