1225 2450
1 36 0.8532611842110889
1 1191 1.4947942307107323
1 2 -0.01533809888388593
1 35 -0.2094737619241249
36 71 0.22144258736548209
36 37 1.040742914815971
36 70 -1.535346673132132
1191 1156 -1.4115601145588486
1191 1192 1.6010533330225099
1191 1225 -0.02727884651295211
2 37 0.004915251177627304
2 1192 1.9316473296973802
2 3 -0.4631952622325228
35 34 1.2877458584973545
35 70 1.409093723260259
35 1225 -1.250806477287896
37 72 0.25573906763950105
37 38 -0.05181650961798287
1192 1157 -1.1055112429687737
1192 1193 -0.7508868930250272
3 38 0.5927599805230382
3 1193 -1.9499008834964338
3 4 -0.3556048639056521
38 73 -0.4023122520879815
38 39 0.609833606664451
1193 1158 1.4094570095721874
1193 1194 1.1993513033482155
4 39 0.729320245638263
4 1194 0.3315647980108062
4 5 -0.36835100802765897
39 74 -0.618125858658899
39 40 -0.022014098917145848
1194 1159 -1.041561649731077
1194 1195 0.20491239998768512
5 40 0.8912540310449261
5 1195 -1.4771041520907549
5 6 -0.7815888440342684
40 75 -0.802444358892048
40 41 1.1902227337038402
1195 1160 -0.7175752699721959
1195 1196 0.24118930678430991
6 41 1.4911662612538756
6 1196 1.6015539567378163
6 7 0.09473183854418385
41 76 -0.2781817820125615
41 42 2.3731317726389514
1196 1161 -0.8618010056113127
1196 1197 0.4370292335813445
7 42 -0.60091437504539
7 1197 -0.00805323728534108
7 8 0.05558109009474727
42 77 0.934544570892587
42 43 1.3478940760716829
1197 1162 1.2901890939411496
1197 1198 -0.8841270200588657
8 43 0.8773465011530159
8 1198 -0.9751093448108651
8 9 1.0221887540098586
43 78 -0.47767317533145415
43 44 0.7029642198277049
1198 1163 0.16417601891877007
1198 1199 0.9174466775640905
9 44 -1.4613415490092767
9 1199 -1.2533212232930027
9 10 -0.6971743983122533
44 79 2.740691512852456
44 45 1.3885232548052602
1199 1164 -1.35971503073422
1199 1200 -0.8143080894375078
10 45 -2.2825735817126147
10 1200 -1.26445694890739
10 11 1.0633925903243775
45 80 0.5857327065981254
45 46 0.4280328685279058
1200 1165 -0.20724989879476366
1200 1201 1.7141206117206054
11 46 0.4155407775649037
11 1201 1.2266561909897358
11 12 2.8397288803336456
46 81 -0.6622723502552416
46 47 -1.1120763026292682
1201 1166 -0.4090539783225899
1201 1202 -0.22187027980386903
12 47 -1.9309304631657378
12 1202 0.3343667763700083
12 13 1.0124646056250957
47 82 -1.0865967194626138
47 48 -1.5697773514913105
1202 1167 2.1369364218018556
1202 1203 0.2382498060032258
13 48 0.35436142120684544
13 1203 -1.606327208984107
13 14 -0.9448487684281678
48 83 -0.7315571678497612
48 49 1.8947923607026687
1203 1168 -0.3165764144737693
1203 1204 0.51209991141752
14 49 0.970698478892776
14 1204 1.6621314335049324
14 15 0.3749833590272332
49 84 1.1654260582921059
49 50 0.4006024427448694
1204 1169 1.6306689283269462
1204 1205 0.80433619346515
15 50 0.7681166237463819
15 1205 0.761856177918128
15 16 -1.1919808453935306
50 85 1.2692379685057682
50 51 1.2604587562390932
1205 1170 -0.04307194048173016
1205 1206 0.5885058900644128
16 51 0.4134995382484667
16 1206 0.2736142320702176
16 17 0.8222876855840506
51 86 -0.2758051353674109
51 52 -0.6370633017668927
1206 1171 -1.9124116745179787
1206 1207 1.1583657577164854
17 52 -1.3114378650983998
17 1207 1.376967623278488
17 18 0.731642499873698
52 87 0.5701590720315418
52 53 1.5023631480972552
1207 1172 1.1855329041863087
1207 1208 -1.944398313666049
18 53 -1.0338517579250173
18 1208 0.06984505678716647
18 19 -0.6227662511360381
53 88 -1.0324620386244832
53 54 -0.4494739801528379
1208 1173 1.0427361778272914
1208 1209 -1.5874940425951263
19 54 1.9999876306104736
19 1209 0.8181990170879863
19 20 2.1544188612317954
54 89 -1.572570150866485
54 55 0.5556160511361864
1209 1174 -0.7493968823726584
1209 1210 -0.27684859613822727
20 55 0.61406056967961
20 1210 -1.1313545142740118
20 21 -1.7939019109493177
55 90 0.6934659441052343
55 56 -1.4695424469552334
1210 1175 1.4635718458096745
1210 1211 0.0028640096825611455
21 56 2.1532459627108596
21 1211 0.05963526231873635
21 22 0.6420426257044953
56 91 -2.923807374328645
56 57 0.04879932267496903
1211 1176 1.7023176098665378
1211 1212 0.22379384422513637
22 57 -0.7962325740968124
22 1212 -1.1956945832449681
22 23 0.6615013406754873
57 92 -0.1321229984355215
57 58 0.6384494165723958
1212 1177 0.234081391230651
1212 1213 -0.043375571083064994
23 58 0.6692142546068471
23 1213 -0.33337200383713467
23 24 0.28656805300253013
58 93 0.090517033751547
58 59 1.1698597019936048
1213 1178 -0.8950515780829887
1213 1214 1.0332217605871783
24 59 -1.3271346139439242
24 1214 0.24441909601193434
24 25 0.3493775626421219
59 94 -1.093611530009264
59 60 0.5051985665964498
1214 1179 -0.7211813917021661
1214 1215 -1.1369855415052672
25 60 -1.5540826856302743
25 1215 0.5457914597761192
25 26 -0.5617950338671539
60 95 1.0000538063067992
60 61 -0.6118644494279891
1215 1180 0.8391481216748657
1215 1216 0.18501162634077087
26 61 0.1372781909936608
26 1216 -0.6130754070424125
26 27 -1.0014878675636048
61 96 -0.2884783112015316
61 62 1.023728974310174
1216 1181 -0.5330100466505674
1216 1217 -0.04001462108426154
27 62 -0.3346860552811825
27 1217 0.8490210454160974
27 28 -1.1613091875761103
62 97 -0.17635843343812194
62 63 1.283651720220116
1217 1182 -0.823378432643358
1217 1218 1.393204302655996
28 63 -1.6185295810315838
28 1218 0.6851198523776136
28 29 -1.149045765108856
63 98 0.08729219236963284
63 64 0.15351950512323298
1218 1183 1.6643846636288329
1218 1219 0.3290755793001648
29 64 -0.08251555545516445
29 1219 1.3501030684529456
29 30 -1.3981858659782633
64 99 -1.0798933717038763
64 65 0.3991090080003073
1219 1184 0.6397450199040589
1219 1220 -0.39145207267469867
30 65 -1.1793332449859335
30 1220 0.8621269581444112
30 31 1.2176215604742326
65 100 1.468885982626379
65 66 0.3471652854899328
1220 1185 -1.0000643300839878
1220 1221 1.7540745727453166
31 66 -0.09513208319374009
31 1221 -0.5070606541641381
31 32 1.8975691756531736
66 101 -0.08434136455461744
66 67 -1.2025127041341666
1221 1186 1.9346146533120319
1221 1222 0.5324581307120151
32 67 -1.1469200030012456
32 1222 1.067282972793368
32 33 0.5730768098922742
67 102 -0.8959016364698614
67 68 0.161800075970438
1222 1187 1.4610437454951888
1222 1223 -1.2611413793912718
33 68 0.622846822325523
33 1223 0.16700673419694045
33 34 -0.09695424454468747
68 103 0.9111459180475798
68 69 -0.9406741075844327
1223 1188 0.31222368200304923
1223 1224 -1.56932088158366
34 69 -1.6048725362128526
34 1224 0.8553484933366927
69 104 -0.10064511544654706
69 70 1.4647565876278195
1224 1189 -1.2754957683575276
1224 1225 -0.17456699058241001
70 105 -0.051022927639900725
1225 1190 -0.06382497353370477
71 106 0.9323844409766512
71 72 -1.2051192147617757
71 105 -0.6920419042719131
72 107 0.5518184852738112
72 73 1.6552481483095558
73 108 -0.6116136662526658
73 74 -1.3848293010849477
74 109 -0.5577269453650654
74 75 0.7873629549545762
75 110 0.6692766457260364
75 76 0.33140727077615445
76 111 0.3320858084809233
76 77 -0.6550963851938719
77 112 -1.6065272318449944
77 78 -0.9335851919782572
78 113 -0.40448651217184445
78 79 0.8214410916339759
79 114 0.33790433400368636
79 80 0.059883917759597734
80 115 -0.7618115903876984
80 81 1.8872135052406684
81 116 -0.7743840909416899
81 82 0.9711544749592885
82 117 -1.2011452828419398
82 83 -0.1846050062054694
83 118 0.2704223409520466
83 84 -1.4466801073730842
84 119 1.45085199063999
84 85 -0.08087011153308174
85 120 -0.28751210500757907
85 86 -0.24999631867195685
86 121 0.5616999663118168
86 87 1.811944493299287
87 122 0.7420938147658954
87 88 0.20575263749562195
88 123 -0.4916533808669006
88 89 1.7691328732203486
89 124 -2.0324200759466353
89 90 0.7896824795463431
90 125 0.45558986661784684
90 91 0.29499244500383126
91 126 -0.6428126531078684
91 92 -0.1119860984831554
92 127 0.5419914877621039
92 93 0.3330463190135764
93 128 2.969463065824636
93 94 -0.9565109602674094
94 129 -1.77063815151246
94 95 -1.0782323281377402
95 130 -0.37231984494906656
95 96 -0.2407183442824799
96 131 0.3757859975428757
96 97 -2.053759010438919
97 132 -0.5882190090662816
97 98 -0.07067266622937658
98 133 0.8978229849130716
98 99 -3.8437663429357984
99 134 1.2550283087194418
99 100 0.7474376588582988
100 135 -1.1575737426428208
100 101 -2.147085150718601
101 136 -0.5326199087261231
101 102 -0.40748571347687185
102 137 -0.4863730102561601
102 103 0.09522619205732147
103 138 0.6189370875439172
103 104 1.3056487230561156
104 139 0.7282133926540775
104 105 0.8678853049198147
105 140 -0.8136859869514929
106 141 2.5377692251517443
106 107 -0.9300117172368247
106 140 0.9709684543405134
107 142 -0.014311139323556965
107 108 0.16984409959526933
108 143 0.7215058382876718
108 109 -0.015163009047625095
109 144 -0.5134518169030808
109 110 -0.8932043901154926
110 145 -1.7658563485128118
110 111 0.44543985031456135
111 146 -1.041527724410857
111 112 1.6213129656296068
112 147 0.1658707953591548
112 113 -0.8674698490226681
113 148 0.5848735687878316
113 114 0.1719297091891554
114 149 0.40155082706234785
114 115 0.08391134255914168
115 150 2.8336752787820503
115 116 -0.3742959817055662
116 151 0.32987019360816394
116 117 -1.0891831775326248
117 152 -0.24100073357795912
117 118 -0.16625993506853154
118 153 0.22224122712942368
118 119 0.23276831641150741
119 154 0.5331475611432851
119 120 -0.16915506915039705
120 155 -1.2086443493332586
120 121 0.9876743598309048
121 156 -1.5153422114881039
121 122 0.0789161877731422
122 157 -0.4579543005085091
122 123 -0.4349919558541208
123 158 1.921891736971276
123 124 0.748307749392031
124 159 -0.540869168356443
124 125 0.07968601540925627
125 160 -0.36642872142864835
125 126 -0.5714132796057216
126 161 0.4307223741131641
126 127 -1.6179115229967012
127 162 0.2775942440476725
127 128 0.6803425773334095
128 163 -0.5849987204624696
128 129 1.311999859904891
129 164 0.5801241424068658
129 130 -0.33594057573595737
130 165 1.2734298774241748
130 131 0.13236653886674993
131 166 2.514421781400439
131 132 0.2255670751022331
132 167 1.1887332004429567
132 133 -1.2817126567645531
133 168 -0.590341134410409
133 134 -0.1805589251237933
134 169 -1.7384436074062457
134 135 -0.03207471845580902
135 170 1.956144983181704
135 136 0.9377893126915634
136 171 -0.033064255674194014
136 137 -1.0426388166012903
137 172 -0.6400025008625265
137 138 0.0781181738545004
138 173 1.9784440388819349
138 139 -0.5533361761592575
139 174 -1.0470786478598992
139 140 -0.48478183688980214
140 175 1.3046985702296898
141 176 0.7417507541606975
141 142 0.17903068694277435
141 175 -0.2754062532256884
142 177 0.18852284369050895
142 143 -0.44277507755017864
143 178 -0.7901774375406537
143 144 0.13453619094559321
144 179 -0.3714217184127515
144 145 0.11877007357592292
145 180 0.6718139731027185
145 146 -0.023014971902094235
146 181 0.451956412909961
146 147 -0.10208877490036602
147 182 1.1104114690758005
147 148 -0.3918744013236072
148 183 -0.050877223681028656
148 149 0.17994200892725234
149 184 -1.1899304651511433
149 150 0.8622123300670167
150 185 -0.9752427086957277
150 151 0.4475793269317403
151 186 -1.4324020372490642
151 152 0.0865877544765478
152 187 -1.2829468689403245
152 153 0.5902372266271988
153 188 -0.7435210501595674
153 154 0.4798193625992619
154 189 -1.121021129284423
154 155 1.0889675015142926
155 190 2.3448433499172228
155 156 -2.2882299259120322
156 191 2.1246906779680086
156 157 0.2070723393146908
157 192 -0.9232372850479734
157 158 -2.841523850542265
158 193 1.348713301668752
158 159 -0.4323400834106482
159 194 -1.0058622516553584
159 160 -0.16098811188875017
160 195 -1.1563468495698912
160 161 0.8688131794708539
161 196 -0.08739515046910214
161 162 1.385389095762471
162 197 -1.1118196184158597
162 163 0.05670949884279969
163 198 -0.4776184481748383
163 164 0.773502382453508
164 199 -0.23312349052578835
164 165 1.1506134527695353
165 200 -0.9008239131047654
165 166 -0.8544141016310524
166 201 -1.4116145926936519
166 167 -0.5835906262004482
167 202 1.7247555120412124
167 168 -0.7073516752162999
168 203 0.8201888872487626
168 169 -0.22138716034379496
169 204 -2.678361599427683
169 170 0.1452685690543731
170 205 -1.0877648164702267
170 171 1.1796616750595599
171 206 -0.03756787198812474
171 172 -0.7394512632744942
172 207 -0.13439531535364496
172 173 0.7356462997232733
173 208 0.1368757297896357
173 174 -0.3175756776502624
174 209 -1.106537718705329
174 175 1.4631460007805375
175 210 1.1180102777638405
176 211 0.10081409899536206
176 177 0.5925094812547197
176 210 0.8082898854572238
177 212 -0.17209386491460366
177 178 -1.045138619277188
178 213 -1.3268984574225322
178 179 2.3869576371743735
179 214 0.06069869469597473
179 180 1.5576263017853769
180 215 -1.1156637181429143
180 181 -0.7712878888796783
181 216 0.16919407228466546
181 182 1.1972544109091827
182 217 0.7055615638144676
182 183 -1.3772998060986845
183 218 0.5874062330243391
183 184 -1.529505374132726
184 219 0.030294417151590973
184 185 -0.3608394566879284
185 220 1.4902648972265506
185 186 -0.8109466389514783
186 221 -1.3221549324020216
186 187 1.3110858634427989
187 222 0.5211855271621614
187 188 -0.2663165714607622
188 223 0.723568612918377
188 189 -0.131727780798774
189 224 -0.07825818719517745
189 190 -1.8401950782744263
190 225 -0.5492815105037491
190 191 -1.2228813806106718
191 226 0.08089104201254091
191 192 -0.610072975897421
192 227 -0.5581608542292333
192 193 0.43390866113177223
193 228 0.8273989903464033
193 194 -0.09091956234106933
194 229 -0.3185752492465655
194 195 -1.345121788753342
195 230 -0.31850107640255326
195 196 -0.4953954818434898
196 231 -0.7757229174617877
196 197 0.7566295990254043
197 232 -1.3768168337124547
197 198 -0.04739013691936784
198 233 1.1589118805783885
198 199 -0.23836384673221497
199 234 0.2569285732333481
199 200 -1.4161362149559125
200 235 -1.739703421538789
200 201 0.147764661332515
201 236 -0.3665332161913971
201 202 0.40203604388810665
202 237 -0.8145915055737837
202 203 -1.7927599650002992
203 238 0.576516256871744
203 204 0.49331700030026604
204 239 -0.5884762324650845
204 205 1.0912243572518423
205 240 -0.5849720105175457
205 206 0.5541672449158788
206 241 -0.346515012157426
206 207 0.955077480085534
207 242 -1.4288290455365302
207 208 -0.18109637599142658
208 243 2.089075374211327
208 209 1.702652926557522
209 244 -1.6881843964724768
209 210 -0.2009750470625627
210 245 0.49764723357038565
211 246 -1.3791154168244273
211 212 -0.27407353753859165
211 245 -1.9823966399792716
212 247 1.1672339994882235
212 213 1.0005713959711675
213 248 0.8571418152654466
213 214 -0.1378185330247999
214 249 -1.6658664863224768
214 215 0.0019707607595834823
215 250 2.214407534020957
215 216 1.0326951930158998
216 251 -1.0034578082416472
216 217 -1.6859659751483753
217 252 -0.8227271246149873
217 218 0.16364564849289
218 253 -0.4231248954377902
218 219 -2.305497975393705
219 254 -0.09095801305119591
219 220 -0.9958982510146703
220 255 -1.028224449575478
220 221 -1.8824033155248923
221 256 -1.2828865880379694
221 222 1.4388034140958508
222 257 0.21557701452831302
222 223 0.4237911702326502
223 258 -0.07427108509263733
223 224 -2.3377437438596878
224 259 0.1222572239420403
224 225 -0.5153971198002407
225 260 0.758302287833628
225 226 0.6356045388775063
226 261 0.0014915064852797468
226 227 1.4611431989508994
227 262 -0.22158918846189643
227 228 -0.41620224709321263
228 263 1.3000282181530816
228 229 0.717548366478368
229 264 -0.5492521319599045
229 230 0.20532881015029694
230 265 0.4192565314056653
230 231 0.3194290788858249
231 266 0.4702409190357861
231 232 -1.6228497567795193
232 267 0.3115854420014632
232 233 -2.197967442968239
233 268 -0.266053980657323
233 234 0.4414703247722329
234 269 -0.4650266800252813
234 235 -1.2448027674611923
235 270 -0.31361537726550687
235 236 0.7009174490975599
236 271 1.9478819548997923
236 237 0.40570702990748864
237 272 1.014011164527956
237 238 -1.685593911050067
238 273 1.7254084282671591
238 239 1.4360602361054637
239 274 -2.033005952922941
239 240 -1.2795651888374509
240 275 -0.7733594505783135
240 241 -0.22968932771764403
241 276 -1.3607515551996976
241 242 1.2370949392405053
242 277 2.04760699220572
242 243 0.5461329407030202
243 278 -0.43179246139499156
243 244 0.8474554655798847
244 279 0.42990038409588155
244 245 -1.2721985950973993
245 280 1.3360030640961733
246 281 -0.6486665595245406
246 247 0.17579195891042626
246 280 1.9176703948485034
247 282 0.8684036604319076
247 248 1.7402238447451572
248 283 -0.7186334793724061
248 249 -0.3783873582259478
249 284 -2.286440971933933
249 250 0.9154492035898085
250 285 -0.9143930240117607
250 251 1.390332861658044
251 286 -0.2210245930680181
251 252 1.362772181523215
252 287 0.4762273110673412
252 253 2.126972009499148
253 288 0.23199155068228924
253 254 1.758254497697309
254 289 1.7275676006801541
254 255 0.34392821646739813
255 290 0.9657345780347568
255 256 0.44034427629834855
256 291 1.3329535953928013
256 257 -0.7054442949450375
257 292 -1.3531506891347758
257 258 0.8355546112120451
258 293 1.4432452242083085
258 259 0.28254889404903255
259 294 -0.3060574321695122
259 260 0.2581403483204011
260 295 0.6564548253469684
260 261 1.0188847113181734
261 296 0.02878316594173436
261 262 -1.7259064162518238
262 297 0.8472444761668397
262 263 0.29055385214021223
263 298 0.2633975720702971
263 264 -2.5967506263571405
264 299 -0.1924718544551211
264 265 0.9826371583071132
265 300 0.42054590350388094
265 266 -0.21183173610603692
266 301 -0.06609269026583578
266 267 0.1761830255547582
267 302 -0.11520760349619
267 268 -1.2647790576823508
268 303 0.3788581163188499
268 269 0.4891116827793849
269 304 -0.6101859611279417
269 270 0.11363129304484763
270 305 0.5342328738806575
270 271 0.8218605739899421
271 306 0.5023335986104379
271 272 -0.6767435843291549
272 307 1.1027721671037845
272 273 0.8975141153523173
273 308 -0.16788188611692276
273 274 -1.522845181977531
274 309 1.3872883513051797
274 275 1.5867453335061539
275 310 0.6618518590670839
275 276 -1.4299793126712232
276 311 -1.1717394962015903
276 277 0.21925952904370827
277 312 1.5928099182781483
277 278 1.2026931341324427
278 313 -0.8897665852017648
278 279 0.9001791334944225
279 314 -0.950215816005619
279 280 -1.2579656783336775
280 315 0.6691691496050032
281 316 -0.07455880764776905
281 282 0.4474390785541237
281 315 -0.12643130560172244
282 317 0.1270781244461416
282 283 0.6643137597934746
283 318 0.5304021134917926
283 284 1.2037367100429877
284 319 -1.6885578239707781
284 285 -0.6481577506937722
285 320 -1.6122447189068667
285 286 -0.07193231913391031
286 321 -0.028093423104432823
286 287 0.3499805061659409
287 322 -0.2373198356331775
287 288 0.6914527999516529
288 323 0.9534677847772087
288 289 -1.0483129002529172
289 324 0.48599028997842664
289 290 -0.865809845922146
290 325 -0.007350878659671774
290 291 -0.8099133054997608
291 326 1.1690479027447853
291 292 0.3022592026088143
292 327 -1.6577723275209262
292 293 1.0665644825015175
293 328 0.23205402344860732
293 294 -2.23415097349614
294 329 1.3496572587625832
294 295 -0.7076303451278231
295 330 0.05596996589067746
295 296 -0.906064710883471
296 331 1.363343818221669
296 297 1.833953731576682
297 332 -1.5471081131328166
297 298 1.0091160218521638
298 333 0.9913376817671464
298 299 0.10179782126664962
299 334 -1.9432051070251402
299 300 -0.6848608467428867
300 335 -2.1999064485739646
300 301 -0.9878330936237584
301 336 -1.7569709684362198
301 302 -0.7623150935033166
302 337 0.3097748011207574
302 303 -0.027766127507632927
303 338 0.5458843480905389
303 304 -0.8075938391383479
304 339 0.6940779953029881
304 305 0.7333839157044364
305 340 0.7453878689168071
305 306 0.17586936814476842
306 341 -0.6481458239850508
306 307 0.9986566076885495
307 342 1.425399114908076
307 308 -1.9374457100129774
308 343 -0.539106353954418
308 309 0.8443574927299674
309 344 -1.720033998309674
309 310 0.7409654917287029
310 345 -0.7686226565263673
310 311 0.5075732142564094
311 346 -0.935693654885565
311 312 -0.6378204059756697
312 347 0.7242806577041959
312 313 1.5002879006943828
313 348 -0.40563396851769873
313 314 0.2976320846350583
314 349 -1.0277432055189222
314 315 -0.27226871952436643
315 350 0.656119063204926
316 351 0.5879970062961924
316 317 0.49202028779518076
316 350 0.7484297635761165
317 352 0.02224582215226467
317 318 0.9097710426824142
318 353 -0.6961446895114507
318 319 -0.5860059111401903
319 354 0.9035868936394701
319 320 0.9365978132659271
320 355 -2.0881128132533617
320 321 -1.285154576987975
321 356 -1.2636890688689788
321 322 -0.3681199481526855
322 357 0.1961779146638073
322 323 -2.0746452774492736
323 358 0.3900737303822146
323 324 0.22908358513758423
324 359 -0.15972429762283352
324 325 -0.869591067323727
325 360 -1.046802246088818
325 326 1.0775297730909261
326 361 0.9897927782761147
326 327 -0.8256245025946012
327 362 -1.075605568585004
327 328 -0.6800313943736178
328 363 -0.30682889169755617
328 329 -2.357015530060089
329 364 0.28119324501770665
329 330 0.8103473068001337
330 365 0.382674754874796
330 331 -0.8713816997182295
331 366 1.0657687768735224
331 332 -1.470585259544763
332 367 -0.01670061541203392
332 333 -0.39187345950143765
333 368 0.16117306707256138
333 334 2.4832773009124876
334 369 -0.5309004537834353
334 335 -1.1091032995579415
335 370 1.8635165656917194
335 336 0.4303014249213472
336 371 -0.18647515492989788
336 337 1.4188246812410144
337 372 1.023606382504783
337 338 0.6553876591946709
338 373 -0.3749711028939191
338 339 -0.02899740328647012
339 374 1.1110999909536916
339 340 -0.6429064937828356
340 375 -0.3787625983501152
340 341 -0.9490046735054022
341 376 0.6524705873105713
341 342 -1.2360450179359297
342 377 0.07867654059363993
342 343 0.4979959395726072
343 378 0.05962567330422457
343 344 0.5775569646387045
344 379 -1.0199537207367144
344 345 1.2746553767810236
345 380 0.3435263279696434
345 346 -1.699163863218657
346 381 0.6358843067978562
346 347 -0.5326953280918862
347 382 0.3997487277933216
347 348 -0.10134740120554568
348 383 0.8845694726008193
348 349 2.617927489492712
349 384 0.7259641420529455
349 350 0.5147142204973489
350 385 0.33696641328386107
351 386 -1.7914449289848302
351 352 0.07695228483504289
351 385 -0.3683020551116658
352 387 1.6110101487134154
352 353 1.4576065493514894
353 388 0.17766752354947668
353 354 -0.061151906178960075
354 389 -0.4676712335811852
354 355 -1.5880476082366184
355 390 1.4524200044705298
355 356 -0.8920868644785062
356 391 1.3752699608790364
356 357 -1.020648800701269
357 392 -0.011821562559732011
357 358 1.401610530535007
358 393 0.8943462853539245
358 359 0.6178939891569704
359 394 0.7204637358791195
359 360 0.7119380531542499
360 395 -0.5248859251608994
360 361 0.8168119823714682
361 396 -0.5872883322100906
361 362 -1.954371516083677
362 397 -0.9426475708971513
362 363 0.9693854532681497
363 398 -1.1449500176320289
363 364 -0.32397058333159423
364 399 -0.1095913534282867
364 365 0.1487088969826557
365 400 0.5989060013178283
365 366 -0.30911546982342525
366 401 0.7412161798433051
366 367 -0.06886841524857606
367 402 0.17568485429011382
367 368 -0.3966236933070546
368 403 -1.2525003228436848
368 369 -1.09574348622883
369 404 -0.2498190536586238
369 370 -0.19163385756187484
370 405 -0.9108719269573906
370 371 0.4992376020779108
371 406 -0.663487543038345
371 372 0.6287163132284769
372 407 0.09557066140595363
372 373 0.8513471610815226
373 408 0.14789010136634004
373 374 -0.34790814540543474
374 409 -0.005036804689176298
374 375 -0.8521407134009136
375 410 -1.5960005911618402
375 376 -0.31849891796262036
376 411 1.7208489487947927
376 377 -0.062240554161662784
377 412 2.2878565145882246
377 378 1.0741393828780044
378 413 -1.6681027396966757
378 379 0.4070842561330356
379 414 0.7391597630142002
379 380 0.32618311049620335
380 415 0.803751708471509
380 381 -0.3720763864078256
381 416 1.3129842862076786
381 382 -1.2082308743195902
382 417 0.19026762848474604
382 383 -1.263876473837787
383 418 0.3564513541488115
383 384 0.1250330845816023
384 419 0.9037843699438616
384 385 -1.4991332473262542
385 420 -0.7140009529715684
386 421 1.5625899228088402
386 387 -2.5108893113103723
386 420 -0.6005875800549731
387 422 0.10080146256920224
387 388 -0.2993476397492174
388 423 -1.365429452902849
388 389 0.7827497638668585
389 424 -0.011965006119951119
389 390 -0.6221096341820452
390 425 1.635480753214946
390 391 -1.3703799909339016
391 426 -0.02980049068657134
391 392 2.2884257937677583
392 427 -0.24436813669290994
392 393 -0.8760101224551017
393 428 -0.019848990403008103
393 394 -0.11142316363204285
394 429 0.6852698300050997
394 395 0.3216382910790934
395 430 -0.6871469921232463
395 396 0.6500789091758405
396 431 -1.7422297784493344
396 397 -1.7961963931454907
397 432 1.0136033969923908
397 398 0.27358008136960754
398 433 -0.41265145047634477
398 399 -0.07373364515846009
399 434 -0.7240266470338931
399 400 0.7562840506720857
400 435 0.9448155802593381
400 401 -0.719546191932751
401 436 1.1228469056125585
401 402 0.6315230305889674
402 437 -0.38212880468440874
402 403 -0.6617411690734785
403 438 1.7842571661021835
403 404 -0.7451219937912529
404 439 -1.4720672076839658
404 405 -0.27204295108310467
405 440 -0.15091329405697718
405 406 -1.2157473653008652
406 441 0.2079377732116893
406 407 0.34378206957047674
407 442 -0.7849654608677702
407 408 1.4979640407829333
408 443 -0.8176915937692038
408 409 0.6776908379237547
409 444 0.8434405979927047
409 410 1.338084597178019
410 445 -0.3551013899392704
410 411 -0.856934374942485
411 446 -0.11378137918141362
411 412 0.7568243477243942
412 447 0.7773127293590693
412 413 -0.5361447648756232
413 448 -0.6545070417685438
413 414 -1.561340272139784
414 449 -0.8812416861156604
414 415 -1.2110763378907154
415 450 -0.9409948260735698
415 416 0.749672230762722
416 451 1.0796316234667556
416 417 -2.486206269225214
417 452 1.4430339382700335
417 418 0.7842814765393503
418 453 1.5287739443081965
418 419 -1.1356163502800602
419 454 0.0020992676867187658
419 420 0.7621692232807883
420 455 0.12190212815209533
421 456 0.5827010991257107
421 422 -1.26188192652282
421 455 -0.42388833006829446
422 457 0.14481584424100358
422 423 0.26034101353503436
423 458 2.066844126186923
423 424 0.9044323608823326
424 459 0.40120931631929646
424 425 -0.5657411568174536
425 460 -1.3039375570631575
425 426 -0.2289808615518278
426 461 -0.4108375602557844
426 427 -0.2348540426219361
427 462 -0.10044570248422469
427 428 1.9691621360275362
428 463 -1.0606846484590586
428 429 0.578594300870359
429 464 0.5779550858281994
429 430 -0.6164015331830184
430 465 -0.5352432450078505
430 431 0.5364726692260344
431 466 -1.3953536061118794
431 432 0.487037434995833
432 467 -1.0092441301827266
432 433 -0.7994939164621815
433 468 -1.3253878312311635
433 434 0.15503856580978445
434 469 1.0817929316319181
434 435 -0.5800433223259464
435 470 0.7319769952713534
435 436 -0.22764544552122304
436 471 -0.23713180116755045
436 437 1.1410581427203412
437 472 0.7000185682488502
437 438 0.4964648191757843
438 473 -0.31085220196745045
438 439 -0.2314609726641988
439 474 -1.3977479505714385
439 440 -0.39282231225903036
440 475 1.591572298405027
440 441 -0.43000009331966793
441 476 0.5867526029263526
441 442 -0.31800641662276474
442 477 0.5072175585679577
442 443 -0.6534918663710315
443 478 -0.8164433942100006
443 444 1.1537794676564506
444 479 0.4761259726764089
444 445 0.11396114364327604
445 480 -1.1397428723679968
445 446 0.4744389828199665
446 481 0.29739974894482707
446 447 -0.06904446820184566
447 482 0.9564274668144033
447 448 -0.792617364865009
448 483 1.649801018259404
448 449 -0.16803736076528836
449 484 -0.9079665344994509
449 450 0.5708430409456409
450 485 -0.12276394104824591
450 451 -0.4415474186755906
451 486 -1.3606193790857157
451 452 1.0592653467082462
452 487 1.176945557060582
452 453 -0.547904130757856
453 488 -0.1471258971088312
453 454 0.706859318748159
454 489 0.7910673862456928
454 455 -0.2447515523620604
455 490 -0.7174112456119837
456 491 -0.5509193907988615
456 457 0.8238014738271656
456 490 -0.5521144860884162
457 492 -0.12380019237862666
457 458 -0.2202291194984513
458 493 0.32337872426169567
458 459 1.84213054925149
459 494 0.2085766903487206
459 460 1.9666624778258839
460 495 0.8675231044206776
460 461 0.10737931080059282
461 496 1.261059754363779
461 462 0.6909198177396663
462 497 -1.8725243732958463
462 463 -0.7001174374057721
463 498 -1.6842635309940388
463 464 0.2169495646952966
464 499 1.1399095917631057
464 465 -1.3483635924128692
465 500 0.053151373953824535
465 466 0.19640315722441748
466 501 -0.42411352001835906
466 467 1.3021776967145675
467 502 0.4138106429904346
467 468 1.3692551223194738
468 503 0.8102582655651677
468 469 -0.719567071980758
469 504 0.03655195598394713
469 470 -1.001174799011151
470 505 0.8936790365928908
470 471 0.4283864121452827
471 506 -1.1005584805981352
471 472 -1.0581668750413697
472 507 0.43364265232212806
472 473 0.8017266114496941
473 508 0.049576813871744375
473 474 -0.8644796128147462
474 509 0.8870903738617737
474 475 0.09371462755487901
475 510 -1.9954211938565118
475 476 -1.642563006550363
476 511 -1.408714311514838
476 477 -0.11312008911732915
477 512 -0.534922873393059
477 478 -0.816613625874149
478 513 0.7963905947273743
478 479 -0.8770877237267726
479 514 -0.4492311006029077
479 480 0.19049738658386953
480 515 0.1713933217429924
480 481 -1.7395381303799886
481 516 -0.42086707925409755
481 482 0.3352979943196423
482 517 -1.0196977156033542
482 483 -0.4230444941135463
483 518 -0.17631558791841728
483 484 -0.5728109981544085
484 519 -0.15200326441875958
484 485 -1.1157883929503165
485 520 -0.654593818458114
485 486 -0.46755352232672603
486 521 0.42695000944045675
486 487 -0.6477453683553284
487 522 -0.25931176127535516
487 488 1.7688097352621128
488 523 0.294539384327675
488 489 -1.0893123661779132
489 524 -1.270578223856223
489 490 0.5710222432400094
490 525 1.748254036986422
491 526 0.15999123755940578
491 492 -0.2747880475605825
491 525 -1.0069522968897293
492 527 -0.2968067694334185
492 493 0.10827658458591291
493 528 -0.9865058940990897
493 494 0.040136355001495407
494 529 -0.6510052290343681
494 495 0.4079261476194825
495 530 -0.07469570617994944
495 496 0.14957519766598287
496 531 -1.1666019773354352
496 497 -1.1034677249391274
497 532 -1.2358455057491202
497 498 0.9678867480104255
498 533 0.3892833406613071
498 499 -0.42972187230288167
499 534 0.22322454470248906
499 500 -1.4285599878739472
500 535 1.1021823769506527
500 501 -1.2874206706585785
501 536 1.4894302168606075
501 502 -0.24060096631515038
502 537 0.22976730245889782
502 503 0.43513506211823755
503 538 0.8508035768134998
503 504 -0.6510108726727385
504 539 0.6060509404383005
504 505 1.6637901962938093
505 540 0.7137615679527383
505 506 0.47640357108256676
506 541 0.15052266474779052
506 507 -0.8691258203732489
507 542 0.6624313138895502
507 508 -0.16835288378632557
508 543 0.34457652723130483
508 509 1.5391737983807945
509 544 2.052786216715477
509 510 0.7911595254011379
510 545 0.41643607776731284
510 511 -0.47134193047899103
511 546 0.5820329336043406
511 512 -0.7949548193570039
512 547 0.38770998283020214
512 513 -1.9818694745608585
513 548 -0.2657714996295518
513 514 0.7892625671089598
514 549 -0.4706948604983184
514 515 -1.5505342594847005
515 550 -0.7164415131458373
515 516 1.8908915160606579
516 551 0.1776180176053938
516 517 -0.8179813512850139
517 552 -2.916152741465227
517 518 0.4020039902946619
518 553 0.7590325363457672
518 519 -0.13260539514784467
519 554 -0.64714173967324
519 520 0.33481104615088136
520 555 0.7775326935842186
520 521 0.4532323767451644
521 556 0.9817567372846957
521 522 -0.4298445215236866
522 557 2.7586414535553887
522 523 -2.7330239598486927
523 558 -0.8666698850197426
523 524 0.24031577749175778
524 559 0.973442528262232
524 525 0.7648190757050863
525 560 0.8862307941532547
526 561 -0.420345000620809
526 527 0.09155870329306144
526 560 -0.46830921139306203
527 562 -0.44046895256381885
527 528 -1.1837417913211838
528 563 -1.585593620881374
528 529 0.5496737509482392
529 564 -0.5456583051322645
529 530 0.699133130457018
530 565 -1.149637735151193
530 531 -0.7534129816214971
531 566 0.4275238279210505
531 532 1.2575809594878402
532 567 -0.3947362455475755
532 533 0.3273584437071211
533 568 -1.0364678909095286
533 534 -0.24845317540159176
534 569 -0.8953086227094939
534 535 0.533724220357437
535 570 0.23834306055634757
535 536 1.4575734010805161
536 571 -0.9932944957637431
536 537 1.2358102320128022
537 572 1.7737770099725154
537 538 -1.5060267600859398
538 573 -1.8506701206171952
538 539 1.9871232455974406
539 574 0.6029061201207634
539 540 -0.6180139851182708
540 575 0.4120144973346731
540 541 0.21552317363440593
541 576 1.30276654081828
541 542 -2.2328074676388177
542 577 0.2179471697399803
542 543 2.005052258186854
543 578 -0.12366925175343145
543 544 -0.7458900812647548
544 579 0.45202197605319233
544 545 -1.005017643436058
545 580 -0.36817699589052777
545 546 1.628052318721605
546 581 -1.3672037909906862
546 547 0.2850964966943558
547 582 -1.011019723265247
547 548 0.5292161373074573
548 583 -1.3539141341188206
548 549 -1.3160983401820274
549 584 0.6997181834361804
549 550 -0.8328276795170325
550 585 0.2193989915575068
550 551 -0.43303674706630263
551 586 -0.21387084236576215
551 552 0.14123716766027772
552 587 2.107594870314664
552 553 0.3166877788516315
553 588 -0.27277002212482276
553 554 0.8280981402266034
554 589 -0.10074704166627907
554 555 -1.1103692701546863
555 590 0.8863356208144763
555 556 -0.12662919918575138
556 591 0.4322958300773729
556 557 1.0938138803247883
557 592 -1.4244376523860638
557 558 -0.028241112263599377
558 593 0.8527988654062127
558 559 -1.443145878626915
559 594 -0.5126148406466845
559 560 -0.1028800110468222
560 595 -0.3636258499766366
561 596 -1.6017517075943206
561 562 -1.9177114331508789
561 595 0.11672700304822596
562 597 -0.128174772637656
562 563 -0.012297799731525826
563 598 2.166960970116354
563 564 -0.0004948217113485511
564 599 0.2132908368560778
564 565 -0.017964071990650567
565 600 -0.5007192438413277
565 566 -0.1685992865061637
566 601 -0.4434763801489494
566 567 -0.8063483148593299
567 602 -2.064198065065833
567 568 -0.47266050601064435
568 603 0.5591481143489032
568 569 -0.7434429390916225
569 604 0.2164000973791812
569 570 -1.9372280063230958
570 605 -0.4429435449956362
570 571 1.701642233792221
571 606 -1.7205584604420816
571 572 -1.517904410796064
572 607 -0.6644408861601804
572 573 0.5941721493325768
573 608 1.4780573774443595
573 574 -0.362166025528498
574 609 0.5742209451078728
574 575 -0.3407586756143676
575 610 0.35729917763826197
575 576 -1.2909587715192392
576 611 1.2569054616051565
576 577 -0.39108419911055387
577 612 -0.8225146103294904
577 578 -0.4004734861777994
578 613 -1.2556359978000047
578 579 1.037780494015918
579 614 -0.9237042833220319
579 580 0.3339341164744873
580 615 -0.27979005745411406
580 581 0.8933172789141007
581 616 -1.290060563965709
581 582 -1.2623529331985444
582 617 0.5416828533929366
582 583 0.8452821854398367
583 618 -0.03022435191189355
583 584 -0.10960732158305417
584 619 0.4046563081982382
584 585 -0.8255796805750173
585 620 1.6118280550881288
585 586 0.7902077922715081
586 621 0.5479658757548325
586 587 0.5744628110364536
587 622 -1.3439776236872425
587 588 1.650688686177862
588 623 -0.25586341115155137
588 589 -0.6333067788628717
589 624 -0.42886148072677294
589 590 -0.49551365362028243
590 625 0.14404756253546924
590 591 0.006830322504001756
591 626 0.32686660875638746
591 592 0.0370159743881568
592 627 2.052232752233887
592 593 -1.144086171442201
593 628 1.1199271842521183
593 594 0.07133485260198526
594 629 -1.0605363362366533
594 595 2.100972197702883
595 630 0.3632875655623108
596 631 0.7206010774745462
596 597 1.5059113133481112
596 630 1.2175910033773298
597 632 -0.8323199839376278
597 598 -0.5783055807588147
598 633 0.04897220551680219
598 599 1.08695977511427
599 634 -0.8166467628962805
599 600 2.1522449358217175
600 635 -0.3398760780815345
600 601 1.2147593969853698
601 636 -0.08881772924303255
601 602 -0.45876656618124595
602 637 0.08230042372337674
602 603 0.34125754751165766
603 638 -2.4467856174676497
603 604 0.49142393895869874
604 639 -0.3528976915836088
604 605 0.4835114167688731
605 640 1.770254835701615
605 606 -0.1764759320615434
606 641 0.2916948700252784
606 607 0.6518207308150775
607 642 0.6697834042630064
607 608 -0.9818520232298104
608 643 -0.8116533818474121
608 609 -1.215420485692155
609 644 -1.5319567106787306
609 610 0.2728347573088559
610 645 0.42225809347497695
610 611 0.38390217163943846
611 646 0.23295616365338695
611 612 -0.13924572612918118
612 647 -1.0517018152474629
612 613 -0.9915369450627042
613 648 -0.4844011875405522
613 614 0.23498925144213498
614 649 0.09777059204040665
614 615 -0.33487489622733835
615 650 -0.04000294588909304
615 616 0.2348941411488165
616 651 -0.5053357949415878
616 617 0.45073643960652643
617 652 -0.35844308350196763
617 618 -1.0180813126833095
618 653 -0.13402475589459623
618 619 -1.542372739200865
619 654 -0.3644600734392495
619 620 -1.0445810675756806
620 655 0.55240134198399
620 621 -0.0322335383648803
621 656 -2.1212761879619033
621 622 0.25307585432987456
622 657 0.6398131554976769
622 623 -0.14575166438148057
623 658 0.2723458758133315
623 624 -2.3636556793484984
624 659 -0.7275362724179025
624 625 -0.9801609319879128
625 660 -1.1474057343363735
625 626 0.5615817679109494
626 661 -1.3489033040555438
626 627 0.02829368896058786
627 662 -0.41189289476850577
627 628 -0.924912439339633
628 663 0.16427594706970244
628 629 0.8727877767714556
629 664 0.2963158114521165
629 630 -0.500845918554791
630 665 -1.67187680152404
631 666 -1.287906480384246
631 632 -0.5567437857980776
631 665 -0.3754648905684514
632 667 0.1363820527030519
632 633 1.3705174359981525
633 668 -0.05955790964068519
633 634 0.3981499970149381
634 669 0.3593411302295124
634 635 -0.22920174650057015
635 670 2.1935855732073533
635 636 0.5588958856283668
636 671 -1.1895881959646697
636 637 0.5654864836524022
637 672 0.10445830755120963
637 638 -0.474607153533874
638 673 2.234816493356202
638 639 -0.9602818121803657
639 674 0.7797029142847848
639 640 -0.23532253726652072
640 675 0.355117260759574
640 641 1.003283687174699
641 676 0.7677061765550677
641 642 1.2553876548031524
642 677 -0.5681753712352858
642 643 0.5294886679943782
643 678 0.8420984307993452
643 644 0.36471463376885704
644 679 -0.6527931216028537
644 645 0.9651041161593333
645 680 0.5347162615894566
645 646 -1.1061697040329077
646 681 0.5014726845945894
646 647 -0.39279027772159975
647 682 -0.7971398922830163
647 648 -0.17293797053631949
648 683 -0.36390219534767954
648 649 0.36419324136305015
649 684 -1.0902299606647536
649 650 0.13396828426185944
650 685 0.49789345528507095
650 651 -0.7387512890715596
651 686 2.4060713851206965
651 652 -0.5265739773373842
652 687 -0.4497196180414768
652 653 1.7357021112021274
653 688 1.3525624720329907
653 654 1.3818243990005454
654 689 -0.314514143001658
654 655 0.5749785957697194
655 690 -2.2273136088453622
655 656 0.3442433766033294
656 691 -2.3727226783314426
656 657 -0.7147372710541278
657 692 1.7317266959788993
657 658 -0.9378597643809751
658 693 -0.6481795584087676
658 659 -0.5722548219867228
659 694 0.3838004772130285
659 660 1.2638144758845926
660 695 0.09364244039926403
660 661 0.8652796181005993
661 696 0.32006164712468327
661 662 -2.4070221457301626
662 697 -0.4210990733612068
662 663 -0.09194133118497042
663 698 0.20723840521710093
663 664 -0.16759065500869583
664 699 -0.5487853204214259
664 665 0.18763582002384344
665 700 -1.9292545400480108
666 701 0.11600431126139463
666 667 1.5241782964176236
666 700 -0.7414502047282031
667 702 -1.7340814607120179
667 668 1.5973454073435134
668 703 1.42704306696807
668 669 -0.1346940510940797
669 704 0.20017780510731562
669 670 1.5138762245632356
670 705 -0.2956001585620302
670 671 -0.32895971842839533
671 706 1.4588289128948495
671 672 -0.2775270009823989
672 707 -0.14497147306962954
672 673 1.3819867704027824
673 708 1.7541421839076126
673 674 0.31764452630062706
674 709 0.3973588259419686
674 675 -0.2679636804778048
675 710 0.07159742967611846
675 676 0.5291447731206556
676 711 -0.940817612958256
676 677 -0.06979647925897303
677 712 1.9225863104363947
677 678 1.1255884960860325
678 713 0.7214472210385648
678 679 -0.1734774041443839
679 714 -1.1927592203092374
679 680 0.1819531901751866
680 715 1.1253540953167507
680 681 0.9883940933497489
681 716 -1.0523541859506487
681 682 0.5013220207703032
682 717 -1.277061183004432
682 683 -1.0614327454157506
683 718 0.4394149271404128
683 684 1.9236169839546635
684 719 0.2580634937411505
684 685 -0.5041568300998315
685 720 -0.4951287493871693
685 686 1.3795642912697128
686 721 1.6139539814374493
686 687 0.4263173095657476
687 722 0.6795472802868373
687 688 -1.321328868938842
688 723 0.30612631902117404
688 689 0.8084707416647937
689 724 1.5480342593933167
689 690 -2.482742618911173
690 725 -0.9793603885147215
690 691 0.08208357487165385
691 726 0.7514787176342137
691 692 0.5983720134482445
692 727 1.4686206587129476
692 693 0.6665901681719925
693 728 0.2895108339414643
693 694 -2.418573053569357
694 729 0.11916642293717711
694 695 1.258195905366479
695 730 0.20298674934916153
695 696 0.2644239678119101
696 731 -1.8833890305914613
696 697 -0.7739712570815479
697 732 0.46206884975396095
697 698 2.0884098829330573
698 733 1.445863649113082
698 699 -2.944707276364337
699 734 -0.996397800401592
699 700 -0.608801865738236
700 735 0.8158279472685123
701 736 -0.6735366172560981
701 702 1.0458150884789594
701 735 -0.31213810340548254
702 737 2.120586558952305
702 703 0.47690141906178934
703 738 2.649659417300018
703 704 0.3292790969321406
704 739 -0.475614995592726
704 705 0.3664591509250906
705 740 0.2998980905496448
705 706 -1.0476480400064054
706 741 -0.7893939073257705
706 707 0.6715489161490176
707 742 -0.3650622638164229
707 708 1.5999334621924757
708 743 1.129010385189529
708 709 0.028775851498769246
709 744 -0.4321449822368245
709 710 0.7705936900329248
710 745 -1.1708893968274583
710 711 0.3749867723310424
711 746 -0.7088566570249122
711 712 0.25042067954555075
712 747 -1.447856816737789
712 713 -0.8245409077772599
713 748 1.0939124892004983
713 714 1.5081556823432427
714 749 -0.4130199537072919
714 715 -0.9112312194384478
715 750 -0.09196758398632676
715 716 0.31112301770399325
716 751 -0.6528756033648043
716 717 1.6770641156509338
717 752 0.008127126726580126
717 718 0.18684396035898332
718 753 -0.7300135212642631
718 719 0.014827849781173798
719 754 -0.16119522072363693
719 720 1.1289808360093143
720 755 0.27620732202075704
720 721 0.14991718780009286
721 756 0.6863172534093636
721 722 -0.8757022280577844
722 757 -0.5492567708941253
722 723 -0.34440495427391415
723 758 -1.8349600862674482
723 724 -0.022655668389276865
724 759 -1.60111956273145
724 725 2.3704833335431754
725 760 -0.7352597744948854
725 726 2.1231208414066027
726 761 0.19285030736196532
726 727 -1.2714345149290134
727 762 -2.0393422494569173
727 728 0.774722618080657
728 763 1.6894410901566579
728 729 0.16729596007522848
729 764 1.4963004230609522
729 730 -0.13679911135789655
730 765 -0.6043072783447946
730 731 1.8961094591235743
731 766 -0.8990523579839697
731 732 -0.21592593541084637
732 767 0.006527850060607727
732 733 1.196562461967276
733 768 0.15710302675221838
733 734 0.6249074583802144
734 769 -1.0961250570826107
734 735 -0.10693728537550576
735 770 -1.1029255797596924
736 771 2.198802837915544
736 737 0.6952652756809135
736 770 -0.8832313489503187
737 772 0.8287674679516432
737 738 -0.2797317413577741
738 773 -0.2532685650749592
738 739 0.27167648814574913
739 774 -0.045847701838930686
739 740 -1.3239301686404044
740 775 -1.3504145837482922
740 741 1.9388565078487792
741 776 -0.48601153727200336
741 742 0.78864388600434
742 777 -1.0458195982097824
742 743 -0.9302085833190332
743 778 -0.8361019640618815
743 744 0.5045028354900774
744 779 -0.9782638917111395
744 745 0.6375248367658037
745 780 0.22999857909192228
745 746 0.2850581398817193
746 781 -0.9334505471302903
746 747 0.6290954418517964
747 782 0.7517622952794815
747 748 0.3344869429970813
748 783 0.34623494202541516
748 749 1.212845765083316
749 784 -0.7181650341255862
749 750 0.7352432308483786
750 785 -0.5596707659491047
750 751 0.3861631575590689
751 786 1.2597932266474965
751 752 -0.8368743131897037
752 787 0.6757216244454468
752 753 -1.2144831013640125
753 788 -0.27240532379567767
753 754 0.40721849541507604
754 789 0.7704833367695242
754 755 0.6744564750767326
755 790 0.21531876039301834
755 756 -0.5750644313218691
756 791 0.6734814613237865
756 757 -0.10132399500364664
757 792 -1.3390286409110808
757 758 3.019583508781136
758 793 -0.12879118642045828
758 759 -0.8595228085546542
759 794 1.7838445178672233
759 760 -1.2342118677414784
760 795 1.2015455686110583
760 761 0.9579579798037591
761 796 -0.5447704849718077
761 762 -1.0947235699184328
762 797 -0.9886882206096237
762 763 0.3393417319886701
763 798 0.21433366847791233
763 764 -1.026894143173296
764 799 0.5256919954377396
764 765 -0.203496461299537
765 800 2.8011644220336795
765 766 -2.0425813317618897
766 801 -0.37478396273463543
766 767 1.5773080637335373
767 802 -0.1582384477665487
767 768 -0.23173956521444183
768 803 0.8687426806275808
768 769 -0.10208257144208113
769 804 -1.16781367059647
769 770 -0.48786415948877826
770 805 -1.5763356225964367
771 806 0.3681422771659568
771 772 1.4248692840234667
771 805 -1.362399671697098
772 807 1.626509194268698
772 773 0.29906680667955393
773 808 0.9568925663774541
773 774 0.6993839476186992
774 809 0.6556648320175423
774 775 -0.6181331020779546
775 810 -0.36310253565827716
775 776 0.9071067293703244
776 811 -0.9785563683190217
776 777 0.19264206463078998
777 812 -2.1963185230377653
777 778 -0.25968527044999495
778 813 1.0962290723367552
778 779 0.9324235164718953
779 814 -0.6333713459450852
779 780 -0.2914836421071675
780 815 -2.3928614491893834
780 781 -0.14235484991740938
781 816 -0.010960334656144382
781 782 1.593750322867114
782 817 2.3625080867379764
782 783 1.422760522513241
783 818 -1.9528022368902245
783 784 -0.3471062269391593
784 819 -0.3345428418484173
784 785 0.11555316514667756
785 820 -0.2653648860658831
785 786 -0.6044062922410535
786 821 -0.354244021985712
786 787 -0.465184096649943
787 822 0.7626016555945337
787 788 -0.6170631123613386
788 823 -0.17198866929297837
788 789 -0.7127598102360732
789 824 -0.6836993461652973
789 790 0.6611274908923208
790 825 0.46061594985960186
790 791 0.712268391394503
791 826 1.6499651889825362
791 792 -0.24026099181752622
792 827 1.4806051319479876
792 793 0.1048512500635807
793 828 0.12684104362859455
793 794 1.8181561656578387
794 829 0.4350381803680074
794 795 1.1242083600376294
795 830 -0.33401564848561205
795 796 0.34433552115782445
796 831 -0.22443511647065703
796 797 0.5892104253318732
797 832 0.1533022885639217
797 798 0.09646632658729441
798 833 0.5405164010276492
798 799 0.25783114503657256
799 834 0.6215889914329064
799 800 0.8546815331312952
800 835 1.3763772225582838
800 801 -0.10769735263078478
801 836 0.2968692780638732
801 802 -0.8309354541474887
802 837 0.8888246047383673
802 803 -0.9455019069959361
803 838 0.5392213232639597
803 804 -0.33866066563199954
804 839 0.39144230354219733
804 805 -0.05344255251124929
805 840 -0.3530257483000765
806 841 -0.4725912311635748
806 807 1.8361589544379764
806 840 0.5942834193848278
807 842 -1.1719914972463845
807 808 -1.3347553428873278
808 843 3.831805950948033
808 809 1.3249617818517172
809 844 -0.11400476779111178
809 810 -1.105329151250115
810 845 -1.3292376211483536
810 811 0.5282578112028588
811 846 0.5178953581001018
811 812 0.6714995636469078
812 847 0.005096175080472187
812 813 0.5702416966707587
813 848 1.5169158935505114
813 814 0.13622159051184643
814 849 0.5774406133575269
814 815 -0.3856651986784316
815 850 -1.7007465428285786
815 816 -0.6905000272018254
816 851 0.0068251613996969576
816 817 0.993503466051213
817 852 0.3530264114592391
817 818 -0.9441279114880283
818 853 -1.5301758180157183
818 819 -0.7736080946197003
819 854 0.32802693613570116
819 820 -1.6347538564573707
820 855 -0.6144227369165505
820 821 0.30987482993400944
821 856 0.815574183345457
821 822 0.9263485134995043
822 857 1.286821752119739
822 823 -1.2952401468419894
823 858 -1.2552245254726888
823 824 -0.17754444978371597
824 859 -1.019868932831694
824 825 -0.17896478225963977
825 860 0.2915603137997902
825 826 -0.28477424605599455
826 861 1.036316700154911
826 827 -0.2098670811960376
827 862 -0.3711840663162851
827 828 -2.423195161302365
828 863 -0.11791808482226354
828 829 0.3675370592026431
829 864 -0.11033638300408014
829 830 0.9556029900804877
830 865 -0.4405960286939393
830 831 -0.957807099225351
831 866 -0.04960267624685674
831 832 -1.1755591872743487
832 867 -1.072009845482126
832 833 0.12916607581011477
833 868 -0.3494117561177833
833 834 -0.1135495872622816
834 869 0.44953866059435343
834 835 -0.1703735672903158
835 870 1.7593548586530476
835 836 -0.11955670828301125
836 871 1.2038417933982093
836 837 -0.651331069333822
837 872 -0.38920189492135054
837 838 1.352393200459262
838 873 0.7747044624199593
838 839 0.058811852176644544
839 874 1.2230459831182556
839 840 0.9471054543646449
840 875 0.6451922965779933
841 876 1.0328089817241615
841 842 1.3946328792191673
841 875 -0.05077091024580646
842 877 -0.7086635859843872
842 843 0.41624812019019025
843 878 0.005078030977910877
843 844 -0.7907260961657794
844 879 -0.3783754295227294
844 845 1.0163397558083933
845 880 -0.8980045595937929
845 846 0.40958365627754434
846 881 -0.5080376767343393
846 847 -0.5290725069975838
847 882 -0.7708775155060112
847 848 -2.794463668154194
848 883 -0.4388873862112251
848 849 0.5193024676149349
849 884 0.8645171432751373
849 850 -1.4394922548107805
850 885 -0.01635060968248263
850 851 1.4273964032678457
851 886 -0.573052577507614
851 852 -0.7242402746505161
852 887 0.298172937008798
852 853 0.8532041313108447
853 888 0.12447618210049496
853 854 -0.5413595071279396
854 889 -0.14124158709000323
854 855 1.4385330165668981
855 890 -0.368194100227762
855 856 -1.4603731249721146
856 891 0.1673976465801938
856 857 -1.8153755260349256
857 892 1.139000020709593
857 858 -1.5009195473316692
858 893 0.29297107280882917
858 859 -1.158003375954099
859 894 0.9262215966278547
859 860 0.4446251653457095
860 895 1.4435192169155933
860 861 0.3834353673976706
861 896 0.4820389051634938
861 862 -0.8771140349516768
862 897 0.907261643890084
862 863 0.03380018125143814
863 898 -1.4103894514374982
863 864 -0.3596957968194631
864 899 0.5323330510139296
864 865 0.5720419426715899
865 900 -1.0470077278139187
865 866 1.640754626917361
866 901 -1.5729335723092273
866 867 -1.0340443771982533
867 902 -0.18025241154298285
867 868 -0.26531941574283147
868 903 0.18804916234752195
868 869 0.4277174602899738
869 904 -0.075742048908432
869 870 -1.672322068871931
870 905 -0.16233141884720806
870 871 1.2284760614337398
871 906 0.5194814310125446
871 872 -0.13447612300445116
872 907 0.11201162673816127
872 873 0.9054906145497864
873 908 -0.37744071146359565
873 874 -0.05438221098283272
874 909 0.2496822331736288
874 875 1.1127838075309642
875 910 1.6469849497550066
876 911 -0.5482621498563853
876 877 0.9047431758160012
876 910 -0.25628972171788655
877 912 -0.47171971115568306
877 878 0.8764232459275747
878 913 -1.3322997898348756
878 879 1.382477118089814
879 914 0.07186900641443278
879 880 0.2523928300585913
880 915 -0.1308871059265856
880 881 0.6132541805583497
881 916 -0.01418966875971191
881 882 -0.9289108184964779
882 917 -0.6470462667286537
882 883 0.11860659696794257
883 918 1.1444328754022461
883 884 -0.4989091059070211
884 919 -1.3128274190444265
884 885 -0.7589940254091486
885 920 -0.2048290179785412
885 886 -1.3529264421912366
886 921 -0.7827339265195933
886 887 0.22558195685554994
887 922 -0.34167969305114076
887 888 -0.8216313331087862
888 923 -0.8492836528433944
888 889 -0.3613501575031413
889 924 -0.06983816269953923
889 890 0.8176838582770696
890 925 -0.8109021539993275
890 891 0.6071165005021881
891 926 1.3514502675669557
891 892 -0.317135880802787
892 927 -0.1516812759874906
892 893 0.7281812515451469
893 928 -0.22423281868823056
893 894 -0.755289697939642
894 929 1.5869047321409522
894 895 -1.367261949139892
895 930 0.2646492107092623
895 896 1.649961077578657
896 931 0.897675851152223
896 897 1.5756933888943845
897 932 1.4076724554119098
897 898 1.0994597489528626
898 933 1.8087990147748283
898 899 0.20618729347837628
899 934 0.9524743843334879
899 900 0.1609897518015844
900 935 -0.3554898175838444
900 901 -0.8989057789182112
901 936 -1.0252958861850994
901 902 1.4146034578874196
902 937 0.3806036246648464
902 903 -0.9214713753737003
903 938 0.7566586358943518
903 904 1.286003375062067
904 939 -0.7176616908805901
904 905 0.3570851240606374
905 940 -0.3159448776750309
905 906 -0.6517190423449793
906 941 0.2406826945437793
906 907 -0.5994471528015964
907 942 1.6750022568761729
907 908 -0.545921899750582
908 943 1.1150238612411782
908 909 -2.1543271960724026
909 944 0.047059150915662686
909 910 0.16328031673581128
910 945 1.2350422589028862
911 946 -0.6745092640966572
911 912 0.686949591761137
911 945 0.7876405034218938
912 947 -1.1218435903929287
912 913 0.7049200024295621
913 948 -1.2747962770331824
913 914 -0.3514765772100156
914 949 -0.18389976613115272
914 915 -0.10909348539503602
915 950 1.4169500314041414
915 916 0.11101414640424767
916 951 1.3355520654476498
916 917 0.3989519195733474
917 952 -0.31743115889892093
917 918 0.7090921935183594
918 953 4.0420499950560425
918 919 -1.6114689301517042
919 954 -0.8762804565419058
919 920 0.36431328188107537
920 955 -0.8048943441401885
920 921 -0.19925716171761443
921 956 1.2696420031401483
921 922 1.2029474311206068
922 957 -0.5263399916836319
922 923 1.0708623010225151
923 958 0.4450619118441154
923 924 -0.6118654045517323
924 959 0.46991960639620184
924 925 2.462984408906931
925 960 -0.45654089671563475
925 926 -0.43575351101604254
926 961 -0.9183878713022428
926 927 -1.17162816674637
927 962 -0.4316850678705216
927 928 1.8049241791865507
928 963 -1.4008384185012681
928 929 1.1492153131722944
929 964 0.7786397802618497
929 930 -0.2264074125930397
930 965 -1.8135477920681478
930 931 0.39375952031465933
931 966 -0.5808486722343148
931 932 0.009769533206788512
932 967 -1.815421129772914
932 933 0.7554366339047942
933 968 -0.5013390046979342
933 934 0.3810310789709549
934 969 -0.49933268757913446
934 935 -1.0490880465204349
935 970 -1.7111655324939263
935 936 0.041145239982945725
936 971 1.8717719427514337
936 937 -0.07885930997048377
937 972 -0.6308222868735522
937 938 -0.09543533409572613
938 973 0.43155313105251375
938 939 -0.7635914715702479
939 974 -2.1841380306801685
939 940 1.7275957148263141
940 975 3.284325849212387
940 941 0.1682925577033942
941 976 0.3536039127861941
941 942 -0.38170003809192726
942 977 0.28062521032217297
942 943 -2.230259856589849
943 978 1.4396314523096245
943 944 0.5961167673068074
944 979 -1.1590265834873559
944 945 0.9865007756876698
945 980 -0.44114806948363844
946 981 0.05405970787127962
946 947 -1.543618685833528
946 980 -0.30365407974032427
947 982 0.30728144526531764
947 948 0.43418155064836284
948 983 -0.8609144437925451
948 949 -0.4302048773909066
949 984 0.3408603065431267
949 950 -0.4727590296485308
950 985 -2.073296665383434
950 951 -0.23635013694828677
951 986 0.12821825417488986
951 952 0.8939196985989444
952 987 0.5542057593364242
952 953 0.8772879170092712
953 988 -0.6969098468206123
953 954 -1.4373930945119793
954 989 -0.8468090590028804
954 955 0.39078879339128925
955 990 -1.605809007108701
955 956 -1.0025037988080634
956 991 -0.627286138706086
956 957 -0.9216421235595239
957 992 -0.3934912217244352
957 958 0.7428807842850375
958 993 0.9332753486805293
958 959 0.5283860181446779
959 994 0.8324876144969747
959 960 -0.9090231166254336
960 995 0.5810529951184636
960 961 1.0680183668456857
961 996 0.3878417341680739
961 962 0.9430878523075439
962 997 -0.021547407750724955
962 963 -0.6091754547977017
963 998 0.840585544247355
963 964 -1.557906348694099
964 999 -0.9233594111085331
964 965 -0.18126276476062167
965 1000 -1.7609460599745854
965 966 -2.1293445696486994
966 1001 -0.4318952511834584
966 967 -0.40147578438363946
967 1002 -0.3368512623224083
967 968 0.48631869058383154
968 1003 -0.9404653997080098
968 969 -1.1761110623370745
969 1004 -1.3122661914620264
969 970 2.0057636192048527
970 1005 0.7037591072688713
970 971 -0.7121601982507118
971 1006 -0.3223746693028941
971 972 -0.8390049880607496
972 1007 0.0052563142175023085
972 973 -0.18191823163938928
973 1008 -0.1843022344402274
973 974 0.11580326149440032
974 1009 0.43712031191471734
974 975 0.8287113755332889
975 1010 -0.7568786832135859
975 976 -0.5884175713098551
976 1011 -0.9587841055970387
976 977 0.9534217561086146
977 1012 0.419516202577475
977 978 0.10955219945289181
978 1013 -0.820718971127066
978 979 -0.4134228435502612
979 1014 -1.3920092768576917
979 980 -1.1277264264422413
980 1015 -0.7571431874726409
981 1016 1.3319145456233679
981 982 -0.7991401594960174
981 1015 0.08453087399053541
982 1017 -0.1113169373305062
982 983 -0.3807417276013579
983 1018 -0.6786407927033936
983 984 0.026791484015519597
984 1019 -1.6865330869565631
984 985 1.1271770467659705
985 1020 0.918319419192353
985 986 -0.14482859278304264
986 1021 -0.03257654027906715
986 987 0.5560369533763198
987 1022 -1.7658861938314536
987 988 -0.07152769006925858
988 1023 -0.865561043838278
988 989 1.2113093290872037
989 1024 -0.765571888873932
989 990 0.4084480103489454
990 1025 -2.0984572356656237
990 991 -0.6958113924846652
991 1026 0.18003303033357113
991 992 1.3454956781080385
992 1027 0.04317430902004146
992 993 1.2351308410424278
993 1028 0.300325347580857
993 994 -0.5566606389445443
994 1029 -1.7396643065471284
994 995 0.4454873478168546
995 1030 -0.33998416840505474
995 996 1.4372367684055722
996 1031 0.7261333801251324
996 997 -1.3017241999508435
997 1032 1.5162813869375333
997 998 -0.43600502653640033
998 1033 -1.6171446790034152
998 999 -0.858983320816889
999 1034 -0.11876672289558846
999 1000 0.2005253056120917
1000 1035 0.8855966853675981
1000 1001 -0.6303349287784581
1001 1036 -0.8853326435132461
1001 1002 -0.2630131630703016
1002 1037 -0.979628299752424
1002 1003 -0.5009741102073574
1003 1038 1.5523140249811656
1003 1004 1.2134010374158248
1004 1039 -1.0511821397810648
1004 1005 0.21155782742628693
1005 1040 -0.16267168144797375
1005 1006 0.6727158746103241
1006 1041 1.3810928486377392
1006 1007 0.5272294220613568
1007 1042 0.8410017754346006
1007 1008 -0.9457520142739436
1008 1043 0.08776645912634186
1008 1009 -0.49433875701977065
1009 1044 -0.6224358059965783
1009 1010 1.6509561168884423
1010 1045 -0.8276850846127659
1010 1011 -0.1577853666102996
1011 1046 0.6257487728877283
1011 1012 -0.16119934873345973
1012 1047 0.5272962413790345
1012 1013 0.26806048195906407
1013 1048 0.20389786746421937
1013 1014 1.39206555144404
1014 1049 -1.5698158755710399
1014 1015 -1.0915506272013413
1015 1050 -0.23211598188465857
1016 1051 -1.6995454040158935
1016 1017 2.7386547963235204
1016 1050 -0.1355215371805114
1017 1052 -0.010837636611776606
1017 1018 1.1085437544008876
1018 1053 -0.3636870558160395
1018 1019 1.3334413947959214
1019 1054 1.2916731810804698
1019 1020 0.34080537411465717
1020 1055 -0.9790280097382819
1020 1021 -1.2884711239029405
1021 1056 -0.3646686689781365
1021 1022 -0.06786186053457592
1022 1057 0.6239338063416937
1022 1023 -1.3979689813556393
1023 1058 0.3583255507164944
1023 1024 0.3010863020518582
1024 1059 0.3215343355938105
1024 1025 0.9164152278465447
1025 1060 -0.13522259193112438
1025 1026 0.05700357918128239
1026 1061 -0.7440440523556597
1026 1027 0.9509123836766759
1027 1062 -0.8123875748799094
1027 1028 0.3607795217780832
1028 1063 0.49245214771424695
1028 1029 -0.6430295727426228
1029 1064 2.8093863653260027
1029 1030 1.3589911405960307
1030 1065 0.4926810120560824
1030 1031 -0.15438207360083875
1031 1066 -1.9554271452745362
1031 1032 1.2704415141016836
1032 1067 0.6276989334994169
1032 1033 1.1478441148627905
1033 1068 1.3662083556690579
1033 1034 -0.32229089587468773
1034 1069 0.12336414492805137
1034 1035 1.4288374785990485
1035 1070 -0.19431828150114058
1035 1036 -1.4942664923902185
1036 1071 0.023375214125975086
1036 1037 1.0850899246401886
1037 1072 -0.2684604890939899
1037 1038 -1.6005438859873935
1038 1073 2.527090640536991
1038 1039 -0.2189806093303412
1039 1074 -1.1867396422446455
1039 1040 1.3392700540434637
1040 1075 0.04739449222390732
1040 1041 0.05075977387641097
1041 1076 -0.6174440420750543
1041 1042 -0.4580228267787449
1042 1077 0.601345244608675
1042 1043 0.2565031514465665
1043 1078 0.24828185036792544
1043 1044 2.4015829888465787
1044 1079 -2.7410253239661166
1044 1045 -0.6537023676416748
1045 1080 -0.26993908335497435
1045 1046 0.8188050314840566
1046 1081 -0.028913693805637544
1046 1047 0.9192777245521596
1047 1082 0.07890607809440967
1047 1048 0.7730928715592262
1048 1083 1.0928176077455871
1048 1049 1.1239940643366135
1049 1084 0.9499337245509502
1049 1050 0.48417902986803746
1050 1085 1.9221061323589443
1051 1086 0.8770387065920333
1051 1052 0.1152453824055768
1051 1085 -1.113444586955898
1052 1087 0.02502038487486311
1052 1053 1.8414308448595118
1053 1088 0.7107070414660052
1053 1054 0.7729900310503283
1054 1089 1.1790386011141614
1054 1055 0.24332344059512473
1055 1090 0.039839642233653355
1055 1056 1.7794903868848215
1056 1091 -1.186310778477343
1056 1057 -1.4420448566749715
1057 1092 -0.8331765352557923
1057 1058 -1.0156316390348918
1058 1093 0.5533492751663506
1058 1059 1.020693016069246
1059 1094 -0.5266433480571384
1059 1060 0.9387722160524511
1060 1095 -0.36210186534048905
1060 1061 -0.5120960282870604
1061 1096 0.3101424565987599
1061 1062 0.3734561580320955
1062 1097 2.47384909816818
1062 1063 1.4547743005942035
1063 1098 -0.3651718087666405
1063 1064 1.3920606200286905
1064 1099 -0.1100293332251119
1064 1065 -0.8977692488615594
1065 1100 1.1316537100278992
1065 1066 1.701336907660952
1066 1101 -2.004062591685708
1066 1067 -0.13858788991319324
1067 1102 -1.2666443759814423
1067 1068 0.2926466560533185
1068 1103 0.6963137984231517
1068 1069 1.1052174465463351
1069 1104 -1.2874026751362875
1069 1070 0.9181644422760699
1070 1105 0.9453914556009105
1070 1071 -0.45561017710483137
1071 1106 0.23616130812604738
1071 1072 0.8657595796061882
1072 1107 1.0721709895383327
1072 1073 -0.6143542148447878
1073 1108 -0.25440739998865497
1073 1074 0.9355494897997831
1074 1109 -1.698163208763847
1074 1075 0.15394310407853418
1075 1110 1.132025964419676
1075 1076 0.5181461853553582
1076 1111 -1.6048822193704317
1076 1077 -0.1091624387073279
1077 1112 1.1059747248288714
1077 1078 1.5608002272577712
1078 1113 2.230461284712642
1078 1079 1.2085756855917396
1079 1114 -0.897784219456282
1079 1080 0.29175327416424707
1080 1115 0.5782340424410684
1080 1081 -0.6448726891119418
1081 1116 0.09480765542845852
1081 1082 -0.6454578040142368
1082 1117 -0.9403586902242241
1082 1083 1.8854342819970586
1083 1118 -1.2296994707695101
1083 1084 -1.075496976323379
1084 1119 0.9725460502788532
1084 1085 0.5924071587406211
1085 1120 0.8043008161240873
1086 1121 -0.003751901946084264
1086 1087 1.684117978575302
1086 1120 -1.6778802573264773
1087 1122 0.4842377724797823
1087 1088 -0.21572688766493417
1088 1123 0.7273773223984136
1088 1089 -0.1731768060031609
1089 1124 -0.20338089381883231
1089 1090 1.0118008291338367
1090 1125 -0.62823980464309
1090 1091 -1.1727950095123472
1091 1126 1.2960943066813668
1091 1092 0.5562145887821865
1092 1127 0.5074966801580649
1092 1093 1.7900329296647675
1093 1128 1.4601809708108788
1093 1094 -0.9376770048756257
1094 1129 -1.391947331974056
1094 1095 -0.19822301248900623
1095 1130 -0.7739950825408569
1095 1096 0.9086540278112167
1096 1131 0.8160087721333447
1096 1097 -0.1606831048477252
1097 1132 0.47250778353751516
1097 1098 -1.742991433721563
1098 1133 2.1578364722914998
1098 1099 1.4223552629965242
1099 1134 -0.4662724582529573
1099 1100 0.9524028432000325
1100 1135 -0.6618285131406617
1100 1101 -0.8765468395244513
1101 1136 -0.12971516161026436
1101 1102 1.214232594129585
1102 1137 -0.16555512407500841
1102 1103 0.37628426125356695
1103 1138 1.1215493522693625
1103 1104 0.085353339590058
1104 1139 1.1747919366531994
1104 1105 1.3855629550433222
1105 1140 -0.6476819543355675
1105 1106 -2.0227497711051194
1106 1141 -0.9992328654944659
1106 1107 -0.8036976150998552
1107 1142 -0.5053191751787667
1107 1108 0.5815556343209811
1108 1143 0.5323339465227499
1108 1109 0.9309032325802793
1109 1144 0.27027329376456294
1109 1110 0.4231340031013676
1110 1145 -0.005786015160668387
1110 1111 1.0040459364170475
1111 1146 0.46666496328147966
1111 1112 0.5379899526133175
1112 1147 -1.1230179258860784
1112 1113 -1.1730643742167697
1113 1148 0.40424614374989615
1113 1114 -0.3058858091236138
1114 1149 -0.5423934562353079
1114 1115 0.1462935488712551
1115 1150 0.3577105882787894
1115 1116 0.5563578413354106
1116 1151 2.5964886612813394
1116 1117 -0.3127304088112027
1117 1152 -0.9138591131303523
1117 1118 1.2869104151088306
1118 1153 0.7738928819538939
1118 1119 0.21276686533774478
1119 1154 -1.5277263709991875
1119 1120 0.32612448553818396
1120 1155 1.2831415615488626
1121 1156 -0.4693159516495721
1121 1122 0.8861169750412095
1121 1155 0.8668684791142871
1122 1157 1.5255930973691167
1122 1123 -0.3515413757876848
1123 1158 -0.2153942822508384
1123 1124 -1.992729980496295
1124 1159 0.36149228687884466
1124 1125 -0.18741261390598832
1125 1160 -0.13972215171626975
1125 1126 1.4497071617237014
1126 1161 1.1348234899893765
1126 1127 -0.35543773524243566
1127 1162 -0.28626785483970035
1127 1128 -0.3871749933517062
1128 1163 -0.3733627753954133
1128 1129 1.1754841770767241
1129 1164 0.10514208560192201
1129 1130 1.4421382045229925
1130 1165 0.09248978632269915
1130 1131 0.6453861131062324
1131 1166 1.598617554333287
1131 1132 0.457784743046232
1132 1167 2.7579553710884577
1132 1133 -0.7734300546226859
1133 1168 0.37213378511065576
1133 1134 -1.324980288592036
1134 1169 0.4638011621356574
1134 1135 -0.5110975896771848
1135 1170 0.7916895974208248
1135 1136 -0.22280707570785502
1136 1171 -0.7163626971967837
1136 1137 -0.3389676607327824
1137 1172 0.8879348338332728
1137 1138 -1.6398354609130517
1138 1173 2.088100722017721
1138 1139 -0.4533658903066136
1139 1174 0.8857205973895868
1139 1140 0.3275837668611059
1140 1175 -1.0760341828297444
1140 1141 0.1524915338982392
1141 1176 -0.7911454856454285
1141 1142 0.5240000539123597
1142 1177 0.4785833129699786
1142 1143 -1.525457785416863
1143 1178 0.6162068738233116
1143 1144 0.47239392796125634
1144 1179 -0.12773842318204243
1144 1145 0.17917338583859488
1145 1180 -0.7428007298836854
1145 1146 -0.3292761775868918
1146 1181 -1.999582199415582
1146 1147 -1.4104373081803554
1147 1182 0.1186114559546566
1147 1148 0.8816768403828381
1148 1183 -2.203153525593368
1148 1149 1.0105236874441745
1149 1184 0.997124515268153
1149 1150 0.3347980475632504
1150 1185 0.4716038304204914
1150 1151 -2.020733883008731
1151 1186 1.1304305202114509
1151 1152 0.9290539636988557
1152 1187 0.21946139270077464
1152 1153 2.115624212429422
1153 1188 1.202366235628279
1153 1154 0.8707224074610806
1154 1189 0.2365741841160717
1154 1155 -0.5257643238707425
1155 1190 -0.30196484505888416
1156 1157 -1.8855068457882511
1156 1190 -1.0896269311545355
1157 1158 -1.26071617026016
1158 1159 -1.0633015388412155
1159 1160 -0.12156339333206218
1160 1161 0.3608741626380769
1161 1162 -0.4659908802299767
1162 1163 1.156278777630039
1163 1164 -0.20427970294260514
1164 1165 1.089028608327544
1165 1166 1.410079377647003
1166 1167 0.4659389897043921
1167 1168 0.4358669051163646
1168 1169 0.36139474308583297
1169 1170 0.6330052008819443
1170 1171 -0.3663605697123255
1171 1172 -0.9221303410439121
1172 1173 -1.445803182459316
1173 1174 -1.0448398353487403
1174 1175 0.18290298354839155
1175 1176 0.44160026479117764
1176 1177 -0.1279970409510738
1177 1178 1.8261388118884785
1178 1179 -0.12257687643563055
1179 1180 1.4809209457181391
1180 1181 1.295785360469052
1181 1182 1.4379976084250978
1182 1183 0.6138393046215723
1183 1184 0.8615498926330762
1184 1185 -0.1410732838649427
1185 1186 -0.695942146427274
1186 1187 1.1915404583324538
1187 1188 1.1391139791692193
1188 1189 1.1882965814464048
1189 1190 1.0147156853758923
