1225 2450
1 36 1.4573333367438517
1 1191 0.826714465864216
1 2 -0.642921211252099
1 35 0.513352047205811
36 71 1.2078875963667124
36 37 -0.8149302346091638
36 70 0.16991085368427236
1191 1156 0.7694016838514084
1191 1192 0.8625304561736877
1191 1225 -1.662517672213294
2 37 -0.3625933163787916
2 1192 0.3322945246711835
2 3 -0.9553670922704309
35 34 -0.6061537646443335
35 70 1.775777862776331
35 1225 -0.5782433034355464
37 72 -0.4630012666950766
37 38 -0.6207204972838604
1192 1157 -2.5373302325619114
1192 1193 -0.7910914318400395
3 38 1.5285083586880779
3 1193 -1.6677288671092816
3 4 -0.4335786943791461
38 73 -0.8983243957324476
38 39 0.46420478014558836
1193 1158 -0.8957467196187492
1193 1194 -0.5023856718122752
4 39 0.6228990176731313
4 1194 -0.4242518935830711
4 5 1.4194326253306941
39 74 -0.9224397715599049
39 40 -0.10906355381359997
1194 1159 -1.1804709813568859
1194 1195 0.5783509741636461
5 40 1.213914466688451
5 1195 0.04456297604283026
5 6 1.069254889664151
40 75 0.9454651360707675
40 41 -0.5921244397418125
1195 1160 1.628957354047016
1195 1196 -0.5426106520455184
6 41 0.28255422997635293
6 1196 1.2785113990613577
6 7 -0.820648710306672
41 76 0.7278815991041583
41 42 -1.4017127091111043
1196 1161 2.1818191574305104
1196 1197 -0.12606138411758752
7 42 -0.18960942228936833
7 1197 -0.80987423352588
7 8 1.1022459149324786
42 77 0.19492114926631168
42 43 0.322842356798679
1197 1162 1.40926284139632
1197 1198 0.6252301489039899
8 43 -1.4446485028512812
8 1198 0.8903663522435511
8 9 -0.5840158631867857
43 78 0.20618569023174224
43 44 0.4618714729484933
1198 1163 0.3737393709682549
1198 1199 -0.8075266602948956
9 44 -0.7404768402056682
9 1199 1.959706510261906
9 10 2.5239086711429386
44 79 0.651970074504715
44 45 -0.04204900779999901
1199 1164 -1.0124007485407434
1199 1200 -0.1729608694517085
10 45 0.5680797431625568
10 1200 0.12884200502766457
10 11 -0.856734528425394
45 80 0.7368995479833325
45 46 -0.747182193781414
1200 1165 1.2002504959563274
1200 1201 1.2253734543059018
11 46 -1.4647411370319303
11 1201 -0.368678435332528
11 12 0.05261158958027383
46 81 0.06522194533776456
46 47 -0.15520439104288647
1201 1166 -0.6529940597681515
1201 1202 1.8325340266699788
12 47 0.04194416477298942
12 1202 0.4243148416677627
12 13 -1.7654946224442614
47 82 -0.9947626939224757
47 48 0.3009071649517944
1202 1167 0.059468565199535056
1202 1203 1.9578085310774462
13 48 0.5495938071198705
13 1203 -0.33014085577099256
13 14 -0.9283796526258244
48 83 0.2103636627453378
48 49 -1.456832089763249
1203 1168 2.120636330237761
1203 1204 0.4094201264094307
14 49 1.5594142564550362
14 1204 0.8864741893161318
14 15 -2.0272609998749056
49 84 0.3112928283195958
49 50 1.3562445610446094
1204 1169 0.631079426549826
1204 1205 -0.7141439402316061
15 50 0.5119733025699894
15 1205 -1.124595699145371
15 16 1.212365413927373
50 85 1.240926686134094
50 51 -0.12382035013537133
1205 1170 -0.33771756031750183
1205 1206 0.16930775216356964
16 51 -0.8081489543923042
16 1206 0.49194479332740315
16 17 0.2923295731096752
51 86 -1.1556783272217879
51 52 1.162966379422179
1206 1171 0.827743799693661
1206 1207 -0.9511830245761386
17 52 -0.6632966032112553
17 1207 0.6365397327474128
17 18 -0.12523504413397293
52 87 0.4595669716679049
52 53 -2.6994088402135894
1207 1172 1.8408298326529278
1207 1208 -1.032502727948598
18 53 0.7438928961373563
18 1208 1.1226006755447715
18 19 0.7640487307215066
53 88 0.8305337207146758
53 54 0.31759966321726857
1208 1173 -0.49957938080748954
1208 1209 0.26675979123606386
19 54 0.5227071520758292
19 1209 1.147532794245184
19 20 0.9588515540123767
54 89 1.7449508187539753
54 55 -0.7644120602148876
1209 1174 0.4571576872964397
1209 1210 0.16339071839302208
20 55 1.0109112803518685
20 1210 2.138836178756963
20 21 -0.11053130231209445
55 90 -0.30267742334958175
55 56 -0.58035855363164
1210 1175 0.20287251470333667
1210 1211 -0.9612348215994613
21 56 -0.7305968931061648
21 1211 0.30320284049781127
21 22 -1.0354463053395258
56 91 0.4202214677568744
56 57 -1.0077687091615355
1211 1176 -1.3428131674112624
1211 1212 -0.01328224200803322
22 57 -1.34014712664264
22 1212 -0.6516022460178518
22 23 -0.3101271928788666
57 92 -0.49287169033698436
57 58 1.15249337296784
1212 1177 -1.943037129910451
1212 1213 -0.9242145377906859
23 58 0.19547491116775126
23 1213 -0.22433118690332948
23 24 0.00403218861849831
58 93 1.0070919394538027
58 59 -2.028526482688102
1213 1178 -1.0134345715554818
1213 1214 0.5759921821365056
24 59 -2.3176976333187707
24 1214 -0.5229998786297408
24 25 0.1886901923065117
59 94 -0.8097963378482159
59 60 -0.9288952307421781
1214 1179 2.175065426508718
1214 1215 2.110597165643959
25 60 2.0924201672907774
25 1215 0.6746655587477245
25 26 -0.7120722685362505
60 95 -1.9321252885343276
60 61 -1.5753736169771826
1215 1180 0.368282052190463
1215 1216 2.2700912804677817
26 61 -0.30415610220143524
26 1216 2.2919026864952463
26 27 -1.4388277314643219
61 96 0.15787307481704307
61 62 0.5979601818319488
1216 1181 1.7882785931736356
1216 1217 -0.12352607798436832
27 62 -0.48613263341784774
27 1217 -0.006306026282483576
27 28 -1.2621928469066952
62 97 0.16751724814955965
62 63 -0.7708585872310415
1217 1182 -1.1171762416665783
1217 1218 -0.7652821780817136
28 63 0.1665187833795917
28 1218 -0.051334554086674485
28 29 -1.3238564319728308
63 98 0.34217406087245483
63 64 -2.2636104121603347
1218 1183 -1.1953369341257019
1218 1219 0.39633161983504067
29 64 1.1327498838791858
29 1219 -1.7765494580027936
29 30 0.2058381125049031
64 99 0.04542913550287662
64 65 -1.2335698298421185
1219 1184 -0.787165696566791
1219 1220 -1.4919111068606914
30 65 0.4761332661731342
30 1220 -0.4410549436763608
30 31 -1.0797874870055004
65 100 -1.5418624379808241
65 66 -1.5003021032146093
1220 1185 0.17639451870496883
1220 1221 1.0692896519536894
31 66 0.2609367300933927
31 1221 1.2405887361380736
31 32 -1.1358522296265594
66 101 0.7611378266782868
66 67 -0.08757911094933103
1221 1186 -0.4438398228778124
1221 1222 0.8554218901880285
32 67 -0.7284379802059047
32 1222 0.35024323316632217
32 33 -1.6090930623900261
67 102 -0.6978448827194069
67 68 -0.15648326681244587
1222 1187 0.44339773605573674
1222 1223 0.01754997651136243
33 68 1.0388593497322753
33 1223 0.19347358325000544
33 34 0.8070640288641237
68 103 0.03664919385869986
68 69 0.1685389706623432
1223 1188 -1.69607590473591
1223 1224 0.7385553366832663
34 69 -0.11324084504514659
34 1224 -0.4076895133025596
69 104 0.7590537764514873
69 70 0.8907551008855661
1224 1189 -0.11348522280297654
1224 1225 1.1435147280776874
70 105 -0.5091389700096043
1225 1190 1.1192724842956792
71 106 -0.8758071925274334
71 72 0.8522283132417692
71 105 1.1953805038992498
72 107 0.8086587729286641
72 73 1.658437628338993
73 108 0.3940428530410382
73 74 -1.3114066072813317
74 109 0.27188970659725287
74 75 -0.5845936281989341
75 110 -0.22871697749879805
75 76 -1.064332552147997
76 111 -0.5330073485045811
76 77 0.5979664100217759
77 112 1.3840751029798757
77 78 -0.6955245875261642
78 113 -0.41354211040396915
78 79 0.5183108849555825
79 114 0.7676667801241975
79 80 0.6408620997547012
80 115 0.8981496478078497
80 81 1.100294542682142
81 116 0.5277774497913802
81 82 -0.4142559593242391
82 117 1.965142999273833
82 83 0.10838745874059033
83 118 0.43429934074240495
83 84 0.4781211079000687
84 119 -0.20086521058272527
84 85 0.1999411169337264
85 120 -0.8834546469292818
85 86 0.27604932829671386
86 121 1.255195290595729
86 87 0.0009997339876389524
87 122 0.6791327511127883
87 88 1.5327524376588562
88 123 0.5776864002271038
88 89 -1.839089923232355e-06
89 124 1.5128654053074686
89 90 -0.9755963156895843
90 125 0.32461550400644323
90 91 0.3459927199897093
91 126 -0.13979931076093827
91 92 -0.6177241087079519
92 127 -0.2683540237271237
92 93 0.10878072609902043
93 128 -1.4670566962496498
93 94 0.2719910782871841
94 129 0.11671859294152843
94 95 -1.5692448857359058
95 130 -1.0369700312410104
95 96 -1.1643101855806914
96 131 -0.10934064687006764
96 97 0.18412986468189665
97 132 0.3186195935844778
97 98 -0.2050236624750137
98 133 0.23839362447305534
98 99 2.37436553530972
99 134 1.3826860780065426
99 100 0.002261053426486864
100 135 0.636449787524313
100 101 0.9997506569373259
101 136 1.8698239859763002
101 102 0.925051095866249
102 137 0.3319933264151221
102 103 1.0892585129472425
103 138 -1.49743037408066
103 104 0.055275715033191355
104 139 -1.1994994073562846
104 105 0.49365266924243256
105 140 0.2920055998218425
106 141 -0.3953631968272748
106 107 -0.6308325565375762
106 140 -1.2010266288578801
107 142 -0.0927943047397038
107 108 -0.15299139412973928
108 143 0.3846226038827511
108 109 0.3824414222608845
109 144 0.6785017633755628
109 110 1.3748743449506842
110 145 -0.7172431198981198
110 111 -0.8393832130838483
111 146 -0.8506351689864441
111 112 1.5883145047250615
112 147 -0.3439984748102342
112 113 -0.7732468085529869
113 148 0.8065246309120395
113 114 -0.012277804587714922
114 149 -0.9549077355510621
114 115 0.16078579626117256
115 150 0.9448424483053415
115 116 -0.03602331694565739
116 151 0.15458637935063752
116 117 -0.9130275717625952
117 152 0.4820111325857532
117 118 -1.9065571852453524
118 153 -0.7756668952170841
118 119 -2.1186885094922787
119 154 -0.9285506100577648
119 120 0.4585533185882531
120 155 1.659001506537011
120 121 -1.0328160303012455
121 156 -0.509656628799622
121 122 0.015503953125267807
122 157 0.9104338320495775
122 123 -0.1544052869829812
123 158 0.4249443767044058
123 124 -0.772178447817264
124 159 0.9145207349667079
124 125 0.40028382847678445
125 160 0.014379758243890022
125 126 0.12813219985318278
126 161 -1.5057326433519491
126 127 -1.5632388915728848
127 162 0.9829009176178758
127 128 0.42160055352622955
128 163 -1.3314924268948019
128 129 -1.3470409092611313
129 164 0.13033008431215282
129 130 -0.1730171480448828
130 165 -0.3850254903710741
130 131 -0.9846157829227131
131 166 -0.7869714631309837
131 132 1.4926063572550379
132 167 -0.32012617427097456
132 133 1.5949310732531705
133 168 1.6955237089962543
133 134 0.9133570578929195
134 169 1.0503422066114543
134 135 -0.31402083910041806
135 170 -1.3155840044440803
135 136 -0.3416753818854448
136 171 0.6833266635338072
136 137 0.46256369253833146
137 172 0.19573814307180248
137 138 -0.9994459325900482
138 173 -0.2562900532600843
138 139 0.9820043259889035
139 174 -0.3244573280253389
139 140 -1.6136550210196754
140 175 0.3980060689563483
141 176 -0.06923587381299205
141 142 1.2787168288697783
141 175 -1.640238756677349
142 177 0.603195734164846
142 143 -0.5332452421598611
143 178 -1.1407068196695234
143 144 -2.22986283241234
144 179 -0.9207513213430528
144 145 -1.0715634389471733
145 180 -0.6648298034294224
145 146 0.5395366308044152
146 181 0.30762861213397613
146 147 -0.16901328977656857
147 182 1.0659047913921278
147 148 0.9043174550808855
148 183 -0.05792565891093183
148 149 1.177993750145347
149 184 0.27232153604728
149 150 0.8434193661236697
150 185 -1.0068686046356028
150 151 0.9718463281269806
151 186 0.6156757370729699
151 152 0.6518233497363177
152 187 -1.555446956149834
152 153 -1.1803294576512802
153 188 -0.027681577156049384
153 154 0.9676039741465455
154 189 0.5389906343199534
154 155 1.2259433792220378
155 190 1.8050642075139045
155 156 -0.12373020660532447
156 191 1.6280173464366094
156 157 -0.26542415530907393
157 192 -0.5710739555099058
157 158 0.6773726652495978
158 193 -2.302955741894109
158 159 -1.663588949815009
159 194 -2.304456323399144
159 160 -0.8055072067735041
160 195 0.7389294515536573
160 161 0.6515521516315441
161 196 -1.1804045601468378
161 162 -1.287818750983557
162 197 0.03330972900378271
162 163 -1.3974076813193455
163 198 -0.6476267767923661
163 164 -1.6346615039416608
164 199 -0.41447028117300394
164 165 -1.5464036303417183
165 200 0.6193573093350924
165 166 -0.3298335671401379
166 201 0.2883997650687447
166 167 2.2827544256821732
167 202 0.8408013291594401
167 168 -0.9960499965877704
168 203 0.07331697566381272
168 169 0.7424445283977527
169 204 0.8130816952290644
169 170 2.0977564058839158
170 205 0.7813924940158272
170 171 -1.830359208422193
171 206 1.7058722327986218
171 172 1.8346576091069011
172 207 -0.16392548327223153
172 173 0.2569507036741616
173 208 -1.6858857736650747
173 174 1.0046055391701505
174 209 -1.6676382164179209
174 175 -0.28132725063283054
175 210 -0.35729920357653555
176 211 -0.05486068910644959
176 177 -0.7068302517354875
176 210 -1.6742191936824478
177 212 0.5835125132376856
177 178 0.3646895642632194
178 213 -0.73509232703282
178 179 -0.18556823031142278
179 214 0.8385447688735681
179 180 0.5780637533774056
180 215 0.5346291457148646
180 181 0.8510699296643447
181 216 0.4040636358497742
181 182 -0.03400513114789526
182 217 1.3451937175241597
182 183 -1.0670258031505857
183 218 0.8940713755837322
183 184 -0.36013507815460577
184 219 -0.2607780605827069
184 185 0.17882525339037061
185 220 1.2471090615713993
185 186 0.11215935796923207
186 221 -0.0970171696890787
186 187 0.009906891719271392
187 222 -0.11884146331773944
187 188 0.5807950109005622
188 223 0.24268103185861253
188 189 1.1156309963491733
189 224 -1.0554351043833547
189 190 0.3561987546563878
190 225 1.148483699382341
190 191 -0.46266399067330377
191 226 2.2524262498459473
191 192 -0.7277541830127043
192 227 -2.6345010273900007
192 193 -1.4726585462937765
193 228 -0.08370065621230509
193 194 0.08593042827883969
194 229 -0.1652198444706718
194 195 1.1217566441674682
195 230 -0.1287254861935098
195 196 0.7607591515813426
196 231 -0.44787401666308396
196 197 -0.30756644565796226
197 232 0.23210965921084467
197 198 -0.09189195083716359
198 233 0.166416424365819
198 199 2.2110874712434483
199 234 -0.7013874321149671
199 200 0.5268109086799203
200 235 -0.9648749702829534
200 201 1.382181195714646
201 236 1.2361754281969464
201 202 -0.6273412160333138
202 237 -0.33582611999874534
202 203 -0.28921927121676594
203 238 -1.4821692721833546
203 204 -1.454139797624168
204 239 -1.4485830830346293
204 205 -0.17238192744440892
205 240 0.18787988286049517
205 206 1.3128554542047797
206 241 1.2383261466273554
206 207 -1.4964075903406697
207 242 0.3477207715033507
207 208 0.3098423619558945
208 243 1.3667079723275644
208 209 1.2617844945098664
209 244 0.044283922989352846
209 210 -0.3230298347046633
210 245 1.5761807008341373
211 246 -0.8535520897310553
211 212 -0.5038677629942372
211 245 0.9682800385950503
212 247 1.2440586775363138
212 213 -1.546874163460543
213 248 -1.953789989312884
213 214 0.4718965195797157
214 249 0.05482784935167108
214 215 0.44303114932364335
215 250 -0.2563038102673726
215 216 0.7005470377007724
216 251 -0.4724967979209792
216 217 0.74034275017392
217 252 1.3014990494564223
217 218 0.10838010278967183
218 253 -0.6112337862856906
218 219 0.12196557405115185
219 254 -1.029270575813819
219 220 0.4005399241728494
220 255 0.16353210881938568
220 221 -0.9986547017113051
221 256 0.7944324394062502
221 222 -0.27271373344754446
222 257 1.2936579386442884
222 223 0.5578974698620486
223 258 0.4950063309961264
223 224 0.17543449962704208
224 259 -2.3065334734119274
224 225 -0.43409659140690526
225 260 1.4809474308150434
225 226 1.4071291213733665
226 261 2.6023317469662537
226 227 -1.4044430746093541
227 262 -0.7499370382277426
227 228 0.4971700732978025
228 263 1.9867222318843425
228 229 0.24012385145597961
229 264 -1.3243441838816945
229 230 0.20236980459828244
230 265 -0.0009899356123671296
230 231 -0.1692352383229781
231 266 1.1082805122869823
231 232 0.3043370608023485
232 267 0.16644779873953877
232 233 -0.842253661805488
233 268 -0.4511264618560226
233 234 0.4794178976122861
234 269 -0.7899525801081759
234 235 -0.7664537256383281
235 270 1.3705740965481013
235 236 -1.3158888721054363
236 271 0.33834916963336736
236 237 0.024234505746609004
237 272 -0.6875528663987347
237 238 0.6928854621060082
238 273 -0.7171222693420838
238 239 -0.321987031528114
239 274 1.1787460879533875
239 240 -0.7344267370120782
240 275 1.3369259118375236
240 241 -0.5707205518686985
241 276 -0.5944190596167165
241 242 -0.16920271846520377
242 277 -0.43663052951392006
242 243 0.8477208964607174
243 278 0.803791306638719
243 244 0.8143819928617162
244 279 0.6786563359705635
244 245 0.12038131268429775
245 280 -1.7281886453577882
246 281 0.35970262748879106
246 247 -1.341871152077985
246 280 -1.405619672061719
247 282 -2.0939867252590174
247 248 1.9988922249199235
248 283 -0.5699061493175783
248 249 1.6233693817400152
249 284 0.3232101569940543
249 250 -0.8934335678407739
250 285 1.3225439581743492
250 251 0.13614693712299028
251 286 1.0657800344318158
251 252 -0.8174590985517792
252 287 -0.7189545614279986
252 253 0.12226879448434634
253 288 2.132391238868427
253 254 -0.06041863593037139
254 289 -1.2633056973944874
254 255 1.410342063559407
255 290 -1.2082742361982182
255 256 1.5634083655336117
256 291 -0.06136521482020903
256 257 1.0332811356656142
257 292 -2.774173743537721
257 258 0.3260114365440159
258 293 1.0928301464137775
258 259 -0.13423486490713074
259 294 0.1595146673347325
259 260 -1.1054155854649237
260 295 1.4664005953706496
260 261 -1.027265264069808
261 296 0.7605537256734224
261 262 -0.38257333416515044
262 297 -0.9313643612543135
262 263 0.22279166232151534
263 298 -1.4646937594494924
263 264 -1.8384418949414305
264 299 -0.004800310241396618
264 265 0.29437609865425046
265 300 -0.4512529942911071
265 266 -0.4108357850406438
266 301 -0.8434646681873323
266 267 0.4267837814553639
267 302 -0.9598728960469296
267 268 -0.24762887307343195
268 303 -0.012250329142963683
268 269 0.49310843245654656
269 304 -0.23934504809644389
269 270 1.286865119104798
270 305 -0.7975258088399246
270 271 -0.8094980330490607
271 306 -0.16062030067905378
271 272 1.595557078220205
272 307 -1.0964929485227233
272 273 0.4626439669381006
273 308 -0.26273571556508873
273 274 0.36645889474893445
274 309 1.2872939796311298
274 275 0.4823509378385904
275 310 -0.3368654893984373
275 276 2.0903020656563025
276 311 -0.6233427476165897
276 277 -0.391125022674553
277 312 0.10178801434933944
277 278 0.17145739373101196
278 313 1.2472482206734314
278 279 0.18262456561239115
279 314 0.9682442476525721
279 280 0.17951541459984932
280 315 -0.9606700995431847
281 316 -0.39426291802532326
281 282 -1.0132403358493223
281 315 0.780222008790032
282 317 1.4716383147019125
282 283 0.8118496118320706
283 318 2.7029020435589155
283 284 1.1365516544444112
284 319 -0.7785539947096662
284 285 1.342009507078034
285 320 -1.3935909271161702
285 286 -1.940786326126306
286 321 -0.872982432154389
286 287 -0.06017380373644519
287 322 0.32825972764979866
287 288 1.8135609405398851
288 323 0.7090132893584331
288 289 -0.13063756675690416
289 324 -0.0496427914313673
289 290 0.584709120594555
290 325 -0.19619739407070175
290 291 -1.5451358356700429
291 326 0.40016590859265605
291 292 1.0678114124113398
292 327 1.9963571187058915
292 293 0.7883512470101603
293 328 -0.19683020581186594
293 294 1.5047990592767782
294 329 -0.4556951776969658
294 295 -0.66462143547436
295 330 -0.3802275319954759
295 296 -0.33320648911508394
296 331 1.4409045431035605
296 297 1.8808077283424929
297 332 -2.2128807041177283
297 298 -0.34071740480194473
298 333 -0.4022200475692037
298 299 0.8560155900429081
299 334 0.6616179878832882
299 300 1.8901787863526274
300 335 0.47417573595277884
300 301 -1.7325092063457261
301 336 1.3416488223092533
301 302 0.9300448475330092
302 337 -1.1509528625434906
302 303 2.2567100429595413
303 338 -1.6702538999778955
303 304 -1.5138326614674547
304 339 0.9775294165108229
304 305 -0.7316910092903995
305 340 1.463000038845912
305 306 0.9394600366322196
306 341 0.28217198598156734
306 307 0.3365523337596942
307 342 -1.668054405703047
307 308 0.019462860084455715
308 343 1.2740901862832226
308 309 -1.6582451537135139
309 344 -0.38208377844475316
309 310 0.5956064795877126
310 345 -1.1655217349880678
310 311 -0.5587554338796806
311 346 0.36120549547896647
311 312 1.1751048773293404
312 347 0.009841053695727357
312 313 -0.566326177401366
313 348 -0.14496203835534732
313 314 0.6771057433330246
314 349 -0.2399103349394933
314 315 -0.10294473582649338
315 350 0.06896679830882714
316 351 -1.9959566695792124
316 317 -1.1131833517034346
316 350 -1.4591028740192329
317 352 -0.4632350292704704
317 318 -1.4916743179167185
318 353 -1.3607308110756116
318 319 0.3270912963118087
319 354 0.4026448960947183
319 320 0.6098720049715969
320 355 0.2721210300870048
320 321 0.2893233759178658
321 356 -0.5099595038799799
321 322 -0.50827232661089
322 357 1.1412007683490801
322 323 -0.019930583563673665
323 358 0.8009433303487824
323 324 -0.17795063409373874
324 359 0.12269650990733538
324 325 0.16788853758685138
325 360 -0.42683740143207805
325 326 0.37258237536282746
326 361 0.8199892432672844
326 327 0.7799570300227207
327 362 1.911434193040948
327 328 0.8375278016388154
328 363 0.2967913118187091
328 329 0.8792432567411214
329 364 -1.3146065246474146
329 330 0.31324052885058873
330 365 1.0409323776293395
330 331 -0.3404849862231075
331 366 -0.8732195227769488
331 332 -1.503655967591175
332 367 -0.6501718907430403
332 333 -0.42705475187732794
333 368 -1.6940400908365982
333 334 -1.0932488906812128
334 369 -1.005263607716943
334 335 0.23713026528917996
335 370 -0.09831168144165205
335 336 1.0545063692569303
336 371 -0.7239204450464088
336 337 2.1083973581720308
337 372 -2.171337014166307
337 338 -1.762473838317197
338 373 -0.7748913386802042
338 339 -0.07888940323908772
339 374 1.3705636003160657
339 340 0.5095826446252252
340 375 1.2881735859812167
340 341 1.5510392680871916
341 376 0.2799035439612428
341 342 1.7594465786420574
342 377 0.0698068365762449
342 343 0.3524643301094691
343 378 -1.2683778112202824
343 344 -0.7028003649731128
344 379 0.9958003109539584
344 345 1.1875548306020551
345 380 -0.4124925727821866
345 346 0.08351743297566785
346 381 0.4929247394088299
346 347 -2.3162364770940513
347 382 -0.8805370536751402
347 348 -0.08157152969247132
348 383 -0.6396762661479388
348 349 -1.076965005875696
349 384 0.684395008301433
349 350 -0.503078195954055
350 385 -0.911317047273027
351 386 0.1775162877731645
351 352 1.4206085522667145
351 385 -0.44136418794656745
352 387 -1.6088192010467972
352 353 0.7664232857029071
353 388 -1.1531159512433664
353 354 -1.7228357655920357
354 389 -1.696291860032277
354 355 -0.7548925928008785
355 390 1.4475205462230465
355 356 -1.4283329545010015
356 391 -0.5742221642531627
356 357 4.01727196727216
357 392 0.42467771617404637
357 358 -0.5988394922409217
358 393 -1.6811604907753142
358 359 -0.8922800228836806
359 394 -0.08185367246547581
359 360 0.03207471437068762
360 395 -0.5710434057157522
360 361 0.3478669836633268
361 396 0.8584935834672437
361 362 -2.0315937688346675
362 397 -0.37846093670246395
362 363 1.389040900561279
363 398 0.5630068920656885
363 364 1.9878101940499846
364 399 0.6031685274263741
364 365 0.6354228324579237
365 400 -0.31130679140253414
365 366 -2.5371256052567257
366 401 1.4136214819140922
366 367 -1.2015430958720899
367 402 1.418160501042833
367 368 -0.065849369365429
368 403 -0.4298151334517634
368 369 0.01607571583181313
369 404 0.09615309291640756
369 370 -0.1110679648587272
370 405 -0.2947338600084816
370 371 1.2636068113660868
371 406 0.2950551004687037
371 372 0.9992207361788681
372 407 -1.3859150008767143
372 373 -0.5899821833290796
373 408 1.4136020314689404
373 374 -1.2142880613831304
374 409 -1.0874522791974777
374 375 0.2685236269965096
375 410 0.4524919469057364
375 376 -1.3274161806605678
376 411 0.6933877971632408
376 377 -1.9340703740221883
377 412 -2.4351924919421895
377 378 0.7885745880487198
378 413 -0.31736084574019413
378 379 0.8803757535667417
379 414 0.7169816333888827
379 380 1.0288264559168785
380 415 -0.3413939226629022
380 381 0.6810933752465007
381 416 -0.0985633772320177
381 382 -1.0811996003172921
382 417 -0.09297813338250414
382 383 -0.6897965899682823
383 418 0.047034260600436424
383 384 0.45136446923590345
384 419 2.0138765774409086
384 385 -1.390403039398913
385 420 0.5367494427522702
386 421 -1.4238952000751748
386 387 0.886867541773971
386 420 0.48614616540799527
387 422 1.3536144482904922
387 388 -0.4111177841846182
388 423 -1.2246843486402696
388 389 -2.0531337312997517
389 424 0.3832030598733282
389 390 -0.9691102360794654
390 425 0.2510827276074285
390 391 0.58414243498201
391 426 -0.5523485341186474
391 392 0.774065407940889
392 427 -2.5470916706606124
392 393 -0.4475650360785024
393 428 1.5631717887469503
393 394 0.85263157160773
394 429 -1.414682437305891
394 395 0.8532599219510786
395 430 0.22858401796172148
395 396 -1.6173280645727008
396 431 -1.5362478253238314
396 397 2.0231861512803357
397 432 0.8354977770579207
397 398 0.8743614535337774
398 433 0.1555613793855243
398 399 -0.7693483139323402
399 434 0.4959166205995079
399 400 -0.9328453803126021
400 435 0.19236254086448304
400 401 0.4953382573515075
401 436 -0.07350056823092496
401 402 -2.162107384557134
402 437 0.6160402704834825
402 403 0.45901545579167546
403 438 -0.2643936432579983
403 404 0.8259428684676265
404 439 1.3068081718763909
404 405 -0.8744380669930782
405 440 1.2681903455875816
405 406 -0.5500191248424513
406 441 -0.21306322072400927
406 407 -2.1972865042622094
407 442 -0.02531250626902376
407 408 -1.095140339241468
408 443 -0.9945004070888928
408 409 -0.9907152532521817
409 444 0.3137766815397202
409 410 -1.3745437491465362
410 445 -0.3147240762954216
410 411 -0.3644126935910916
411 446 -0.5931920998629056
411 412 -0.16543431734971892
412 447 -0.813055006545044
412 413 0.13194296879080994
413 448 -0.7149070109912816
413 414 0.8590484856718351
414 449 0.039757681918661775
414 415 0.9513186288783493
415 450 -0.3801426806501285
415 416 0.27974729408576404
416 451 -0.22629420633518324
416 417 -0.5327306002122052
417 452 0.00985789918212035
417 418 -2.061944173100228
418 453 -0.2625466379644228
418 419 0.5383854975695146
419 454 -0.26929631736805837
419 420 0.20328993990109243
420 455 -0.05193040743116541
421 456 -0.5665949836382923
421 422 -2.502957276973366
421 455 -2.093498527069829
422 457 1.465431181075324
422 423 0.8433076177399762
423 458 1.997719141125411
423 424 2.6120668881326132
424 459 -1.175572427226005
424 425 -0.7162192293102495
425 460 -0.3614416352439632
425 426 1.6295178196232618
426 461 -0.4472790390975814
426 427 0.2026850272291468
427 462 -0.7827808370030727
427 428 -1.0143168751213227
428 463 -0.04184775080531532
428 429 0.8510041219145493
429 464 0.6801483427492826
429 430 -0.19868808395456228
430 465 -0.008846022265064868
430 431 -0.31988297572823393
431 466 -0.44599991571975994
431 432 -0.7631374741323699
432 467 0.0039052962323134497
432 433 0.9527211041263647
433 468 -0.9927091725648534
433 434 -0.675468786975666
434 469 -0.6316100572741205
434 435 -0.7842143076449605
435 470 -1.179547845077305
435 436 0.27646288185669826
436 471 0.5593053416821606
436 437 -1.4268791248382344
437 472 -0.6180735136366154
437 438 -0.19628198420059464
438 473 -1.8537307365175693
438 439 -1.3426219347128248
439 474 0.5451812434497363
439 440 2.438659069828649
440 475 -0.7457405084854026
440 441 -1.118224416754729
441 476 -1.07485445272577
441 442 0.10547308107536184
442 477 0.8802829253892478
442 443 0.9905357183301094
443 478 -1.4508387870599027
443 444 0.9904127334576928
444 479 -0.9886180809455367
444 445 -1.6864748616623833
445 480 0.619497505973247
445 446 -0.19588119469955736
446 481 -1.3768445963970082
446 447 -0.592027158896405
447 482 -0.19653580917960475
447 448 1.7425447309584554
448 483 -0.2580334706881823
448 449 -0.6770941140690497
449 484 2.4704727011683407
449 450 0.5838925107829978
450 485 0.2925172730665419
450 451 0.2210238826914892
451 486 0.9598333596171414
451 452 0.2153933641348752
452 487 0.7700126410585503
452 453 0.44073519485014395
453 488 1.430491434593541
453 454 0.6369163420988935
454 489 1.1130730176029435
454 455 -1.5093926539709623
455 490 0.8440971695814687
456 491 0.1875556439027733
456 457 -0.5312231447104256
456 490 -0.1003185170201819
457 492 -0.04431753211604661
457 458 -1.554855174504335
458 493 -0.5142827700552673
458 459 -0.9926856276545021
459 494 -0.024357841557451326
459 460 -0.7416181058340399
460 495 1.3521572933588286
460 461 0.47572304403947635
461 496 1.506413621429786
461 462 -0.9939543443420453
462 497 0.05311185104861428
462 463 0.575548803436562
463 498 2.472675804345125
463 464 1.1701130574929797
464 499 2.1154188215791403
464 465 -0.18907758929450924
465 500 0.35434598041375603
465 466 0.15596429792546396
466 501 0.7704048175915227
466 467 0.49623173596105474
467 502 1.0906982488535775
467 468 0.6982207185460259
468 503 0.9867907906446353
468 469 -1.2418574759333565
469 504 -0.8676261152268017
469 470 -1.868807366608869
470 505 0.61337393844579
470 471 0.35495432964644785
471 506 -0.8080544813768815
471 472 -0.6379295865856373
472 507 -1.3164280253434304
472 473 0.864667311070867
473 508 -0.533594591567816
473 474 0.4090593276796155
474 509 0.7722278582456331
474 475 -1.0598088451510443
475 510 -0.185427993823127
475 476 -0.4287322320451659
476 511 -0.5009843902180584
476 477 -0.7650478081395754
477 512 -1.1368453064868496
477 478 0.25151752604086236
478 513 -0.020367225754447566
478 479 0.5539373217427613
479 514 1.3310188880924751
479 480 -0.3529688143422806
480 515 2.208282733963692
480 481 0.19830632345937763
481 516 0.22991042659545308
481 482 0.41121797417746636
482 517 -0.067953062889791
482 483 0.554246375730383
483 518 1.0140504710688532
483 484 0.9348319566109059
484 519 -1.6578604194142401
484 485 0.2547963105450297
485 520 0.2900829949765356
485 486 1.2089186679554151
486 521 -2.5366851967354123
486 487 -1.245319110301184
487 522 -0.5233367788450299
487 488 -1.198269534908084
488 523 -0.3479371617434221
488 489 0.9035672482902559
489 524 -1.4824809481612684
489 490 0.257113293481442
490 525 -0.07426384074223764
491 526 0.20733325137916508
491 492 1.5309615102841267
491 525 -1.5006717037066637
492 527 0.9646121477701869
492 493 2.2249670934743513
493 528 -0.35301563222006654
493 494 2.2098174968399653
494 529 0.1340601374465769
494 495 0.2789737997914898
495 530 0.8246170806145794
495 496 -0.7845424677723748
496 531 1.5379411294708671
496 497 0.5537502023318923
497 532 0.7476143279870998
497 498 0.1621468781611769
498 533 0.05483288937477702
498 499 1.6215746438895124
499 534 -1.8899250837507933
499 500 2.348507912632477
500 535 1.1747950805640357
500 501 -1.3800531580445137
501 536 0.6370217893845082
501 502 0.13234351719319132
502 537 0.04623724548780128
502 503 -0.9626113250156735
503 538 0.6937171802989011
503 504 0.9906197945296837
504 539 0.12404312140593722
504 505 2.5691463946839845
505 540 0.3128787409081321
505 506 0.14468751124710202
506 541 0.28826553813958966
506 507 -0.7881073131234066
507 542 0.2603207339920726
507 508 -1.1061226419450847
508 543 -0.12558067033154113
508 509 0.14740000227775604
509 544 -1.3857990895371342
509 510 0.46210424575471776
510 545 1.3980860878102515
510 511 -0.9583002587362077
511 546 0.7172690285353024
511 512 -0.29714228436199824
512 547 -0.3024871436444782
512 513 -0.9002499889817729
513 548 0.008448237547899962
513 514 0.546893001722334
514 549 0.3379351776383647
514 515 -0.2127226500713727
515 550 1.0452616804128447
515 516 1.1283234198145826
516 551 -1.2107154123424866
516 517 -0.7649064154172124
517 552 -0.6957985791812042
517 518 -0.17076167083936497
518 553 -1.1406097149568915
518 519 -0.26776918642228104
519 554 0.4643949258523965
519 520 -0.40408241013338236
520 555 -0.3349691719472682
520 521 0.8362182630844964
521 556 -0.3251833550914372
521 522 -0.6070678358466461
522 557 1.1066858542426992
522 523 -0.824953297759609
523 558 2.0215386332227703
523 524 -0.9352324020832519
524 559 -1.0094733275989387
524 525 1.3401425494321697
525 560 1.4297472460344773
526 561 -1.2245895874710098
526 527 0.23147997644867596
526 560 -0.613784671914558
527 562 -0.22596007162489956
527 528 -0.07170908122934759
528 563 0.8981624636878022
528 529 0.21325491256799778
529 564 0.4383515930451193
529 530 0.5129224619166645
530 565 0.8667827135472187
530 531 -1.0065622770971943
531 566 1.1470323507402458
531 532 0.42653693560976724
532 567 0.8363659774968336
532 533 -1.4482244007736
533 568 -0.9230489449946936
533 534 -0.8342387307814141
534 569 -0.7515327814432934
534 535 -0.5524861587104709
535 570 2.0478225043111142
535 536 -1.1851692242820295
536 571 0.37924643269547553
536 537 -0.2765249846452274
537 572 -1.2106876465244938
537 538 1.392603833466109
538 573 -0.09703487367131297
538 539 0.5534019626822583
539 574 -0.5606505007439835
539 540 -0.9219015693443323
540 575 -2.086520191320739
540 541 0.9034421183538921
541 576 0.7515676078140217
541 542 0.031075369490456833
542 577 0.6506454284149585
542 543 1.048765422486172
543 578 1.0192560403493762
543 544 -0.5680956074430283
544 579 -0.33995728141662274
544 545 -1.0075750931243428
545 580 -0.2870925498110854
545 546 0.1794706526585116
546 581 0.8228426470466081
546 547 0.4457398785447635
547 582 -0.820011520532787
547 548 0.799236222973064
548 583 0.1684745195863137
548 549 0.9132388522469286
549 584 0.4674167206765847
549 550 0.8754918589894292
550 585 0.22809165174552332
550 551 0.564635191600299
551 586 0.7355946526625848
551 552 -0.9331966419623102
552 587 0.7415995155271289
552 553 0.9865798494362905
553 588 -0.5160794961588817
553 554 0.7172370499988303
554 589 -0.23934243122948992
554 555 2.457719347162892
555 590 1.0821488406356847
555 556 0.8587688114892604
556 591 -0.8867376751652994
556 557 0.37524698710290466
557 592 1.8559014292812839
557 558 0.16281217156595476
558 593 -1.1462554693946887
558 559 0.802951302190868
559 594 0.7420730296042948
559 560 0.46952329503563534
560 595 0.16475412858975352
561 596 1.0851309983860977
561 562 -0.5805280615831021
561 595 0.3372867890036606
562 597 0.05712745350483314
562 563 0.9950351403243963
563 598 -0.9254711207413414
563 564 -1.0906836108433253
564 599 -2.2758635705357855
564 565 -1.0866538751888335
565 600 1.0321954890378644
565 566 1.7427505176982383
566 601 -1.0173119555898171
566 567 1.124874478735811
567 602 1.1413673058007003
567 568 -1.6704604158060583
568 603 0.12703756449532722
568 569 1.4175590128149762
569 604 -0.635090999746383
569 570 0.15207436215823858
570 605 -0.773604348974977
570 571 1.2099643791700267
571 606 -0.12248572119109914
571 572 0.8758305959382087
572 607 0.14027927019477165
572 573 0.8384668140792281
573 608 0.8071856727625467
573 574 1.1781375100176736
574 609 -2.0159151896451113
574 575 -0.18550865919139617
575 610 -0.5769692210270346
575 576 0.6830112561536493
576 611 0.6786928235435405
576 577 -0.6420444598459922
577 612 0.254378085817235
577 578 0.6132796067170747
578 613 0.5001728786952937
578 579 -0.3326050150582618
579 614 1.2781232370814017
579 580 -0.9719078079021064
580 615 0.05508071894136543
580 581 -1.2114694425092754
581 616 1.26122715437169
581 582 1.376436583722576
582 617 0.42654682650090375
582 583 -1.702883583603108
583 618 -1.9292653539175917
583 584 2.2891543412001525
584 619 1.1192806578924637
584 585 0.6602177828264542
585 620 -0.05685483332377646
585 586 -0.6175081281189299
586 621 0.06861991414149853
586 587 1.1524892592083507
587 622 1.9695399191285734
587 588 0.1217336025901754
588 623 1.429566761276699
588 589 -0.11109362390365038
589 624 -0.35603726621520376
589 590 1.832907014294723
590 625 1.627312255184515
590 591 -1.1186784425319072
591 626 0.6154448464675006
591 592 -0.5652047096148574
592 627 -0.40096029019809243
592 593 0.6111043678579599
593 628 0.7921840046640846
593 594 -1.5896513435245068
594 629 0.33615667767638535
594 595 0.13868969166721634
595 630 1.4264380678700554
596 631 1.3410722018811414
596 597 -0.6609057582633419
596 630 1.2277496217996693
597 632 1.7445289377041735
597 598 0.3169445378899197
598 633 -0.33142563641379386
598 599 -1.6511788655911297
599 634 0.7213537092217326
599 600 -1.879476779828442
600 635 1.044885943602348
600 601 0.6076156624628558
601 636 -1.0882496907508847
601 602 -0.30722334111929867
602 637 -1.0898973041631308
602 603 -1.262219577511921
603 638 -0.7592012014147882
603 604 -0.2936942430969035
604 639 0.8100484531053814
604 605 -0.3592355560713588
605 640 1.2543033135448731
605 606 1.4178385832020084
606 641 -0.9418132655299515
606 607 -1.049807714835721
607 642 -0.29284781804734134
607 608 1.1794065050793041
608 643 -0.43208684621960597
608 609 0.38285914744609767
609 644 1.0523039654639845
609 610 -0.13357147287916826
610 645 0.6347250848360461
610 611 0.922009743179125
611 646 -0.5725733988875796
611 612 -0.2670364181766001
612 647 0.11689218000484618
612 613 0.40258174801291896
613 648 0.4319025444415065
613 614 -0.453165565615392
614 649 -1.242447875211183
614 615 -0.3275004660211699
615 650 -0.09956844643198788
615 616 -1.183374721891484
616 651 0.42771004487824643
616 617 0.36020751086980873
617 652 -0.19499473126809305
617 618 0.9763267468385369
618 653 2.052598462458476
618 619 -0.39554170279663103
619 654 -1.420362506317953
619 620 -1.3768212155250528
620 655 0.7160794977251176
620 621 0.5221991282527584
621 656 -0.34063549169129753
621 622 -1.5635128720555282
622 657 -0.4652900534177067
622 623 -0.7515269097341046
623 658 -0.4415962027956136
623 624 1.629706487038285
624 659 -0.6941592345805687
624 625 -1.6687892649149225
625 660 0.18769457540486353
625 626 0.5432776246410927
626 661 0.5249593526765644
626 627 2.0526337652309974
627 662 -0.5022790272295526
627 628 -0.18287368474217783
628 663 -0.34885472368809367
628 629 0.3934925010503551
629 664 -1.385063283181785
629 630 0.9679340774156423
630 665 -0.12563748010746703
631 666 -0.5478634803642517
631 632 -0.016403963066810162
631 665 -0.040576908846139695
632 667 -0.1596964230177845
632 633 0.3125238573457644
633 668 1.9222721850364792
633 634 -0.3404782339079585
634 669 -1.1115810093560323
634 635 0.8220008514424594
635 670 -0.09109911371006078
635 636 -0.7423397438683745
636 671 -1.2473722699485739
636 637 2.302360252105521
637 672 -0.8708197063643257
637 638 -0.1977785505063033
638 673 -0.12562998482413415
638 639 0.6250442376286444
639 674 0.27856039601031685
639 640 -0.47756083107638647
640 675 -0.7425905992901168
640 641 -0.7033286412166918
641 676 -0.06640695539622958
641 642 0.1608011752648621
642 677 -1.316584834003883
642 643 1.1210451382913318
643 678 -0.5707860689466179
643 644 -1.5715194683528046
644 679 -1.3046508241301864
644 645 -0.037646690566405225
645 680 0.2898520651911792
645 646 0.14234778119938316
646 681 0.581125815863922
646 647 1.2036613889161747
647 682 -0.6113482448620975
647 648 0.23932686937165956
648 683 1.3505897546190924
648 649 1.2012339786477213
649 684 0.013468231888843636
649 650 0.6474492462855501
650 685 1.1533483319998878
650 651 0.3359801243790466
651 686 0.18762308335646968
651 652 -1.219786972175051
652 687 -1.4027806514600842
652 653 -0.3559403624549837
653 688 -0.838907391912085
653 654 -1.6921839613728729
654 689 -2.035476029944837
654 655 0.7038016828229194
655 690 0.1901530765496564
655 656 -0.678878188782521
656 691 -1.3430033303663254
656 657 1.570055531779497
657 692 0.528608099496112
657 658 -1.0886268867501696
658 693 -0.050516227506167556
658 659 -0.9192211426068626
659 694 0.8218149871435114
659 660 -0.22013227482734238
660 695 -0.7336385069285747
660 661 -0.5818101416556996
661 696 0.6457940738195587
661 662 0.4603370510066848
662 697 -0.9047434542500373
662 663 -1.7149510520194091
663 698 -0.6113491422357705
663 664 -1.2751098229123627
664 699 0.9141815611840248
664 665 0.9368929660253315
665 700 0.6039195014040281
666 701 0.17840208295660623
666 667 0.6732264900545889
666 700 0.8012425939995009
667 702 -1.2858566369682576
667 668 0.7040281615010223
668 703 0.18233724287488476
668 669 -0.5920973337157683
669 704 -0.522950533780971
669 670 0.28653831763867404
670 705 1.4988598745911186
670 671 1.9182598755776041
671 706 0.33832336322029644
671 672 -1.1807608551019453
672 707 -0.42047071936414493
672 673 -0.39028968769308403
673 708 0.5985458671230243
673 674 0.8087809616861975
674 709 0.8243851231096135
674 675 -3.2501554230229126
675 710 1.1197025854453087
675 676 1.4314608239059148
676 711 0.7381095704391526
676 677 -0.8347639141397826
677 712 -0.04987697462083995
677 678 1.2101170271807928
678 713 -0.10887142253214598
678 679 -0.6476874633743351
679 714 -1.2326463937384409
679 680 -1.5193039546636413
680 715 0.3735503567034427
680 681 1.8084713991982924
681 716 -0.3632322277381296
681 682 -0.41856240370482856
682 717 0.017560191572048616
682 683 -0.41275927191149775
683 718 -2.0868228023522764
683 684 0.1434359614439365
684 719 -1.7823476667285465
684 685 -0.11393466381762524
685 720 -0.46666346539626635
685 686 -0.057298196102479125
686 721 -1.69723916299355
686 687 1.266634042173935
687 722 0.5280300348417069
687 688 0.15761007175850383
688 723 0.28405270129850907
688 689 0.9357475280679857
689 724 -0.6911779691471911
689 690 1.0311742696085808
690 725 -1.159355138943452
690 691 -0.9230161384213433
691 726 -0.5730468161370935
691 692 -0.8422229676159538
692 727 -1.6270208502509655
692 693 0.5206141632275428
693 728 0.6445032974316101
693 694 0.5436921557703847
694 729 -0.4569154863018212
694 695 0.883007029594552
695 730 0.8012453828823148
695 696 -0.9606569760622993
696 731 0.66138035289162
696 697 0.894212372616695
697 732 -0.5975970619537906
697 698 -0.5178765196924513
698 733 -0.9426686072711105
698 699 -1.619359757786244
699 734 0.9743265122133526
699 700 -1.5245368408287008
700 735 0.3615610031111875
701 736 -0.37557081479962295
701 702 -0.8471709220262338
701 735 -0.42184272033621323
702 737 -0.4351297959004208
702 703 0.3994098127736388
703 738 1.5378806283934943
703 704 -0.691118345205678
704 739 0.9604359109644139
704 705 -0.48136168340008645
705 740 -1.8249447440512354
705 706 -0.6974680268101402
706 741 -0.6005169844241331
706 707 -0.724912815875789
707 742 -0.2370604759813094
707 708 1.8264191184419807
708 743 -0.29243548671701514
708 709 0.7017863394070828
709 744 -0.9116246727002896
709 710 -0.07384853270214875
710 745 -0.03938302245782628
710 711 0.27436809024772824
711 746 -0.18460252745379818
711 712 -0.1013347545501637
712 747 -1.2646073443377217
712 713 0.4412975535331452
713 748 -0.2682997386539518
713 714 -0.09388011561554933
714 749 -0.5547256247411304
714 715 -0.14946315839886865
715 750 -0.8193052255930529
715 716 -0.10853053951158971
716 751 -0.1579066426137746
716 717 -0.761202014858137
717 752 0.09969062470164922
717 718 0.38075198313787734
718 753 -0.3474356934202984
718 719 -0.7707010048073493
719 754 -1.1525020852043697
719 720 -0.3809798821437189
720 755 -0.6853432559056675
720 721 1.073433683910374
721 756 -1.4895831768588548
721 722 0.1939169372575435
722 757 0.6172615410482013
722 723 -1.6513312114235503
723 758 0.06721819028974539
723 724 -1.2268529699840984
724 759 0.2653556858782433
724 725 -1.6748793577449992
725 760 1.277935444374554
725 726 0.9112477349709296
726 761 -0.03178129737525967
726 727 0.4277804158823192
727 762 0.021582580107400006
727 728 0.3237370442783688
728 763 0.4453737877032937
728 729 0.08842848809264481
729 764 -1.580630990078733
729 730 0.5980026286328898
730 765 0.5396905087977327
730 731 0.2948047167394907
731 766 -2.4377614433184855
731 732 -1.8433300819119736
732 767 -1.2930416650133554
732 733 0.10231444045078814
733 768 -1.1971261050003552
733 734 0.6254376169072597
734 769 0.6639749532717292
734 735 -0.19807245103110208
735 770 -0.10483694186027646
736 771 -0.9159075278684851
736 737 0.9669004736209896
736 770 -1.5207140244204256
737 772 1.51514363628483
737 738 -0.6877086280745062
738 773 -1.7326823448084578
738 739 0.4604609688150335
739 774 1.8922235808945058
739 740 0.4969126620030064
740 775 0.4802112351568444
740 741 0.9933781256487766
741 776 -0.2527462019319515
741 742 -0.43527574766287985
742 777 1.1657845559825073
742 743 1.6421890193988835
743 778 0.13587360888194813
743 744 0.15209553661071123
744 779 0.07580676981515819
744 745 -0.3918515692530617
745 780 0.13251053163968005
745 746 1.1485819127803667
746 781 0.7388585562876483
746 747 -0.021018723567981786
747 782 -0.7291434923312444
747 748 -1.0962098870004702
748 783 -1.294578286854792
748 749 -0.30817932249802343
749 784 0.2502001290106398
749 750 -0.1416589994233751
750 785 -0.46486216929680513
750 751 -0.2147517460347092
751 786 0.18171250978897854
751 752 -0.7116981116164665
752 787 -0.5838071881817974
752 753 0.3771620379144055
753 788 -1.8062768400026927
753 754 -0.2891339566081683
754 789 0.8037826395634002
754 755 0.41207521855995494
755 790 0.9360383539833392
755 756 -0.7225833028483193
756 791 -0.4953120835450605
756 757 -0.559132250479794
757 792 0.2197244126407581
757 758 1.0113587177348042
758 793 -0.4347729686721007
758 759 -0.1213013870180983
759 794 -0.8329730275068722
759 760 -0.9988421141296535
760 795 1.216387713940143
760 761 -0.7135784903998154
761 796 -1.2445467843906959
761 762 1.1988957072444586
762 797 -0.2602174652649441
762 763 1.9338504503789475
763 798 -0.5319942928312165
763 764 0.20303812712210192
764 799 -0.5720668237966776
764 765 -1.2173477928566214
765 800 0.8955668201707451
765 766 -0.008704672277646848
766 801 0.9904569090028797
766 767 0.35516308508701877
767 802 -0.6049551033267078
767 768 -0.3677054011201197
768 803 -0.9452600595729715
768 769 0.1815118281981534
769 804 -1.5212320408798328
769 770 0.9369176400697807
770 805 1.4515165316749845
771 806 1.5359912216596998
771 772 0.3566354205791829
771 805 -2.125376995723672
772 807 -0.9636316422925038
772 773 0.12473459708223712
773 808 0.16902457586008168
773 774 0.40637201455530153
774 809 0.22426679891018939
774 775 -0.46741808830770426
775 810 1.159444451384618
775 776 -0.06956827105859924
776 811 -1.1946865585626687
776 777 0.7062075602331676
777 812 1.3883232506299967
777 778 1.9465022702083643
778 813 -1.017843890318114
778 779 0.4327459601580209
779 814 -1.0895450341110182
779 780 0.28269264847105524
780 815 -1.0202178151047585
780 781 1.222113699228642
781 816 1.175139985514121
781 782 0.17717431245845366
782 817 -0.8270145537763393
782 783 -0.33833413624804265
783 818 -0.3703700136345248
783 784 0.949400513198979
784 819 -1.3213192298504977
784 785 2.374345768152163
785 820 0.5157383878411297
785 786 0.8828640814102736
786 821 -0.8171712348542681
786 787 0.01994584707739003
787 822 0.7799372722906825
787 788 0.11773167229782457
788 823 -1.1976514423508378
788 789 0.03822323009549926
789 824 0.22119134111799907
789 790 -0.3616581848047371
790 825 -1.3188953245779926
790 791 -0.7858221862460208
791 826 0.4404477729399021
791 792 -0.9129105223987207
792 827 -0.5823873924673424
792 793 -1.9670994156646484
793 828 -0.5431449267814656
793 794 -0.4599786289977333
794 829 0.25524561025046283
794 795 -0.32845344623223865
795 830 0.9646906850491713
795 796 -1.202113068757339
796 831 2.205441292771305
796 797 0.16143521440606312
797 832 0.6046798036274437
797 798 0.11108518771129244
798 833 0.8118271390265637
798 799 -0.8563515732271685
799 834 -0.9083260443577539
799 800 1.0672492999997714
800 835 0.8333081641084622
800 801 0.08166275731155559
801 836 0.8886301603780684
801 802 -1.0900524992308527
802 837 0.34496896043195124
802 803 -0.049091076176650796
803 838 0.15641493685501912
803 804 -0.17979697049342136
804 839 2.0900406522781987
804 805 1.8803536987861764
805 840 -1.6031864616654148
806 841 -0.09498841633742469
806 807 -1.1031788465815038
806 840 0.22829556597533643
807 842 -0.40780732922793755
807 808 -0.07173437386784336
808 843 -2.2220699124461505
808 809 0.7687370768357417
809 844 -0.24212585104184403
809 810 0.6402960884238603
810 845 -0.7846284632254615
810 811 0.4702910860799291
811 846 -1.2447745042617568
811 812 -0.1867746201289226
812 847 0.23806688009261048
812 813 1.8375659009419154
813 848 0.7496677536529466
813 814 1.241961672019988
814 849 -1.6647426279037236
814 815 -1.5004380879924177
815 850 1.7377676219153735
815 816 -2.2481891023241536
816 851 -0.06507876469429477
816 817 -0.48248527160323706
817 852 0.1658707556695955
817 818 -2.2162284542939745
818 853 0.47502860805825314
818 819 -0.6251870961960285
819 854 0.913991779633013
819 820 0.9340630097944994
820 855 -0.20049227400959954
820 821 -1.1531553070138656
821 856 -0.7132961947668677
821 822 0.11128800136515986
822 857 -0.635585650008184
822 823 1.8620659059118518
823 858 1.3816976677884727
823 824 -1.005034231732038
824 859 1.3098744181338542
824 825 -0.23712191686713913
825 860 0.3045870472822769
825 826 -0.37282190910930824
826 861 0.5933693042542709
826 827 -0.06980038257514132
827 862 -0.3045017600909342
827 828 0.8370619582461846
828 863 1.6176322216530368
828 829 -0.3151670167974551
829 864 1.153547389568485
829 830 1.7900260214317856
830 865 -0.9800339475156286
830 831 -0.15816855558070894
831 866 -0.8004266095482588
831 832 0.8029205419614721
832 867 1.4858754005870667
832 833 -0.7444285673139862
833 868 -1.087933621877781
833 834 0.760284717228347
834 869 -1.1251259580596868
834 835 1.750812141176353
835 870 0.7075260813995948
835 836 -0.22031647728256645
836 871 -0.2295884515366011
836 837 -1.4568449575970852
837 872 1.031766543051424
837 838 -0.6102081932177199
838 873 0.7415774205092006
838 839 -0.7453467223870704
839 874 0.5714325964704755
839 840 -1.164346238870314
840 875 -0.9515097644198198
841 876 -2.920980289148333
841 842 -0.7744567462004767
841 875 -1.2824743266335874
842 877 -1.7202544845686032
842 843 0.5563320962782582
843 878 0.5632995360452008
843 844 -0.0923210231529251
844 879 -0.15373844372187476
844 845 1.9168522240197388
845 880 -0.03536918109981545
845 846 0.6294967426638165
846 881 0.5011844695712029
846 847 0.37908137769505657
847 882 -0.7781241209887306
847 848 1.621102743176738
848 883 -1.3613185061146276
848 849 -1.8104999253443315
849 884 0.12646008316363175
849 850 0.7472421441055145
850 885 -0.3605198281814038
850 851 0.7340900342959447
851 886 -1.0290360231623783
851 852 0.8291821031278377
852 887 -1.8849354747589095
852 853 -0.8015712383220458
853 888 -0.3148411309661263
853 854 -0.500568561633951
854 889 -0.17201623118890186
854 855 1.0000361576122596
855 890 -2.1720880378453917
855 856 -1.3336812169183827
856 891 0.9575187269457803
856 857 -1.7479555311994823
857 892 0.7062574646646784
857 858 0.44794973823076284
858 893 1.5225495274328364
858 859 0.923850079251809
859 894 0.33154873039086674
859 860 -0.4442416432357846
860 895 0.44256996660518494
860 861 1.3161200227226326
861 896 0.594379358504302
861 862 0.8726775237940172
862 897 0.9928596956376726
862 863 -0.7803112920667437
863 898 -0.6546108295524579
863 864 0.8517832771227881
864 899 1.7485319072963486
864 865 -0.21866378250686322
865 900 -0.6601099520916549
865 866 -0.5781470202803134
866 901 0.1690079898755241
866 867 -0.9144742976189806
867 902 -0.33122669215994976
867 868 0.5094082320199862
868 903 -1.5486455614949641
868 869 -1.5265679854019456
869 904 -0.31342265097363264
869 870 -0.7453637454223034
870 905 0.39422152447123704
870 871 -0.2751447482033013
871 906 -1.2928956079068372
871 872 0.1711592539304427
872 907 0.3177652620196202
872 873 0.4752355455191505
873 908 -2.713876009427682
873 874 -1.4181646481872476
874 909 0.8390672495009359
874 875 1.082287955576331
875 910 -2.0675886389070155
876 911 0.28324101682343716
876 877 -0.3866279208549227
876 910 1.2559070014039089
877 912 1.2186306265264826
877 878 1.685998121601447
878 913 -0.8253969155348432
878 879 0.3626237151628524
879 914 0.39284275484468445
879 880 -1.8408559753547264
880 915 1.270275934209957
880 881 -0.41450455039613937
881 916 -0.24567846886721814
881 882 -0.23104946328149817
882 917 -0.11236493875233708
882 883 0.05416832702924412
883 918 -0.08401441927456263
883 884 -0.23245723456014228
884 919 0.9247825045690727
884 885 0.6735941731041997
885 920 0.14064918085904168
885 886 -0.5291588030997928
886 921 0.6976056660688494
886 887 -0.3345048547769773
887 922 0.43192223476405295
887 888 -1.3185809515616445
888 923 -0.8269433627477193
888 889 -0.2510367269259733
889 924 0.5609387349882294
889 890 0.4397708892959896
890 925 -0.29924587139237446
890 891 -1.113167709915962
891 926 1.3851817039531211
891 892 -2.1988369758968886
892 927 1.5504041901859527
892 893 0.10761097548597812
893 928 0.19608060083543533
893 894 -0.10570594798042492
894 929 0.46632888297762237
894 895 1.7810880102644777
895 930 1.3396968744197435
895 896 -1.6363876961636061
896 931 0.8980919421615874
896 897 -2.158716338631407
897 932 -0.4772207288833353
897 898 0.15587745534048644
898 933 0.14992934621872644
898 899 0.21177617680365943
899 934 0.5868585282130255
899 900 0.3688583022413676
900 935 -0.004889501254005845
900 901 -0.8159648449964358
901 936 1.4757357877088504
901 902 -0.10580557763890323
902 937 0.6500755743497655
902 903 0.9567140217936638
903 938 -0.7554634131129302
903 904 -0.1187782421801719
904 939 -0.7191078255688107
904 905 -1.0576660506928808
905 940 1.6047761843763393
905 906 -1.1252596055494644
906 941 -0.12037791151905582
906 907 0.3571168755908353
907 942 0.6227235981328656
907 908 0.7954750942034523
908 943 -0.23264164117881597
908 909 1.3209437022186972
909 944 -1.1163204258872588
909 910 -1.2305373018906265
910 945 1.7749671349692793
911 946 0.5826730530636812
911 912 -0.15273245123421
911 945 -0.8317330206205406
912 947 0.7166362328599533
912 913 0.9587687802753176
913 948 0.472210272613276
913 914 1.5696775438439836
914 949 -1.1169373100012385
914 915 0.6001188023349248
915 950 -0.5208827224863098
915 916 -0.11285618762407336
916 951 -0.03567977728063098
916 917 -0.8502518174949736
917 952 -0.42957547390427453
917 918 -1.134159759021609
918 953 -0.1770314054670714
918 919 0.14836990158394145
919 954 0.5183698541978758
919 920 -1.040034914659142
920 955 -0.30767545561556287
920 921 0.16682229391237297
921 956 0.7566762613087369
921 922 -0.9049888441394747
922 957 0.023482537149150124
922 923 -0.23867565142564814
923 958 0.6865424326439864
923 924 2.00986081880751
924 959 -0.26856147973232714
924 925 -0.6185316106709285
925 960 -0.10902049909106325
925 926 -0.4511567565156659
926 961 2.611559127524973
926 927 0.13708307397325947
927 962 0.2515088718599263
927 928 -0.07028151880019004
928 963 1.2974834774354038
928 929 -0.3612758845184764
929 964 -1.0498942842720753
929 930 0.08306498898851777
930 965 0.47022582701672616
930 931 0.5770518098506611
931 966 -0.7680538646319294
931 932 0.08743821313067546
932 967 -0.5450329825869388
932 933 0.8117358096916275
933 968 1.8265890098557702
933 934 1.645428473030284
934 969 0.3058634150489221
934 935 0.05858391641456906
935 970 -1.3337992875575264
935 936 -0.9626153969995
936 971 0.7554154333190221
936 937 -1.1111265011219833
937 972 -0.05456127802708689
937 938 -1.490515092750189
938 973 -1.878108677385057
938 939 0.35676381342777397
939 974 1.9757238640881485
939 940 -1.9543531892726054
940 975 0.8276837206965112
940 941 -0.5061561602287061
941 976 2.5153486421219893
941 942 0.32308833328839126
942 977 0.059439117611331145
942 943 0.6750649164464351
943 978 3.138297041518232
943 944 -0.03661013224955415
944 979 -1.8295995235010847
944 945 0.0884424986254386
945 980 1.0663728945486033
946 981 1.175033153312981
946 947 1.6742870893608637
946 980 -1.382318725469867
947 982 -2.60316664584126
947 948 -0.01565847086174227
948 983 0.24346603345719514
948 949 -0.4267977962688725
949 984 1.551272596575093
949 950 0.7294916952910538
950 985 -0.2345400178552627
950 951 -0.2187662246368927
951 986 0.5781625973595292
951 952 -0.2487056160029458
952 987 -0.7580495264331611
952 953 0.06356484904292059
953 988 0.16704397763888812
953 954 -0.09117459037881603
954 989 1.2109591867013723
954 955 -1.0299043486561426
955 990 0.5368371074940899
955 956 3.1304644693627437
956 991 -0.24779852763736526
956 957 -1.0171238865641772
957 992 0.2983027821610058
957 958 -0.7876795264787247
958 993 1.73108200848768
958 959 -1.1691289438505184
959 994 0.06901481309515438
959 960 -1.4511682765092608
960 995 -1.346052954539816
960 961 0.696170490698096
961 996 -0.006923128658141343
961 962 -0.9268965320521582
962 997 -1.397314956783843
962 963 -0.4141992059092224
963 998 1.491715347318945
963 964 0.3631414127812436
964 999 -0.07716940191658722
964 965 0.7291914054440429
965 1000 2.146925156268319
965 966 0.3001129539922742
966 1001 1.2627433862131323
966 967 -1.43948460268283
967 1002 0.22490614368643347
967 968 1.1726485637483275
968 1003 -0.18464941921900174
968 969 0.5980724325054404
969 1004 0.826010333721302
969 970 0.15193592479460424
970 1005 1.4086480078505563
970 971 0.7356802142501428
971 1006 0.3335648022080065
971 972 -0.45622269572352536
972 1007 -0.052838017830689
972 973 -0.1348203458885884
973 1008 2.084837330172242
973 974 1.620383717204174
974 1009 -1.5799595577076175
974 975 -0.5573488743021372
975 1010 0.21987422908869017
975 976 -1.5378300095594957
976 1011 -0.709115479505109
976 977 -0.636888071702789
977 1012 -1.4051155843212428
977 978 -1.0121287421114475
978 1013 0.014273123845503147
978 979 0.1732512010766009
979 1014 -0.7023753538016113
979 980 0.17674791229427878
980 1015 0.030741935819850068
981 1016 0.5622185423523051
981 982 -0.06905394878688001
981 1015 -0.4726034252081994
982 1017 -0.4014040288769649
982 983 -0.40989185145841783
983 1018 0.8713355289993112
983 984 1.2953522254909529
984 1019 -0.34637962377290343
984 985 -0.33350743554333895
985 1020 -0.13686605176438768
985 986 -1.8638648623269138
986 1021 0.3693334911271466
986 987 0.46840284874055055
987 1022 0.14444097563628275
987 988 0.20263834835358732
988 1023 0.751952511315629
988 989 -0.7872052257093718
989 1024 -0.7031490208238214
989 990 0.349231075663416
990 1025 2.7301059477003546
990 991 0.20360159512584897
991 1026 2.037731107961878
991 992 -0.4995627124228943
992 1027 -0.10148553903539642
992 993 -0.23981853965630887
993 1028 -0.8312373677799997
993 994 -0.5548298626113795
994 1029 -0.9922023819764316
994 995 -1.9170683159558302
995 1030 -0.5143119584306859
995 996 -0.236293976731435
996 1031 0.6399833912469449
996 997 -0.8721377929626457
997 1032 -0.5083958365346507
997 998 -1.2563987518699782
998 1033 0.36542079504937097
998 999 -0.7958948093898782
999 1034 0.5387520877045495
999 1000 1.046639178113224
1000 1035 -0.3066294326424758
1000 1001 -0.28604167098008365
1001 1036 1.172048695743493
1001 1002 1.4475466673222268
1002 1037 -0.8726332627899838
1002 1003 -0.8459915906834599
1003 1038 0.023512252475824724
1003 1004 1.7755316499394613
1004 1039 1.915226532506981
1004 1005 2.668839695600304
1005 1040 1.0700909493298867
1005 1006 -2.203592806739419
1006 1041 0.8717292165423799
1006 1007 1.1170408538203251
1007 1042 0.1484362205429163
1007 1008 0.5304350266330579
1008 1043 -1.1859998190104957
1008 1009 -0.28194527641072853
1009 1044 -0.2602202151730808
1009 1010 0.3339384479133158
1010 1045 0.7019274138038821
1010 1011 -0.9746860203876809
1011 1046 1.272832631097451
1011 1012 0.00971295848427896
1012 1047 -1.3751714822547128
1012 1013 -0.07466090626663739
1013 1048 1.1391983951208897
1013 1014 0.8182046712009763
1014 1049 -2.7466148093395817
1014 1015 0.031085536013626174
1015 1050 0.26107375712984654
1016 1051 0.3894663123260133
1016 1017 -0.019816287994769245
1016 1050 -0.13755089713131352
1017 1052 -1.789233142936676
1017 1018 -0.3349595539063772
1018 1053 0.02063996893374468
1018 1019 1.1634518916392373
1019 1054 0.807329219011886
1019 1020 -0.6377238156525183
1020 1055 0.3637606737909213
1020 1021 0.6209037938478167
1021 1056 1.0157546075040729
1021 1022 -1.2120407934261779
1022 1057 -0.6968775505408619
1022 1023 0.03151782409801584
1023 1058 0.3628850084839395
1023 1024 0.7827650233529716
1024 1059 -0.6207133995767713
1024 1025 -1.0663092427845502
1025 1060 -1.8290875080453668
1025 1026 -0.8547106604192317
1026 1061 -0.48509512096864754
1026 1027 1.9335058280741912
1027 1062 1.3210275379249232
1027 1028 0.6377943166944217
1028 1063 0.3541550242388073
1028 1029 1.881015024079654
1029 1064 -0.8939430583154389
1029 1030 -0.24317743153606383
1030 1065 -0.33730947027678876
1030 1031 0.008462296082078975
1031 1066 0.10901773339193277
1031 1032 2.1975002159123767
1032 1067 -0.12385038026835438
1032 1033 0.33679667063771884
1033 1068 -0.3873348156900089
1033 1034 -2.0904828588286835
1034 1069 -0.03246283173180294
1034 1035 -0.5732805003539558
1035 1070 1.4450182529388416
1035 1036 -0.8071259327843813
1036 1071 2.1758486719386574
1036 1037 -0.8998188262873684
1037 1072 0.03692362725770749
1037 1038 -0.8763279287767662
1038 1073 -1.0105571514147027
1038 1039 -0.33533844900105186
1039 1074 -0.1491217354683605
1039 1040 0.5513687741477449
1040 1075 0.7407239131768675
1040 1041 -0.8842745371887162
1041 1076 1.3736041472116078
1041 1042 -0.283185450208134
1042 1077 0.9084090681092578
1042 1043 -0.5496494821886599
1043 1078 1.941303289659098
1043 1044 -0.01719410734224231
1044 1079 1.8591723447665425
1044 1045 -0.4002522372266859
1045 1080 1.761590749440479
1045 1046 -1.4291793795457395
1046 1081 0.3037075275324632
1046 1047 0.8653459553252373
1047 1082 -0.9799194286730778
1047 1048 -0.6342892313428611
1048 1083 1.0065135867912658
1048 1049 -1.0600689437683801
1049 1084 0.2300934428756932
1049 1050 0.13703489260512042
1050 1085 1.404066363495383
1051 1086 -0.17502146536582175
1051 1052 -0.13071107058865705
1051 1085 -0.7178828898363362
1052 1087 0.7877541014285085
1052 1053 1.322662091049142
1053 1088 -2.867894622266509
1053 1054 -0.4679540026205367
1054 1089 -0.5909493864395503
1054 1055 -1.1967559458826897
1055 1090 -0.20493669417253063
1055 1056 -2.2016923178650165
1056 1091 1.0101999464655058
1056 1057 0.7133778537034189
1057 1092 -0.9199399500682498
1057 1058 1.3100309420041756
1058 1093 -1.0242466936817185
1058 1059 -0.677048360203663
1059 1094 -0.21388917406704808
1059 1060 0.44346699885727053
1060 1095 -0.21755416434846545
1060 1061 -0.5368535245475663
1061 1096 -0.7285456118749105
1061 1062 -0.3755817845715123
1062 1097 -0.4459289512304587
1062 1063 1.4276812501475702
1063 1098 -0.5014006730928434
1063 1064 -0.412336247705797
1064 1099 1.2410864805463475
1064 1065 -0.63307839535162
1065 1100 1.2211278143784934
1065 1066 -0.9715020132183148
1066 1101 -0.12111805628266109
1066 1067 -0.5918667168139479
1067 1102 -0.63013678758245
1067 1068 -0.4953948636088203
1068 1103 0.6334592796237399
1068 1069 -1.5275624611106975
1069 1104 0.3368854008109851
1069 1070 0.8079810265880794
1070 1105 2.495666675064486
1070 1071 -0.2604745029345806
1071 1106 -1.2278213969680916
1071 1072 -0.2857320411990725
1072 1107 -0.4869267925507656
1072 1073 0.7573147353435977
1073 1108 0.7045765572683684
1073 1074 1.7636221036829296
1074 1109 -0.009212028271928782
1074 1075 0.03909411659646634
1075 1110 1.474735276061563
1075 1076 0.6655976333260347
1076 1111 -0.8456519009901906
1076 1077 0.7495125222975074
1077 1112 1.3258461979415426
1077 1078 0.3749434732186239
1078 1113 0.9883636857376772
1078 1079 -0.8805726257431473
1079 1114 -0.1259777083552939
1079 1080 -2.4990982443586804
1080 1115 0.3991251870045823
1080 1081 0.3036948635072779
1081 1116 -0.8435186911441157
1081 1082 2.036624973318788
1082 1117 0.18147365874110447
1082 1083 -0.510381405350774
1083 1118 -1.3725294999810007
1083 1084 -1.7906151157415853
1084 1119 -0.3532171405043127
1084 1085 -1.2671215446277444
1085 1120 -1.621462278172195
1086 1121 0.97667407796851
1086 1087 0.4120597381449278
1086 1120 -1.9522066257146522
1087 1122 -1.1181886946454531
1087 1088 -0.03476029542119681
1088 1123 1.7512511366536803
1088 1089 0.052432469190112144
1089 1124 -2.0014666815283872
1089 1090 -1.1696567696688644
1090 1125 -2.0440048646076696
1090 1091 -0.3232244516346072
1091 1126 -0.645307645777143
1091 1092 -0.4008010079561394
1092 1127 -0.5359884069685102
1092 1093 0.8621354655282893
1093 1128 0.09933462728687588
1093 1094 -0.47960990362721007
1094 1129 -1.9076826542104597
1094 1095 1.3348456235646105
1095 1130 1.231811268856076
1095 1096 -0.13197635961628384
1096 1131 -0.4789902353067708
1096 1097 -0.5572809561372843
1097 1132 -0.9907514647753072
1097 1098 1.643923435859881
1098 1133 -1.7224512373150673
1098 1099 1.0058466355361868
1099 1134 -0.08031097081074937
1099 1100 0.1417392917012052
1100 1135 0.8633721442951245
1100 1101 -0.6755892871223254
1101 1136 1.4005866923207728
1101 1102 0.10793463972076896
1102 1137 0.8988402223073743
1102 1103 -0.7365676151745555
1103 1138 2.2544636663159565
1103 1104 -0.1622363950619455
1104 1139 1.1408093476701957
1104 1105 1.4229933326289532
1105 1140 -1.5910096710108657
1105 1106 -1.0200811969630164
1106 1141 0.3272683000039968
1106 1107 -0.6045660419347886
1107 1142 0.31676099374220373
1107 1108 -0.7471390824541565
1108 1143 1.6011794943620745
1108 1109 0.9996406072522058
1109 1144 -1.5610033723155863
1109 1110 1.891303796805693
1110 1145 -2.8214043496121657
1110 1111 2.255331735157184
1111 1146 0.22582978934059145
1111 1112 -1.0818305475373426
1112 1147 0.5385727389262416
1112 1113 -1.8676726622230915
1113 1148 -1.2148796542234253
1113 1114 -0.2520131476915353
1114 1149 -1.5213045903479805
1114 1115 1.4020295671209262
1115 1150 1.3417865827836895
1115 1116 0.43507044523789923
1116 1151 1.464748634464239
1116 1117 1.098254189595161
1117 1152 -1.2894160578153837
1117 1118 0.11057172196800023
1118 1153 1.5788458881358607
1118 1119 -0.24227194913776023
1119 1154 0.18443083629668103
1119 1120 0.16964314395575425
1120 1155 -1.2658447614764068
1121 1156 -0.10697223615615144
1121 1122 0.33295249470437954
1121 1155 0.7362952678353493
1122 1157 0.8270323059897113
1122 1123 -1.4802566146933882
1123 1158 -1.0798526689910184
1123 1124 -0.16446620770830048
1124 1159 -0.2770399691509382
1124 1125 0.6782172699429269
1125 1160 -0.49331389000542275
1125 1126 -0.18209489680949575
1126 1161 1.1793319574504675
1126 1127 0.3559656038230228
1127 1162 1.107053392377929
1127 1128 -0.09431534392446912
1128 1163 0.24536407300692206
1128 1129 -0.3422243960118425
1129 1164 0.9440603797906444
1129 1130 -0.49980775096199126
1130 1165 -0.47729505667683375
1130 1131 -0.17485178196951878
1131 1166 0.17243209041428434
1131 1132 -1.426999568573632
1132 1167 0.5996170546666246
1132 1133 -0.28594865854583185
1133 1168 -0.36955476898096773
1133 1134 -0.37268593660230154
1134 1169 -0.9993788978126864
1134 1135 1.6045302082339776
1135 1170 0.2897708580647531
1135 1136 -0.41101223374013746
1136 1171 -0.14050808227786163
1136 1137 -1.3188474071403538
1137 1172 -0.6722801416447324
1137 1138 -0.9400249657370753
1138 1173 0.1680873020854392
1138 1139 -0.6534629109582184
1139 1174 1.1536983456457488
1139 1140 -1.8296564207971509
1140 1175 0.03539422593589484
1140 1141 -1.083573962383766
1141 1176 0.9703597704598252
1141 1142 -0.851723701182688
1142 1177 -0.7894125879271054
1142 1143 0.1163604776878321
1143 1178 1.468940014048732
1143 1144 -0.9519686217644823
1144 1179 0.8683002751746612
1144 1145 -0.8508941130263404
1145 1180 -0.6289265992055455
1145 1146 -0.1310563617611593
1146 1181 1.8566859215779057
1146 1147 -0.8169693142754242
1147 1182 -1.854039032646333
1147 1148 -1.2801285979575734
1148 1183 -0.17004460070009192
1148 1149 -0.38859277461724967
1149 1184 -1.4809145080284818
1149 1150 -0.2592898979904407
1150 1185 -1.8758917720995587
1150 1151 0.48886766698157574
1151 1186 0.6514438785190727
1151 1152 -0.2430935553328587
1152 1187 0.6198690135557445
1152 1153 0.4249049656411798
1153 1188 -0.9692467490596577
1153 1154 -1.14344866612389
1154 1189 0.37548610312482184
1154 1155 0.8182458763759687
1155 1190 0.3723033912152924
1156 1157 2.2219781767869518
1156 1190 0.7819615493230814
1157 1158 -1.0770318811528545
1158 1159 -0.12654575070502974
1159 1160 -0.8450929798459225
1160 1161 0.8658353257249352
1161 1162 0.5925990497876208
1162 1163 -0.34440633705647794
1163 1164 -0.645690440918088
1164 1165 -1.1594542374069006
1165 1166 -0.39799257692465967
1166 1167 0.3028263607713016
1167 1168 0.42303991790602774
1168 1169 0.9957645562377546
1169 1170 0.6898275100820384
1170 1171 1.1224960634091738
1171 1172 -1.2198810143348109
1172 1173 0.9422648285359472
1173 1174 -1.092723141285702
1174 1175 -1.0853276677306878
1175 1176 0.4869458852133727
1176 1177 0.7505758967817382
1177 1178 0.1267630777555232
1178 1179 -0.23792784744821407
1179 1180 1.5814552869961165
1180 1181 -0.15603462071912796
1181 1182 0.5125851063852279
1182 1183 -0.882437886399262
1183 1184 0.4917103739978032
1184 1185 0.20730382084171023
1185 1186 0.10215480708306897
1186 1187 -0.23794226247564723
1187 1188 -0.908468851635014
1188 1189 -1.1327033724460698
1189 1190 0.7829787773330128
