1225 2450
1 36 0.5758030232970259
1 1191 -0.026349491672933576
1 2 -0.7076738394562794
1 35 0.3665043936574762
36 71 -0.5882680930958092
36 37 1.120369100527835
36 70 0.1739904621806271
1191 1156 0.13093591981845581
1191 1192 0.49393166734479743
1191 1225 -1.9698537104883538
2 37 0.03879088767230183
2 1192 -0.06504148074722603
2 3 -0.4370866911122807
35 34 -0.4962429635842336
35 70 -1.346233365686511
35 1225 0.459158182739542
37 72 -1.284410650027926
37 38 -0.32456954641202357
1192 1157 0.6878944344364115
1192 1193 0.10326093113727074
3 38 -1.4916440952258538
3 1193 -0.20470804112633656
3 4 1.620798197659772
38 73 1.3114751152362871
38 39 -0.7646535858361331
1193 1158 -0.5806998133158318
1193 1194 -0.9649975924750301
4 39 0.6396041583163978
4 1194 0.5471851269031094
4 5 -0.568102323428453
39 74 -2.363545255441522
39 40 1.6578059268044931
1194 1159 -0.533208901236467
1194 1195 -1.635764292676752
5 40 -1.1637429416173766
5 1195 0.8089443716295212
5 6 -0.7645917620006811
40 75 0.38935223286094833
40 41 0.6657874023131216
1195 1160 0.8470903903486008
1195 1196 -0.08406999480129755
6 41 0.004342891328237575
6 1196 -0.21356533169159994
6 7 0.1786672834115955
41 76 1.452012513435157
41 42 0.5069571718036218
1196 1161 -1.6488310536582338
1196 1197 -0.031318459616563925
7 42 -0.3227132950592039
7 1197 -0.8090051856197726
7 8 0.21519961152025932
42 77 -0.7386286498777415
42 43 0.22167434073709263
1197 1162 -0.09422249294874106
1197 1198 -0.8832242250568106
8 43 -0.759687328579285
8 1198 0.45161525342005776
8 9 2.630619459125019
43 78 0.32412067198900657
43 44 1.3259723403231947
1198 1163 -0.5156801756594049
1198 1199 -1.075022344463767
9 44 -0.9765493098693542
9 1199 0.31337838649923994
9 10 -0.2631478540201795
44 79 0.7211079268535306
44 45 -0.36295390728292143
1199 1164 0.07349377029075221
1199 1200 0.32673676813409697
10 45 0.7599468894783302
10 1200 0.1792520706929417
10 11 0.26605578561795895
45 80 -0.7182515656727491
45 46 -1.4023998104927593
1200 1165 -0.4002461451570845
1200 1201 -0.5693514118015561
11 46 0.3490055345063181
11 1201 0.079954138159171
11 12 -1.492241758434793
46 81 -0.20242179929978846
46 47 1.866400452311938
1201 1166 0.676952325188647
1201 1202 0.7950953053968244
12 47 -0.30354143326941957
12 1202 0.4015325750529058
12 13 0.8602740781833969
47 82 1.1851552846139728
47 48 0.7869071223267707
1202 1167 0.9057507465008079
1202 1203 1.6733402932155423
13 48 0.6726139087653409
13 1203 0.510892598787521
13 14 0.5437733694351243
48 83 -0.688086781920104
48 49 2.1075787606504806
1203 1168 -0.27266974209097744
1203 1204 0.38949973556976564
14 49 1.5016074935715367
14 1204 0.7100158684992488
14 15 -0.5331532191017475
49 84 -0.821636434104277
49 50 1.0846526773458813
1204 1169 1.8274307007443775
1204 1205 0.6387036145706156
15 50 0.45838021163016646
15 1205 -0.01998508031769816
15 16 0.3820981589213426
50 85 -1.4178736750459457
50 51 0.7928692819791755
1205 1170 0.3949187600460851
1205 1206 -1.1715459215014674
16 51 1.8366863259896165
16 1206 -0.50154597741397
16 17 1.6128904996631854
51 86 3.283903904168508
51 52 -0.7523407087807585
1206 1171 -0.6579048937877405
1206 1207 -0.8962919711317594
17 52 -0.41665351026875114
17 1207 -0.6275800076206247
17 18 0.11274137593081249
52 87 0.130578870163611
52 53 -0.17052727960672592
1207 1172 0.1102949652049739
1207 1208 1.0835053829999273
18 53 -0.6304448359093203
18 1208 -1.110621281198093
18 19 2.3554797765556366
53 88 1.0153582128999128
53 54 -0.575682168669381
1208 1173 0.19863861338765448
1208 1209 0.16232774016086118
19 54 -0.37728370516984727
19 1209 0.626000304018145
19 20 0.7570174123589928
54 89 -1.1027996272777836
54 55 -0.73948955268308
1209 1174 -2.615976561620219
1209 1210 1.3455004245055922
20 55 0.08104046914151575
20 1210 -0.9728599528298003
20 21 2.170719859627855
55 90 1.0212359236910795
55 56 -1.8546888714822984
1210 1175 2.760229977138442
1210 1211 1.256708543771974
21 56 1.0491869386273938
21 1211 -0.5407469198670725
21 22 -1.1337579612004516
56 91 -1.0484068852934318
56 57 -1.272140834480842
1211 1176 0.41959931775606824
1211 1212 0.48704905454583264
22 57 -1.9787581401150327
22 1212 -0.8387227770679003
22 23 0.9734251649019104
57 92 0.024992651144538344
57 58 0.5871319725282848
1212 1177 0.8160447379761574
1212 1213 1.1791011884955074
23 58 -2.627196260441325
23 1213 -0.08285699211570494
23 24 0.5027027051098014
58 93 -1.9128144432277105
58 59 -0.5985304692533355
1213 1178 -0.008787902901274378
1213 1214 -0.5512188165913147
24 59 -0.1580276889225739
24 1214 -1.8725928042569557
24 25 1.1392934773309675
59 94 -0.8894230527486942
59 60 0.014369749470383464
1214 1179 -0.31137158494790024
1214 1215 -1.189307045863553
25 60 -0.594612363544462
25 1215 -0.3775467337720851
25 26 -0.0038027023685597615
60 95 -1.947804851316349
60 61 -1.513970922494216
1215 1180 -0.17642959130541017
1215 1216 -0.1248094746196805
26 61 1.4885631811887436
26 1216 -0.6118179079865295
26 27 2.4539075075329504
61 96 -0.1449143511081114
61 62 -0.6342370295413535
1216 1181 -0.09708802820943588
1216 1217 0.6968292248844113
27 62 -0.5765502541325391
27 1217 -0.9069922585052783
27 28 1.343006079302016
62 97 -0.05093302467989831
62 63 -0.1902550650105218
1217 1182 -1.9525021315026072
1217 1218 0.23409345168285342
28 63 -0.5038412403957363
28 1218 -0.2905343698193576
28 29 -0.46299878663630534
63 98 0.8232443704574147
63 64 1.6342803905959882
1218 1183 -0.4858240525707187
1218 1219 -1.0835885075415526
29 64 -0.22893156226280947
29 1219 -0.019864077627037152
29 30 0.10461240593705304
64 99 -0.22420396942570556
64 65 -0.2621799160945638
1219 1184 -0.7571195615903866
1219 1220 -1.7555511240053263
30 65 -0.38200919714672493
30 1220 0.7622937206960141
30 31 -1.3355885617691718
65 100 1.756568996897399
65 66 0.7552762277635883
1220 1185 1.5327783880044652
1220 1221 -0.11895993787053848
31 66 0.9410709778704268
31 1221 -0.09548341302440207
31 32 0.7562691894438154
66 101 -0.10723073016349355
66 67 -0.6080934672679382
1221 1186 1.4496116834231878
1221 1222 1.7228678196788223
32 67 -0.5876404698572651
32 1222 -0.2407838424428
32 33 0.20993968988437708
67 102 2.0504076992721445
67 68 2.205489604963881
1222 1187 -1.9911166027211502
1222 1223 -1.5093676493951156
33 68 0.12537378980612313
33 1223 0.9042850745145126
33 34 1.7877496010798308
68 103 1.9939488713941351
68 69 -0.6387899780148575
1223 1188 0.3703590100333846
1223 1224 -1.5358345968066807
34 69 1.0338575089324087
34 1224 0.736949369187078
69 104 -1.0102098795237053
69 70 -0.4009059272689815
1224 1189 -0.4606963057122616
1224 1225 1.5388805663920586
70 105 0.023318546198019582
1225 1190 0.5672533075757256
71 106 -0.4878174333930057
71 72 0.23816224755422996
71 105 -0.817608440671118
72 107 0.47953681668108294
72 73 1.7249007628105182
73 108 0.738439476678177
73 74 -0.9632420705848678
74 109 -1.0137135492662723
74 75 -1.1683118453271002
75 110 0.26548032841920677
75 76 -0.5461760004315633
76 111 0.3177338282255492
76 77 -0.262095402190132
77 112 -1.8940468291675878
77 78 1.339066051119055
78 113 -1.473889529002946
78 79 1.0655212297960746
79 114 0.5188909668229431
79 80 -0.42569420878594905
80 115 -0.6920577766927082
80 81 1.8231320126793962
81 116 -1.8399362538725301
81 82 -0.43959856541941333
82 117 -2.1802314440108472
82 83 0.891136500776307
83 118 -0.3561437353613115
83 84 0.35119533329273966
84 119 -0.09432403528036536
84 85 1.4248134405761856
85 120 1.413847835485319
85 86 1.7045041206046676
86 121 0.8913645324900115
86 87 0.28884401395754494
87 122 -0.15679918515593816
87 88 -2.058730122879169
88 123 0.29498741196211237
88 89 1.1602960818279238
89 124 2.084786210940529
89 90 -0.6448503424914243
90 125 0.34935653667581246
90 91 -0.14371319418184839
91 126 0.8850984559604325
91 92 1.654783114528077
92 127 0.29279829787522604
92 93 -0.3599437433165924
93 128 -0.40557995193257407
93 94 -0.7391829229272717
94 129 -0.13175381885039616
94 95 -1.900293040528935
95 130 -0.343632756086677
95 96 -2.483636482628765
96 131 -0.4815797513397071
96 97 -0.330877086771006
97 132 0.8460304051838915
97 98 0.7507495114268105
98 133 0.01677560633431621
98 99 -0.570706919084742
99 134 -0.25665817790614454
99 100 -0.9914199635279398
100 135 0.932162672255431
100 101 0.5938025314901856
101 136 0.8500169802148315
101 102 -0.14857396010045876
102 137 0.8618745705366124
102 103 0.9811406551181309
103 138 0.033628731191911204
103 104 2.0088031142463048
104 139 2.3274262755375883
104 105 -0.2358454015166619
105 140 -0.08542375818613418
106 141 1.20189680360029
106 107 0.2966981431279199
106 140 -1.4056557747299923
107 142 -0.09110524843836458
107 108 -1.2174763404656852
108 143 0.22891445103392596
108 109 0.4909225388679844
109 144 2.340653878144438
109 110 0.1822919646617736
110 145 0.5208587119101126
110 111 -0.7839301211492131
111 146 -1.1390518098533724
111 112 1.1153877742124452
112 147 0.31306747541030217
112 113 -1.228135936579567
113 148 0.46392254097684443
113 114 -1.4560778152770097
114 149 -0.2023156560207303
114 115 -0.21830455673062288
115 150 0.17004536252340796
115 116 -0.10947211139711698
116 151 0.2469410626235939
116 117 0.5723067069540531
117 152 1.7445671005854253
117 118 -1.4122203002897447
118 153 -0.15453660194578117
118 119 -0.36952405929558285
119 154 -0.17699060667457084
119 120 1.3761107410548274
120 155 0.8588251009498322
120 121 -0.5230146182515735
121 156 0.6730353938558755
121 122 -0.19059094375682722
122 157 -0.07999464972344568
122 123 0.9126124357388455
123 158 0.5815647807378329
123 124 -0.36861049631933535
124 159 0.4433082018171204
124 125 -0.10416823937035585
125 160 0.43338678152743765
125 126 0.7333766086347208
126 161 0.1442656723984485
126 127 -1.5831096091685144
127 162 -1.0708784078812643
127 128 -1.144942746641827
128 163 -1.2121539116770008
128 129 -0.24359489930871214
129 164 0.5934952179887413
129 130 -0.47027337939060776
130 165 -0.3637358645382201
130 131 1.1952201247089111
131 166 1.0092867685444211
131 132 0.5316570112857745
132 167 -0.6004504227748649
132 133 -1.2009968844374193
133 168 -0.5355927919983696
133 134 2.083291757822397
134 169 0.40583009663323605
134 135 0.1847810651533536
135 170 0.011496714189841677
135 136 0.3542342366720293
136 171 1.0756722075659937
136 137 0.4120117551252321
137 172 -1.5647920967178004
137 138 0.6040006668786442
138 173 -0.02612557792309199
138 139 -0.3788743908434025
139 174 0.47241437789156443
139 140 -0.8464243916394143
140 175 -0.623174035908913
141 176 -1.9211116118044231
141 142 -0.45290461448334174
141 175 0.5373467104220323
142 177 0.801806513044959
142 143 -0.4870626017726027
143 178 1.535819290880176
143 144 -2.0059446451745324
144 179 0.07476009685778025
144 145 1.2878790182485045
145 180 1.4990781951229872
145 146 -0.015547254163411479
146 181 -0.5331623179437949
146 147 0.27606302626827883
147 182 -0.7628856675506875
147 148 -0.04227613015559073
148 183 0.34454701898250983
148 149 -1.3759526692789779
149 184 -0.9915034951698501
149 150 0.8152268920453021
150 185 -0.13589477991273724
150 151 -1.002955877559352
151 186 0.585950683446275
151 152 -0.9906241718452472
152 187 -0.1823618164071545
152 153 -0.3494938212965612
153 188 0.3464537682705379
153 154 0.46226190635016473
154 189 0.19495593310045883
154 155 0.05369208599073943
155 190 -0.02309575369257864
155 156 -0.2233075738589268
156 191 -1.9060933076527875
156 157 1.1783761290080592
157 192 1.1257664951807171
157 158 1.1335499256490054
158 193 0.9345946026127018
158 159 -0.6924596204493288
159 194 0.6256081513991516
159 160 -1.238877804470958
160 195 2.9848049924301248
160 161 -0.5589048191115067
161 196 -0.759771613673637
161 162 -0.09239630272001373
162 197 -0.2635803092784776
162 163 -2.0963901758655386
163 198 -1.0586140873094445
163 164 2.205871944577597
164 199 -0.24711931925720745
164 165 -0.6857641254318587
165 200 0.30318846432250873
165 166 -0.733895373798734
166 201 0.05984740921675111
166 167 -1.7553089373410848
167 202 -0.05324816409727508
167 168 -0.02861961647640958
168 203 0.11632004377602767
168 169 1.53705538162962
169 204 -0.28967216964774684
169 170 0.4462356121015381
170 205 0.6182087810449771
170 171 0.16854320169854053
171 206 -0.8994297186592092
171 172 1.223703109681641
172 207 -0.022414122863047767
172 173 0.18149836817900475
173 208 -0.8569718086121124
173 174 -0.02520708371369913
174 209 0.7053541618621463
174 175 0.24748054441637185
175 210 0.9089676585813308
176 211 0.17814993183829694
176 177 1.7836582854806367
176 210 0.14492321167321284
177 212 -0.13470864650547426
177 178 0.7872359591735817
178 213 -0.3107878616166788
178 179 -0.8075350063617655
179 214 -0.0004777108501046097
179 180 -0.8326907228980014
180 215 0.7438674420489129
180 181 -0.4691525891587352
181 216 0.9698257086102638
181 182 -0.22060734303414026
182 217 0.7848229811522054
182 183 -0.9430948577033332
183 218 0.6169627241837694
183 184 0.2961298236866863
184 219 0.9252517305995204
184 185 -1.8265156982973916
185 220 1.7254905645558234
185 186 1.9026836741312572
186 221 0.8855125774556611
186 187 0.5764415787062278
187 222 0.9530005727026104
187 188 1.654268234467547
188 223 0.6568346511543879
188 189 1.2889341839421848
189 224 -1.1185798519732981
189 190 -0.7019473174724274
190 225 -0.1895776902576822
190 191 -0.38858255685842424
191 226 0.7157554699408796
191 192 -0.19914152863342693
192 227 -0.23159408139429558
192 193 -0.5162943479260986
193 228 0.8876244430367206
193 194 0.6365653208673552
194 229 1.020802804274935
194 195 -0.662125449725536
195 230 -0.01777337560312147
195 196 0.668167895911262
196 231 0.3204623469645744
196 197 -0.057092522187100966
197 232 0.3731893883284193
197 198 -0.5779888056374269
198 233 -1.3672893023206643
198 199 0.8490692672416857
199 234 -0.5407289379266073
199 200 -1.6243793137930798
200 235 -1.8999602758549305
200 201 -0.6742679534714792
201 236 -1.4210545005838766
201 202 1.9301663871524433
202 237 -1.3332209462602655
202 203 -0.4489544521488975
203 238 1.68102821818328
203 204 0.8937590179317421
204 239 -2.3619646389886384
204 205 0.30409915324078185
205 240 2.2420179877089863
205 206 -1.1580898610359713
206 241 0.574639785808661
206 207 -0.27959449423750926
207 242 -1.5213620051955694
207 208 -0.655153290903808
208 243 1.439837372341982
208 209 0.35084151197721286
209 244 -0.9756607408055811
209 210 0.0060786363180262235
210 245 -1.5959481369640627
211 246 -0.12177207947276887
211 212 0.2598186410552325
211 245 1.300546108051639
212 247 0.5254740385732675
212 213 0.4475218881552627
213 248 -0.6591616549917055
213 214 0.09541779506625152
214 249 1.9683682149358217
214 215 -1.430335888787705
215 250 1.2470501268218712
215 216 -1.301328573145715
216 251 -1.1165244156359497
216 217 -2.5014712617670223
217 252 -2.591405596282733
217 218 1.5484593836437697
218 253 0.9366273312584771
218 219 1.6318064013285896
219 254 0.1169740077845383
219 220 -0.15067810519251312
220 255 -0.7599507741875356
220 221 -0.5675332119942366
221 256 0.026944650175148313
221 222 1.2738892249857343
222 257 -1.0747526418096085
222 223 -0.2901141636047347
223 258 1.2218295028682087
223 224 0.7172679618775137
224 259 -0.12935203981362578
224 225 -1.085528727286453
225 260 0.7998979179548718
225 226 1.7525713636578395
226 261 -0.7072980293562768
226 227 0.5456330161574144
227 262 -0.19314577270349267
227 228 0.9572029161568967
228 263 -0.3494674999912185
228 229 -1.0668263900395276
229 264 -1.3297356607410817
229 230 0.10546234113637182
230 265 -1.5231562952489515
230 231 0.5302725073318473
231 266 -0.05065222891557191
231 232 0.3834422934504624
232 267 -0.7257237896402589
232 233 0.7931987063768546
233 268 -0.1420860672269133
233 234 0.8636376052982937
234 269 -0.13947060254222438
234 235 1.117413124020112
235 270 1.394042864810237
235 236 0.09455269355465308
236 271 1.5455786292053098
236 237 -0.5152984246830589
237 272 0.43057612843313203
237 238 2.476668151138684
238 273 -0.8371678857717666
238 239 -0.9361596203380046
239 274 -0.2578794173830447
239 240 0.8113166761028479
240 275 0.3762771522050255
240 241 -0.9164752505329524
241 276 -1.2463554245137454
241 242 -0.8859067596209973
242 277 1.9466165582145198
242 243 -0.2298123100334342
243 278 -0.5143588664996391
243 244 -0.5140253970831192
244 279 1.0426251439101812
244 245 0.110692174734878
245 280 -0.8828544959333138
246 281 0.7734818343508879
246 247 1.7701448245147091
246 280 0.3840793223768921
247 282 -0.04232289093505724
247 248 -0.440572042994909
248 283 0.7425760608181038
248 249 0.14313475531190653
249 284 -0.5064196714097987
249 250 -0.2178395599947153
250 285 2.7216607551526764
250 251 1.0201731734664552
251 286 0.4060724322922576
251 252 -1.0260397364827145
252 287 0.6062190644366848
252 253 1.6275098375205037
253 288 0.21135259363773065
253 254 0.06147402443466464
254 289 -1.821345211259417
254 255 -3.3317755275184964
255 290 -0.9357721742825561
255 256 -1.4383759453162233
256 291 -0.6126799926181022
256 257 0.3870883235855552
257 292 -1.5030239227525548
257 258 0.3021383010883462
258 293 -0.08246169222729703
258 259 -1.6615555883080257
259 294 -1.1852095811858625
259 260 -0.33610622689833736
260 295 0.05897265608045447
260 261 -1.0014444374658624
261 296 -0.9859167005472932
261 262 -0.08773257023951536
262 297 -0.5527413012636498
262 263 0.19194151035921542
263 298 -2.4723318416066777
263 264 0.1331360370964961
264 299 -2.88180407358928
264 265 0.3865904595259046
265 300 -0.2850211735930399
265 266 -1.1169725214825426
266 301 1.8893446622466625
266 267 0.9060110700484634
267 302 -0.359167633583886
267 268 -2.0334290697404596
268 303 0.9422080196021497
268 269 -1.2545284728811683
269 304 -0.9014222112459142
269 270 -0.6981480882447821
270 305 1.5195026349289946
270 271 -0.6970086320979716
271 306 -0.4180626412883855
271 272 -0.48207336314632304
272 307 -1.1763687912534033
272 273 -2.7392161519806124
273 308 0.1547366899331989
273 274 -0.10359276797833342
274 309 -0.995585715642645
274 275 -0.3219782554705392
275 310 0.7033300946353791
275 276 -0.7277367433679922
276 311 0.1940260320623108
276 277 -0.7603247667240695
277 312 -1.3838571156775854
277 278 -1.3449909560267383
278 313 0.7403158001862915
278 279 1.7798888336929815
279 314 1.1830839878507338
279 280 -1.5251085938317404
280 315 0.2314384948393259
281 316 -1.1843607016802449
281 282 -1.0506163143178555
281 315 0.7602129904462477
282 317 2.186200102671547
282 283 0.6995627967592918
283 318 -0.3193621754050879
283 284 2.0263847650096825
284 319 -0.9249005521570194
284 285 1.162340677894185
285 320 1.7101192999004406
285 286 -0.1489034799864469
286 321 0.0811565222329039
286 287 -0.46814793386202963
287 322 -1.4372238190478681
287 288 -0.9155270415594516
288 323 1.576423935989583
288 289 -0.6492465727384606
289 324 0.1356060016620499
289 290 -0.9996333055793262
290 325 -0.004635574483235282
290 291 1.5293848547272684
291 326 0.7258348864702231
291 292 -2.1198156928072605
292 327 1.1609046620894239
292 293 -0.20070765234933496
293 328 -1.0314176098188608
293 294 1.4167631986120712
294 329 0.287457857739086
294 295 -0.5775314368734858
295 330 -0.8940417803289491
295 296 -1.1156311722312273
296 331 -0.593197202700941
296 297 -0.6458710389394163
297 332 0.587033964941884
297 298 -0.5840979366054702
298 333 1.7271532435402446
298 299 -1.0431815280116394
299 334 -0.13372208136272742
299 300 -0.14441569451271935
300 335 0.5055894106258074
300 301 0.5923129378235262
301 336 1.511565787389308
301 302 -0.22296861444139335
302 337 0.9106642604360577
302 303 -0.2984451870231473
303 338 -0.10652812072072729
303 304 1.4925762595791472
304 339 0.6570153665623787
304 305 -1.153471413226705
305 340 -0.8821743158573396
305 306 0.4235042698865229
306 341 -0.2456723932552466
306 307 -0.8172155113268965
307 342 -0.08266850608557265
307 308 0.2240656237019042
308 343 1.4387446590459883
308 309 0.424502323519145
309 344 -0.2526760891127173
309 310 -0.876858121569353
310 345 2.6179595276474728
310 311 0.9965099863782806
311 346 1.0499310891192444
311 312 0.6072802959320115
312 347 -0.8337252716943581
312 313 -0.4060860602069333
313 348 0.43638961075305605
313 314 -1.5728549064917805
314 349 -0.5114038869841856
314 315 -0.6267729751583643
315 350 1.0034693678470425
316 351 0.8223729317950655
316 317 -0.7461381477490718
316 350 1.1265785193678464
317 352 -0.14033036628145734
317 318 -0.5624303376790745
318 353 0.6610018408181347
318 319 1.1610005129738747
319 354 -0.5071703375584357
319 320 0.7717973463007426
320 355 -0.6004931169427273
320 321 1.0218839484603996
321 356 -1.598519927452562
321 322 -0.7464439086952579
322 357 0.38785155636607854
322 323 1.1310614410686384
323 358 -0.2043070974509216
323 324 -1.9949233899410739
324 359 0.47040749056743353
324 325 -1.542299366379194
325 360 0.35961343805575163
325 326 0.5614380675964095
326 361 -0.16324794351852814
326 327 0.916932652680446
327 362 1.2133146182900296
327 328 -0.5892983549747504
328 363 0.27310878717800896
328 329 -0.3304886030872365
329 364 -0.0046318226448326515
329 330 1.6538343257370234
330 365 1.153857102040982
330 331 0.5340209957491837
331 366 -0.9009629750524942
331 332 -0.17054359939014474
332 367 1.0186307186286303
332 333 0.7934230230875102
333 368 -1.8741483522426434
333 334 -0.6077765140374161
334 369 0.5547691711842877
334 335 0.7715389205188536
335 370 -1.5814118973297608
335 336 -1.5639821833816698
336 371 -0.28418059642830057
336 337 0.05802232495509883
337 372 1.100810953706024
337 338 0.48390461578872707
338 373 -1.4286440963859366
338 339 0.6216558101638284
339 374 -0.4144688311406883
339 340 0.36076924604987537
340 375 0.401388978976741
340 341 1.2859887108290848
341 376 0.24574304275593606
341 342 0.32208651864356774
342 377 1.1074921553536181
342 343 -1.1914745084208784
343 378 -1.4735286465880582
343 344 1.0810959525601374
344 379 -1.7896180579459569
344 345 0.07324739439442404
345 380 1.1556066862416625
345 346 -0.12953266394587423
346 381 0.972246240528992
346 347 0.8122219335290218
347 382 0.5534663631230152
347 348 -0.3354727568378954
348 383 1.5956733928211564
348 349 0.6709412047185579
349 384 -1.9403422504039005
349 350 0.5603834768602406
350 385 0.6402458116749578
351 386 1.125382631021269
351 352 2.1035659293529307
351 385 0.018615525172994175
352 387 0.6361486584408017
352 353 0.32768547629260153
353 388 1.7599839983122527
353 354 -0.22336021099948114
354 389 -0.009174463823751366
354 355 -0.1312972726990408
355 390 2.344193418159286
355 356 0.34170869015934563
356 391 -1.7873040556582658
356 357 -0.46954180371797766
357 392 0.4834652487397159
357 358 -0.8612518544089408
358 393 -0.8351556861482047
358 359 -1.0064362801470634
359 394 -0.8413342435069843
359 360 0.7815751793148108
360 395 0.6060926186420988
360 361 -0.3888159743727358
361 396 -1.7129935661451106
361 362 0.8415299896006092
362 397 -1.195925165219289
362 363 1.0587621190931344
363 398 -1.4620137641439326
363 364 -1.2730933005491456
364 399 -1.0039079467077872
364 365 -0.8266916009064571
365 400 0.11008758646736096
365 366 0.2575632727878466
366 401 -0.3600030794999279
366 367 -0.02318229080242382
367 402 -2.204984144841065
367 368 -0.796850932757513
368 403 -0.33142979704808134
368 369 1.084221049134394
369 404 -0.14592033447564212
369 370 0.7932748268268879
370 405 -0.8219103974092904
370 371 -0.8443835303032989
371 406 -1.137333778348034
371 372 1.0191350213869386
372 407 -0.6929538728165154
372 373 0.5785209870443077
373 408 0.29249106812313275
373 374 -1.0354423539259328
374 409 -0.01606975565714394
374 375 -1.4026256005777449
375 410 0.36908245579466065
375 376 -0.9238370287733146
376 411 0.07093489418946128
376 377 0.09106449194482825
377 412 -1.4408266804919379
377 378 -1.5655006019348974
378 413 0.05808721199346183
378 379 0.31669698970786475
379 414 -1.594395269762257
379 380 1.0467571652020622
380 415 0.0328932122859947
380 381 1.0879817137135823
381 416 -1.4936035195805477
381 382 -0.17052018198765553
382 417 1.163655623794023
382 383 -0.4274415590828215
383 418 -0.4051711600939869
383 384 0.0997635998834452
384 419 -1.6568053472499094
384 385 0.8419093755256609
385 420 1.273036561099364
386 421 0.4631976880396668
386 387 0.23920979517265603
386 420 -1.1312425725502
387 422 1.6827169801899529
387 388 0.4495834515342192
388 423 1.1846402824898916
388 389 0.5307754155158809
389 424 -2.075031760384866
389 390 0.3822168472085381
390 425 0.4522583461938081
390 391 -0.7987268359283084
391 426 0.47442411154844377
391 392 1.094166170608958
392 427 -1.4884512482859238
392 393 -1.4865157762647097
393 428 1.4848564954610004
393 394 -0.5068318584327569
394 429 -0.48822414861940905
394 395 -2.709503855841115
395 430 0.41902092988843476
395 396 0.8195451038411895
396 431 -0.23803191005818358
396 397 -0.5784859203160133
397 432 0.8449783622445476
397 398 -0.3074192175448595
398 433 -0.856781548554712
398 399 -0.6608696869420034
399 434 -2.749301397586755
399 400 -0.5173837471423396
400 435 -3.404663764824369
400 401 -0.2038280512688901
401 436 0.6430857881278852
401 402 0.17038440011512682
402 437 0.3559001823225546
402 403 0.3681590476497862
403 438 -0.888254687022872
403 404 1.3272632255683443
404 439 0.8826539520474932
404 405 1.1974773245781873
405 440 0.3337180219018886
405 406 0.5381867833062465
406 441 -2.334161640126083
406 407 1.3606397423130543
407 442 0.374407899548347
407 408 -0.5898904565174014
408 443 1.4987426727589348
408 409 -0.18275508972329227
409 444 0.8847791223805553
409 410 -0.9031787052762685
410 445 0.43247637821731466
410 411 0.5445879373226752
411 446 -0.9824823940240087
411 412 -0.22957850302568972
412 447 -0.4383564729057657
412 413 0.06998872265920984
413 448 -0.5698090298121804
413 414 0.5602225114701618
414 449 1.366295988276158
414 415 -0.41379369521474796
415 450 -0.6060107317027054
415 416 0.7410194923045621
416 451 0.05694689751262486
416 417 -0.5217037489001867
417 452 1.2249515601951835
417 418 -0.6978667222849332
418 453 -0.8704563530535473
418 419 -0.19715186601928134
419 454 1.953590655698495
419 420 -1.4015862450049463
420 455 1.133849665902873
421 456 0.9090337216185751
421 422 -1.0718005866556735
421 455 1.0444894421420616
422 457 -0.49986358093639643
422 423 -0.05005124022843473
423 458 0.21154068903088727
423 424 0.7837962695216578
424 459 0.6714005768664001
424 425 0.27604883896021404
425 460 -0.05914918986993341
425 426 0.46547375351962084
426 461 1.1295281400058705
426 427 0.34445474995551945
427 462 -0.6934577208426083
427 428 -0.11204121242221475
428 463 -0.13115026360618595
428 429 0.9617820552357264
429 464 0.3038028656117716
429 430 0.6197091566128056
430 465 0.20414170438403742
430 431 0.7329978035639069
431 466 -0.18126512907901468
431 432 0.6774393274735391
432 467 0.663520246768153
432 433 1.7138565462924236
433 468 0.6735889730780982
433 434 0.12807541407221293
434 469 0.4078759472417295
434 435 2.3362991398544355
435 470 -0.7104116841178744
435 436 -1.1156713546520154
436 471 -0.5374756281467129
436 437 0.9442867074687767
437 472 2.310675555566386
437 438 -1.4840249581619493
438 473 1.0277329296658575
438 439 -0.4108863500827767
439 474 0.2212140505093539
439 440 0.04986837437621473
440 475 -1.2100459548145732
440 441 0.6006063158997631
441 476 -1.1387906379572676
441 442 1.378728651351596
442 477 -1.835256245633319
442 443 -0.21860896317053038
443 478 0.6752206291882763
443 444 0.4381392046147747
444 479 0.6748277824458935
444 445 0.2684102728537079
445 480 -0.08247334204098229
445 446 1.8831006954516025
446 481 -2.464828207805457
446 447 -0.0182736322997953
447 482 0.13420689135728406
447 448 0.5241563033985597
448 483 -0.3765750050688015
448 449 1.4730263209408307
449 484 1.616383198414256
449 450 -0.33436582523841046
450 485 1.8275074738902841
450 451 -2.5799802552425395
451 486 -0.6322157224377886
451 452 1.8019511408569462
452 487 2.4072009289098912
452 453 -0.810825920361171
453 488 0.080587508006029
453 454 1.0593033838524974
454 489 0.47549686817481346
454 455 -0.03180618622972994
455 490 0.7778795469166897
456 491 -0.18306506385576296
456 457 -0.46612095564990735
456 490 -1.9933856198531492
457 492 -0.528220434155387
457 458 -1.5189358061177378
458 493 -0.6102357197392537
458 459 -0.49053974099296177
459 494 0.6599272265528421
459 460 -1.0450437600552263
460 495 1.201738618785767
460 461 3.0713684696961208
461 496 1.7913100772648016
461 462 0.3133043605274659
462 497 -2.240057876115382
462 463 -1.3982186278793791
463 498 -0.2575597365972371
463 464 -1.1849377850830112
464 499 -0.4561096494651505
464 465 1.3601600001338632
465 500 0.23696428560849486
465 466 1.7769451086412384
466 501 -0.6221862495039492
466 467 0.4660181684089571
467 502 0.25867756816184445
467 468 -1.8069382106458984
468 503 -0.161715562238487
468 469 -1.2570759246063714
469 504 -0.15197574840611075
469 470 -0.1913589835525078
470 505 -0.07493803807679592
470 471 1.1174154319842324
471 506 0.583097858720834
471 472 -1.1639247254978335
472 507 0.9955297340718233
472 473 0.13450565724095762
473 508 -0.8126913694468146
473 474 1.6512787352325273
474 509 -0.15527169266629898
474 475 -0.28809558562346593
475 510 -0.302769863992485
475 476 0.7579059886675399
476 511 -0.11007139184813679
476 477 1.4158524147153706
477 512 0.14493231559121145
477 478 0.3506077343464546
478 513 0.2730797550454744
478 479 0.2930508508574312
479 514 -0.5181724022844314
479 480 0.2738609312675401
480 515 0.07505182661538334
480 481 -0.1130638893346333
481 516 1.8480901147390973
481 482 -0.5306553299542167
482 517 -0.4405575920680003
482 483 -0.6655740015848987
483 518 -1.697857590086451
483 484 -0.4463974084110295
484 519 -0.8626671321200873
484 485 0.089819451514654
485 520 -0.6110386451318415
485 486 0.05166279674434954
486 521 -1.0539568031514108
486 487 0.7277382392051079
487 522 0.024690878121111978
487 488 -2.070979126364193
488 523 -0.027588514047286707
488 489 1.6537250499618494
489 524 -0.01203016398237346
489 490 -0.5172748758853722
490 525 -2.1103781480328516
491 526 -0.07745525463971795
491 492 -1.0754968426346367
491 525 -1.784072766309528
492 527 -0.1272846817030068
492 493 1.5920946720116365
493 528 1.0281878569241896
493 494 0.25281283687636213
494 529 0.3813161297519605
494 495 -1.2081376000922752
495 530 -0.03609606063468042
495 496 1.2051243442728097
496 531 -0.6950119307248378
496 497 -1.4551690223579363
497 532 0.15476458294290543
497 498 -0.1831623527279104
498 533 -0.12651826125587795
498 499 -0.42840444839039427
499 534 -1.8759442429152764
499 500 -3.374973853667954
500 535 -1.0397076694964893
500 501 -0.756603640351484
501 536 -2.089807895043424
501 502 -0.8450956563806281
502 537 0.09452594603048725
502 503 1.758361107689206
503 538 0.3386236857328209
503 504 1.2349305038687977
504 539 -0.27780033818276745
504 505 -0.9429987467962074
505 540 0.3867466034435839
505 506 0.8914499690575719
506 541 -1.0839519089278684
506 507 2.231990678347525
507 542 0.838946871056251
507 508 0.22097846645051067
508 543 0.8067967765564217
508 509 -0.8110707122646472
509 544 0.004217015670894055
509 510 1.4241849072920778
510 545 -0.9572547460182853
510 511 -0.4452062413349566
511 546 -0.5793583194576509
511 512 0.06132107353369043
512 547 1.4681370388824677
512 513 0.10801987795834854
513 548 -0.30442700422268054
513 514 1.0323468973601175
514 549 2.230379194685639
514 515 0.6933644251936901
515 550 0.6335395557707285
515 516 1.9154071231452314
516 551 -0.863410076603371
516 517 -0.9539117173806189
517 552 0.7935238099060481
517 518 0.39834788038594704
518 553 -0.1740188685821748
518 519 0.8929766976366135
519 554 1.0581455827331818
519 520 -1.0798645056306104
520 555 0.42554858748760727
520 521 0.566821162865085
521 556 -0.37369102411558763
521 522 0.38096896302412986
522 557 -1.2636886543593007
522 523 0.2768227411453583
523 558 -2.2223363813135584
523 524 0.5944854712328472
524 559 1.586824888166245
524 525 1.6546156448730316
525 560 -0.052739197168514294
526 561 0.8551908443450258
526 527 -0.5993952696076273
526 560 -1.308317650231504
527 562 1.5112662843279647
527 528 0.8174605506348416
528 563 -0.5778307668387496
528 529 -0.8294804256109575
529 564 -0.6637711813031781
529 530 0.7014566165314177
530 565 0.11977593553876709
530 531 -1.1681119127381367
531 566 -0.1314101056371466
531 532 2.3397492275845044
532 567 0.08802515917204613
532 533 -0.4598255703113727
533 568 0.1959984235268187
533 534 1.1794748196214884
534 569 -1.036490287446896
534 535 0.24573655115001192
535 570 0.22590141071224304
535 536 -0.3680143530490657
536 571 2.976488488213923
536 537 -0.3230684387908638
537 572 1.677899445214025
537 538 -0.9233802723217612
538 573 1.4189680885347093
538 539 -1.3551015073262855
539 574 1.0945045675489202
539 540 0.8514301166730391
540 575 -0.7441996231242022
540 541 0.140397767145953
541 576 0.21532500872224283
541 542 1.8553855179864325
542 577 -0.3468689832762436
542 543 -1.302851640443573
543 578 2.2298624355880596
543 544 0.3940460125017656
544 579 -0.3117148973064494
544 545 0.27364513853330313
545 580 -0.00485659546332852
545 546 0.865971654249439
546 581 0.5948992011363918
546 547 0.5072653507439655
547 582 -0.1663725370440254
547 548 -1.1354545351501086
548 583 -1.9940060788703844
548 549 0.7173144934466145
549 584 -0.9788266319689541
549 550 0.296927582691473
550 585 -2.1636058154418003
550 551 1.5011536230497715
551 586 0.7397301642835671
551 552 -0.8974312911232288
552 587 -0.2562558051372083
552 553 0.7909470480244332
553 588 0.016586309495710307
553 554 2.2100495571214234
554 589 -0.011021779539854839
554 555 0.41501484260817423
555 590 -0.34566716917433077
555 556 -0.07064807580700637
556 591 -1.0419067166654075
556 557 -1.1297559325916302
557 592 1.275442428926748
557 558 -0.7443166428423073
558 593 -0.06429876449205371
558 559 -0.00932953585839386
559 594 -0.05302117721171568
559 560 0.8314728518274682
560 595 -0.760889651458347
561 596 -0.21840570209043192
561 562 0.30595366974393423
561 595 -0.6076021605376324
562 597 1.392830616810908
562 563 -0.16719079647727336
563 598 -1.5514014042996784
563 564 -1.2049835247201555
564 599 -0.23073323842704413
564 565 -0.23828870714759154
565 600 1.0765060359923795
565 566 -1.028345607261394
566 601 -0.5105640965993816
566 567 -0.8920645323014068
567 602 -0.9039423444934924
567 568 -1.5420186280218353
568 603 -1.570014749061004
568 569 -0.0008227538527661376
569 604 1.1931036037182599
569 570 -0.6821656161852152
570 605 0.1881782247870356
570 571 -0.7578827305516479
571 606 0.40167753439736237
571 572 -0.8356430308933893
572 607 0.038172811405728375
572 573 -0.11530558104984218
573 608 -0.8152269296895394
573 574 -0.7477721803878283
574 609 0.7368202284864093
574 575 1.515481100025542
575 610 0.8814936868862592
575 576 1.195690717568494
576 611 -1.8048631007870906
576 577 -0.30098865164617844
577 612 -0.47321597869407267
577 578 -1.9303144286900136
578 613 -0.7104112471858219
578 579 0.18942830934955743
579 614 1.6188036449088583
579 580 0.36929855698104264
580 615 0.3939844993250004
580 581 -1.6225166149833612
581 616 1.1689906422868812
581 582 0.8274368696586641
582 617 -0.9877222890227995
582 583 0.2801660314637262
583 618 0.5360409421307248
583 584 1.4420346265787278
584 619 -0.05948937735392258
584 585 -0.05713702804758161
585 620 0.9914336719667095
585 586 -0.7532876283563896
586 621 -0.7008786076435104
586 587 1.3659595029964737
587 622 -0.2283199690318727
587 588 0.5298810140800896
588 623 0.45969828369531934
588 589 0.4194042106661658
589 624 -0.37950034944727906
589 590 -0.2852891681906513
590 625 0.04229899988686938
590 591 -0.8829127626289892
591 626 -0.8072297959817886
591 592 -1.7930547165701312
592 627 -1.667875055223041
592 593 0.08487282751262841
593 628 -1.879461720089443
593 594 1.7083399642700139
594 629 -1.1815971943967447
594 595 1.33621472660421
595 630 -0.5040898141124436
596 631 1.1077289681990032
596 597 0.4197169425299345
596 630 -0.24288686183362979
597 632 -1.013430798488495
597 598 -0.7522286395795534
598 633 0.9326108884353804
598 599 2.5064836202501186
599 634 -1.3850797774012806
599 600 -0.3792561235627977
600 635 1.7361785618993004
600 601 0.7591675510964822
601 636 0.9422781121534977
601 602 -0.2512516279998981
602 637 0.6815989374264453
602 603 -0.3702810179563945
603 638 1.1577952201524822
603 604 -1.9184644115843683
604 639 1.2809168933678403
604 605 -0.9065209553464627
605 640 -1.3184045326722096
605 606 -0.2232790156083242
606 641 1.6180027335214433
606 607 -0.02242961217378326
607 642 -1.20705345105448
607 608 -0.5755230337063258
608 643 0.3931105104761129
608 609 0.47038935697960943
609 644 -0.8763885350613716
609 610 1.053235819984686
610 645 -0.004910674276874082
610 611 -1.1264319868528299
611 646 -0.72694280116467
611 612 0.5527250665725557
612 647 0.3853785095198294
612 613 1.137732046817872
613 648 0.4962359630845898
613 614 -1.6375173593880892
614 649 -0.8101249965305136
614 615 0.1987459092647904
615 650 -0.7070539090583515
615 616 1.516275259535752
616 651 0.6168710915460514
616 617 0.2837285076242969
617 652 0.8204651434877333
617 618 -0.625877664198643
618 653 -0.9987943012560915
618 619 -0.8561484399808557
619 654 0.8373868440078063
619 620 0.931203998281557
620 655 -0.9021070593371541
620 621 0.04357332983286054
621 656 1.0847971172956932
621 622 -0.5485403657541732
622 657 1.260474279163188
622 623 0.7526177956103275
623 658 -1.733419035611567
623 624 1.4836157093845495
624 659 -0.5562228711814549
624 625 0.1097240841848368
625 660 -0.2897140964343216
625 626 -2.034271511952253
626 661 0.7266091417871685
626 627 -0.05806862593800737
627 662 -0.15856662870663527
627 628 1.16144300033943
628 663 -0.9429943393619743
628 629 0.9074554799639423
629 664 0.7072265740641902
629 630 -0.15655084236086556
630 665 -0.996578272907471
631 666 -0.6370982584333273
631 632 0.09965866539202732
631 665 0.9250578971555266
632 667 1.9641603069182145
632 633 -1.1075256727731309
633 668 0.7143589796122581
633 634 0.9864826590049824
634 669 1.1872578756086483
634 635 -1.7957283256494951
635 670 -0.0832989259950544
635 636 -0.6286804465178302
636 671 -1.949641541645263
636 637 0.5771980537806517
637 672 1.8930795682713684
637 638 -0.6122969112843337
638 673 0.7364949804604927
638 639 -0.6539095895051719
639 674 2.319028105241892
639 640 -0.2590848500471106
640 675 0.23901389457530178
640 641 2.3599853934198465
641 676 2.6764779147435322
641 642 0.4039826027714896
642 677 -0.3528405664501572
642 643 0.03975306131221483
643 678 0.10906649553199708
643 644 -1.097223728017111
644 679 1.646978084956309
644 645 -2.473972454360998
645 680 0.646904928509495
645 646 -0.7340385214802256
646 681 -0.4261520586557663
646 647 0.13597732868781784
647 682 -0.25909103853904475
647 648 -1.6839185942136905
648 683 1.3632478134930899
648 649 -1.067460304422359
649 684 0.11407378999649069
649 650 -0.8227850179221871
650 685 0.28244879701543735
650 651 1.103237057542068
651 686 0.35287255489455654
651 652 -1.3209062376311407
652 687 0.008058822214293052
652 653 -0.7983470507883187
653 688 -1.2240253185473993
653 654 -0.054622873935948085
654 689 -0.02473928435892778
654 655 -0.4099463664218826
655 690 0.97699711263831
655 656 -1.725575784365744
656 691 -0.25652709846395744
656 657 0.6422850613835431
657 692 1.8549390354187008
657 658 0.7901029357019048
658 693 -0.059960758963653146
658 659 1.0209863229790834
659 694 0.9069666073227264
659 660 -0.6601058100018091
660 695 -0.711264664533067
660 661 0.7089727728331129
661 696 -0.03929753690704376
661 662 -1.099897542841313
662 697 0.3282830818935524
662 663 -1.2137770649722508
663 698 1.221746162700281
663 664 -1.6427797576913852
664 699 -0.3135565648221009
664 665 -0.862396292639
665 700 -1.0295025578253283
666 701 1.0880953110216443
666 667 0.15195439100920674
666 700 -0.962943765258774
667 702 0.3574478783007666
667 668 0.6709865746059925
668 703 0.5296065694271289
668 669 -0.33184233078958253
669 704 0.7940222540389995
669 670 1.4164992184162988
670 705 -0.646863525004031
670 671 0.8835132371340215
671 706 -0.6464123043372969
671 672 -0.001715250311641298
672 707 0.9903666138522845
672 673 -0.4727403107502645
673 708 0.08071334785452698
673 674 0.33080198273176664
674 709 0.9151212092976118
674 675 2.125576827322925
675 710 0.7925199917623884
675 676 0.469695899698249
676 711 -0.6219324732923248
676 677 -0.9346506419752579
677 712 1.4198267580921584
677 678 1.2254681842080892
678 713 1.3117350278264892
678 679 -2.3073909683060725
679 714 -0.3131516164682242
679 680 -0.7839288682410099
680 715 0.08920852504232768
680 681 1.8921910387916907
681 716 -1.5235146907440262
681 682 -0.17809854045138102
682 717 1.0547115298797418
682 683 0.02791753426460204
683 718 -1.7244537396137425
683 684 0.5858562682798943
684 719 -0.8452458220401303
684 685 -1.3157952987205557
685 720 0.7147092703065857
685 686 -0.7970752965197166
686 721 -0.7244961796820389
686 687 -0.6575975027583086
687 722 2.486031215407256
687 688 1.643237123776858
688 723 0.8055879766176804
688 689 -1.6563270064616455
689 724 0.07128619117650957
689 690 1.9776565255241838
690 725 -0.1514631980278076
690 691 -0.14832339475529643
691 726 -1.1373609641184064
691 692 0.018526515438999906
692 727 -0.6170643802255414
692 693 -0.21242981274933506
693 728 -0.08683706848968895
693 694 -1.1814071531354227
694 729 0.6677526600132885
694 695 -1.6281841649921585
695 730 -1.1949908138476812
695 696 0.12652215742856582
696 731 1.8764108489830145
696 697 -0.5249730405775516
697 732 -1.8340024988944803
697 698 1.5089008194633267
698 733 0.548575735848791
698 699 2.2185215814779777
699 734 -0.609498141867163
699 700 -0.612170672646481
700 735 2.125350160125723
701 736 -0.3751576314381856
701 702 1.5382607717695052
701 735 1.596561667809128
702 737 0.7544412185961024
702 703 0.624414430110129
703 738 -0.20723813436735192
703 704 -0.7883782888573224
704 739 -1.4025745854619984
704 705 -1.3254065601812395
705 740 -0.7118238849853685
705 706 -1.5469081707658263
706 741 -0.8515407184074301
706 707 0.31791818392867083
707 742 0.9285075022220108
707 708 1.4601535039069178
708 743 -1.1963945607129132
708 709 -0.7401707229772367
709 744 -0.6079028935712747
709 710 -1.4505656990912998
710 745 2.109058610882963
710 711 0.5553444645636979
711 746 2.133040652177432
711 712 1.2739596171438556
712 747 0.3364902451340854
712 713 -0.9529838832902079
713 748 0.10304884736963066
713 714 -0.6803799428887128
714 749 -0.43401826422594897
714 715 -1.2984017763398614
715 750 1.3401633086852098
715 716 -1.7127101829560485
716 751 -0.42736723658088555
716 717 -0.9449967446723524
717 752 1.0120058866007
717 718 -1.3677586133250592
718 753 0.33517511023226115
718 719 1.7234464883307528
719 754 -1.5861676001619278
719 720 0.3966407732105924
720 755 0.00703767445471431
720 721 0.4294102969864941
721 756 0.9613016585100901
721 722 0.3077486358951994
722 757 -1.4361517211951693
722 723 -0.2506629948110906
723 758 0.22916820693148748
723 724 0.5104523513264614
724 759 -1.3539485691949023
724 725 -1.0791919643060643
725 760 1.4218060117638285
725 726 -0.670254099879935
726 761 0.4929148450361242
726 727 0.4100883364677183
727 762 0.14473588867472753
727 728 0.3469243313018994
728 763 0.28972189397160786
728 729 0.9151583105793967
729 764 -0.43316967490560215
729 730 0.018161691033341795
730 765 -1.207357285563288
730 731 0.9852680838592391
731 766 1.33057362550824
731 732 -1.4592851134041143
732 767 0.9002230495102417
732 733 -1.8036602363650704
733 768 0.14933715147579923
733 734 0.17745604695270983
734 769 1.3669383232913033
734 735 0.038418812791888884
735 770 -1.0221236517923304
736 771 -0.5459807637716353
736 737 -0.7698812469132079
736 770 1.5672954616684847
737 772 -0.31097516177155543
737 738 1.4877007262308632
738 773 0.3966367226852333
738 739 1.011054355660328
739 774 0.35270908962184677
739 740 1.1462405664390352
740 775 2.1124155261329864
740 741 -0.8798744762703345
741 776 -0.0392505593588385
741 742 -0.22558363934950065
742 777 1.1567825914543006
742 743 0.3558286280949842
743 778 0.20728291615492514
743 744 1.0199409172505425
744 779 -0.5214663236928556
744 745 0.33251516899240313
745 780 1.1860913073927664
745 746 1.9859148210782458
746 781 -0.2580882441116052
746 747 0.6953910966393652
747 782 -1.766407207870417
747 748 -0.44165426706396577
748 783 -1.5740709169314038
748 749 -0.1311831595100218
749 784 1.3548653904516355
749 750 -0.6618388686085718
750 785 -0.6245860903862879
750 751 -1.8346827322064887
751 786 1.2638988989029234
751 752 -1.3451794501046346
752 787 0.4338843524984828
752 753 -0.7303496893084821
753 788 -0.1691958039054508
753 754 -0.5016272490047542
754 789 -0.34924422290462953
754 755 1.1931153951314284
755 790 0.2763703261031677
755 756 0.009881742180273326
756 791 0.5659476788629054
756 757 0.5118609189283505
757 792 2.00620732083403
757 758 -1.405523319345827
758 793 1.2579695576018248
758 759 -0.7292696572062531
759 794 -0.032435692564506347
759 760 0.25611621310987354
760 795 -0.5628595214603332
760 761 0.8942619392777226
761 796 -0.13652231579799073
761 762 -1.0199439322369197
762 797 0.6065603126442373
762 763 0.4031091592223067
763 798 -0.7788353588473895
763 764 -1.8265999427049944
764 799 -0.6088247136009941
764 765 0.567167119478233
765 800 -0.8121033324293377
765 766 -0.9513506824705065
766 801 1.3554355629376589
766 767 1.7955550840310646
767 802 -0.5103177289272625
767 768 1.337387414806151
768 803 0.9772240635968499
768 769 0.3674160164665319
769 804 -0.6110521974673757
769 770 0.7572023929165617
770 805 -1.492720786175995
771 806 0.4497368852454596
771 772 2.279690001110517
771 805 0.5343553076353618
772 807 1.4284720912707916
772 773 -0.5554514128427849
773 808 1.6642455840030466
773 774 2.5080986697811505
774 809 -0.156008942299012
774 775 -0.9127159693919438
775 810 0.06044825654154938
775 776 0.1973633846912601
776 811 -1.0952554261525405
776 777 -0.4737187553886282
777 812 -0.41660857490791925
777 778 -0.10554563762240783
778 813 0.3901409819546408
778 779 0.008168271568416778
779 814 -0.75205126166213
779 780 0.15058664836877214
780 815 -0.01158922121131848
780 781 -0.16631550081417099
781 816 0.9599966665110391
781 782 0.5098197257220969
782 817 1.0171352200590271
782 783 -0.7704952305665747
783 818 -0.2232696044440383
783 784 0.8880791060218065
784 819 0.6758519996951476
784 785 0.8284137561448383
785 820 1.705242302862142
785 786 -1.1161059794463681
786 821 1.062428750953432
786 787 0.3926243911990214
787 822 -0.5339727530093037
787 788 1.9265318381254224
788 823 -0.6051655675984013
788 789 -2.0224166895635385
789 824 -0.9093748350178568
789 790 0.6537801112887378
790 825 -0.8572942371961397
790 791 -0.7416080320111319
791 826 -1.3425581304990792
791 792 0.33569864679701317
792 827 -1.0290063700357082
792 793 0.8437763577528823
793 828 0.47249273995211066
793 794 -0.07700502373149203
794 829 1.4125152336144562
794 795 0.11027040101285773
795 830 0.42729089966282635
795 796 0.7049602859471297
796 831 -0.48063146951407304
796 797 0.12152127590944976
797 832 0.2558061373515982
797 798 0.6941121809631529
798 833 -0.07785508609509688
798 799 -1.292826505358096
799 834 -1.069934140050901
799 800 1.288248208483604
800 835 1.2734431170781733
800 801 0.4284153348691646
801 836 0.4075120833072299
801 802 0.5111354214265039
802 837 -0.43552558434490823
802 803 0.8961665189569165
803 838 0.37747346508388985
803 804 0.09119002790393767
804 839 -0.15091992277068997
804 805 0.7109023050374289
805 840 -0.43356174787588947
806 841 0.1301702424419285
806 807 -0.18942692815219758
806 840 0.45349842163044735
807 842 1.5253601555040512
807 808 -0.045057411088339085
808 843 0.9881603145155946
808 809 0.20998963795068548
809 844 -2.4094247537682016
809 810 0.9518607945763204
810 845 0.566217771495579
810 811 -0.4421816613495545
811 846 1.006569301319663
811 812 -1.1882024633287551
812 847 -0.1146671203856874
812 813 -0.940111257402557
813 848 0.005996961680537384
813 814 -0.1875760248382938
814 849 -0.3073627849862378
814 815 -0.5388517293498919
815 850 -2.5354308036761606
815 816 -2.3599697535889477
816 851 -1.4586872997415417
816 817 1.074847525701059
817 852 -0.3162701351576347
817 818 0.0922103544165903
818 853 -0.09822621158409502
818 819 1.071792356199524
819 854 2.5312884701092773
819 820 -1.1728725530143338
820 855 0.7855836764052436
820 821 -0.7924682697488071
821 856 1.5551923778074874
821 822 0.5725060622454348
822 857 -0.7363478298588627
822 823 0.6571377918223791
823 858 0.28085139679674337
823 824 1.4307051038912857
824 859 0.35597780662081846
824 825 -0.8718194209916513
825 860 -1.1245299012003052
825 826 -0.14685098954546766
826 861 0.942295505209955
826 827 1.5317915265091788
827 862 0.4696390188339879
827 828 0.8295489271651028
828 863 2.5469648230829103
828 829 -0.43918415278806944
829 864 0.9262547826495057
829 830 0.5966313985202881
830 865 0.11811508175642423
830 831 0.0644645582161325
831 866 -0.5148088888003022
831 832 -0.07984493376137625
832 867 -1.3783734819802447
832 833 -0.2742248790664201
833 868 -1.3718875674590392
833 834 0.4829159054859871
834 869 -1.2681323991118805
834 835 0.32304802924828263
835 870 -0.223713602745434
835 836 -0.7968286416598168
836 871 -0.5107544638019906
836 837 0.612594386956352
837 872 -3.1696901740400203
837 838 -0.6734903884359829
838 873 0.741367199606049
838 839 -0.24246132281354596
839 874 0.8506963634327727
839 840 0.42381893770867385
840 875 -0.1636558504142582
841 876 0.21091279155158543
841 842 -1.6493236415097672
841 875 0.5250098154204903
842 877 0.8754906310438136
842 843 -0.6202798789412036
843 878 -2.2897371285409887
843 844 1.7050584704358707
844 879 0.6125424813009342
844 845 0.4507424304749974
845 880 -0.7053883704427842
845 846 0.19925311027164525
846 881 -0.007882204001947475
846 847 1.174005170079971
847 882 0.9475077318869
847 848 -0.2289189876575322
848 883 1.6942125377804587
848 849 0.8838804653114861
849 884 0.7698550369280917
849 850 1.5186471843614153
850 885 1.909734183670077
850 851 0.616949494260411
851 886 0.0015490541898842609
851 852 0.8425712329259132
852 887 1.3598824134656082
852 853 0.9210864940181622
853 888 -0.8928472809545319
853 854 -0.7053478506956943
854 889 -0.43135432080002184
854 855 -1.4829768424274845
855 890 0.4964351074867794
855 856 0.745822784606371
856 891 -1.2367766970826615
856 857 -0.4080331268333091
857 892 0.32263258248670434
857 858 0.2634173154337216
858 893 -1.1091714427071115
858 859 0.21927798415030403
859 894 -0.1742324433539131
859 860 0.23124167084265315
860 895 -0.14316402848280524
860 861 -0.4078022842764792
861 896 0.20596221867635842
861 862 0.055005150173578196
862 897 1.679706446184899
862 863 0.8346428347390099
863 898 1.0868322890971875
863 864 -0.009091101023130602
864 899 0.7489468994947935
864 865 0.16133015225237396
865 900 -0.37211106103720687
865 866 0.9777554819056534
866 901 0.12671701663274768
866 867 -0.672123505539763
867 902 0.266942281492564
867 868 -0.05612678232927965
868 903 -0.1796465203707055
868 869 -1.064766343524833
869 904 0.46354937956943776
869 870 -0.02489620618428735
870 905 -0.24129965768684192
870 871 -1.274688653873215
871 906 1.1151427337240978
871 872 0.8633463289931783
872 907 0.6794289664409449
872 873 0.979335074104905
873 908 0.26010187973593385
873 874 -0.14269817920064876
874 909 0.6335614797309895
874 875 -1.7686748903184155
875 910 0.742298767305825
876 911 0.9694887627143942
876 877 1.186716001553
876 910 -0.41464265215896545
877 912 1.1596786821858405
877 878 -0.9775776719756106
878 913 -0.7717667883182291
878 879 0.9240247910181906
879 914 1.1490675412179865
879 880 -1.578028282817431
880 915 -0.9991352446331951
880 881 -0.22875678770114605
881 916 -0.49363878262137195
881 882 2.3846675185802995
882 917 -1.655035172620833
882 883 -0.35276527134992336
883 918 -1.7933400907567791
883 884 -2.73724962160048
884 919 0.07644901466831786
884 885 1.657266205658898
885 920 -1.3356003770331282
885 886 0.26330398774087144
886 921 0.434719637488815
886 887 0.5924633834427581
887 922 -0.16662524971432033
887 888 0.5405468922718224
888 923 0.5443269605343998
888 889 -0.5731819995071963
889 924 -0.07205936450538158
889 890 -0.5678470998822108
890 925 0.36544890713416534
890 891 0.49553260217633016
891 926 -0.18710750562020723
891 892 0.4304835148144152
892 927 -1.0740804768491192
892 893 -0.4474534691800283
893 928 1.8111190235099834
893 894 0.46059347062056777
894 929 -1.1593964304038153
894 895 0.32635556641362545
895 930 -0.32805934981513774
895 896 0.6869540353415715
896 931 -0.25192127012333737
896 897 0.46940547642682584
897 932 1.170351359066764
897 898 -0.7943558566446999
898 933 -1.115969252493889
898 899 -0.08805167990214227
899 934 0.07274686904305122
899 900 -0.5304903955783585
900 935 0.16544827943814516
900 901 0.24363909850126614
901 936 0.06515940751292645
901 902 -0.658158594352906
902 937 0.6670165042335298
902 903 0.5481963704500125
903 938 -1.0461777973622919
903 904 0.26292602492862405
904 939 -0.45610947318018774
904 905 2.251260435176149
905 940 -0.5886906517590104
905 906 0.03874566787925333
906 941 0.34969659804766245
906 907 0.9748934013479121
907 942 0.919289009973028
907 908 -0.714172915277433
908 943 -1.0193434936771217
908 909 -0.6086316806336077
909 944 0.9461539594291605
909 910 0.537061334878844
910 945 0.6286424838616672
911 946 0.9752116109616651
911 912 0.07788374999412513
911 945 -0.1721672179435455
912 947 0.368829580380438
912 913 0.42200828347939795
913 948 0.3781303506788829
913 914 -0.6458499955517939
914 949 1.418594581923932
914 915 -0.15721313269516368
915 950 -0.5536641975787312
915 916 1.2562493969114241
916 951 0.5348872487330565
916 917 1.2809382663150843
917 952 0.2206830936786284
917 918 -0.39420901771990113
918 953 -0.9178894979263995
918 919 0.3194019421699755
919 954 0.06782916011086905
919 920 -0.5398718815563799
920 955 1.1849414660965782
920 921 0.1446444687221275
921 956 -0.24472103047998672
921 922 0.7848285699107557
922 957 -0.033053715524758186
922 923 -1.1291084677362495
923 958 -1.09447042272387
923 924 -0.8382088456719416
924 959 -0.05810527966095473
924 925 2.1598444309794016
925 960 0.03947690126057185
925 926 2.3014003108434697
926 961 0.2438987600499532
926 927 1.4601436665433922
927 962 0.11358017761760135
927 928 1.344848881182192
928 963 -0.7472302221116038
928 929 -0.43226402107455736
929 964 1.3975911832988854
929 930 1.6686447700248157
930 965 0.7256517474106741
930 931 -0.03114331350975011
931 966 -0.32576470227967785
931 932 1.080100347043997
932 967 0.6649142420609226
932 933 0.8659199364511959
933 968 -0.7209009895795958
933 934 1.6942880395125826
934 969 -0.06751151419424331
934 935 0.4416503530445504
935 970 -0.5349252464593541
935 936 -1.0366870636434589
936 971 -1.6167230247461584
936 937 -1.2399721160717436
937 972 -1.343762234437748
937 938 0.22414779608531793
938 973 -1.6176571737088228
938 939 0.8029508658457952
939 974 1.2337289554264161
939 940 0.6186341943955138
940 975 1.2552608493196848
940 941 -0.28729550495234313
941 976 1.3856773750485203
941 942 0.002480776059949222
942 977 -0.40225895921691734
942 943 0.8632747958038989
943 978 2.4796156727545418
943 944 0.40529572501433436
944 979 -0.19548401243706004
944 945 -0.33671752511083797
945 980 -0.22377353242681688
946 981 1.5239573586164585
946 947 0.2867381166582892
946 980 0.7763998116017305
947 982 -0.6929183413580733
947 948 0.1851668682535917
948 983 -1.2882948979139544
948 949 0.196098853229714
949 984 -0.25555008148039493
949 950 -0.5341469903775852
950 985 -0.8438093261517104
950 951 1.1549107906840563
951 986 1.9769400878907188
951 952 0.12375760746138467
952 987 0.5693816427159482
952 953 -0.42701205229264544
953 988 -1.0833537732279432
953 954 -0.5202462408378786
954 989 -0.44032418009373764
954 955 -1.096396660103188
955 990 -0.7443047031764893
955 956 0.05225866693445491
956 991 1.000457246688793
956 957 1.4460684842235743
957 992 -0.39546516722019714
957 958 -1.2867251679282925
958 993 -1.3364174581136872
958 959 1.434931308108148
959 994 0.07207184653244042
959 960 -1.675828352358093
960 995 -1.0957587760909804
960 961 -0.8369009894427866
961 996 0.0745471269614953
961 962 -1.003649642154458
962 997 1.2118252979401336
962 963 2.2206308700712327
963 998 1.1058616430495978
963 964 1.543362407934289
964 999 -0.041080968976033666
964 965 -0.26189073756872894
965 1000 -0.45099221099671477
965 966 0.5697976881197425
966 1001 -0.35347258878647064
966 967 -0.25337511217321423
967 1002 -0.880926334715002
967 968 2.636075888985999
968 1003 0.7407723529551545
968 969 0.12287684964955713
969 1004 0.6374448554331374
969 970 1.8996722289948695
970 1005 -1.0246133238338464
970 971 1.6554266897290908
971 1006 -0.385420461512518
971 972 0.19114426599483056
972 1007 0.07278699602106198
972 973 0.9178760529941182
973 1008 -1.2656198725513095
973 974 0.8288200063665341
974 1009 -0.5190053797558994
974 975 1.0018262780746225
975 1010 -0.9863876607188916
975 976 0.4650068385423042
976 1011 -0.7251164727568017
976 977 0.8224731519803492
977 1012 1.3982940036214682
977 978 -0.7218716990248526
978 1013 -0.698413751263956
978 979 -2.481558100746535
979 1014 -0.7583273451703622
979 980 -0.5808229777851796
980 1015 0.5057829281832629
981 1016 -1.6538602156691224
981 982 -0.6619515044902318
981 1015 -0.894181975441771
982 1017 -1.4685307105397138
982 983 -0.9261751989260009
983 1018 0.21051117765319208
983 984 -1.2017363319552168
984 1019 0.012791591167010318
984 985 0.4091222038693975
985 1020 1.9658818750296885
985 986 1.1977137376938085
986 1021 1.2524576991919232
986 987 0.47957807536895164
987 1022 0.037181741457306204
987 988 -1.2451103675274011
988 1023 -0.20689795342377262
988 989 1.474631862260101
989 1024 0.5424685701986149
989 990 1.5900426358108346
990 1025 -1.5991866279921294
990 991 0.16447869467872306
991 1026 1.3029850296994554
991 992 -0.5306522270827735
992 1027 0.510261074982082
992 993 -0.908179165132284
993 1028 0.4971391326813683
993 994 -1.9089786173653234
994 1029 0.8763871810945018
994 995 0.771945016001128
995 1030 -0.8399607070975532
995 996 1.9904586553867978
996 1031 -0.8390276441798866
996 997 -1.314218252292664
997 1032 -0.5413161019231687
997 998 -0.04673427609858018
998 1033 -0.15366605162531718
998 999 -0.13582677057030895
999 1034 -1.2390168383547906
999 1000 -0.509961832452676
1000 1035 0.12988706367145605
1000 1001 -2.076591075746603
1001 1036 1.6326545647277861
1001 1002 -0.3974667516655366
1002 1037 0.15063055861486113
1002 1003 -0.708540787497215
1003 1038 1.3714760994279773
1003 1004 0.6208639660700942
1004 1039 1.1387947759912842
1004 1005 0.07568225192298125
1005 1040 -1.334132277625127
1005 1006 0.7160410646319522
1006 1041 1.7356961904887405
1006 1007 -0.007397875552604571
1007 1042 0.3402955950470059
1007 1008 -0.20490648184978022
1008 1043 0.5396823777967316
1008 1009 -1.0934287295105938
1009 1044 -0.12353534086594051
1009 1010 -0.36050531869101
1010 1045 -0.9348269236157225
1010 1011 0.07098035045957099
1011 1046 -0.7764308893664894
1011 1012 0.9382917547657044
1012 1047 -0.35683972990481544
1012 1013 0.22419683932124848
1013 1048 -1.4445128473428317
1013 1014 1.6185189941725033
1014 1049 0.4448983401575761
1014 1015 -0.7685146129700119
1015 1050 0.792764373177604
1016 1051 1.170479130244196
1016 1017 0.4393432591617086
1016 1050 0.07427789154908841
1017 1052 1.1807314689564983
1017 1018 -0.0008917911441541917
1018 1053 -0.14858841701936498
1018 1019 -1.505468230090672
1019 1054 -0.4677775561787976
1019 1020 0.11074876307959869
1020 1055 1.3303661684359722
1020 1021 1.6886985385448183
1021 1056 -0.8783074197341928
1021 1022 0.0925052283769546
1022 1057 1.8060605322445236
1022 1023 -0.2154233585259967
1023 1058 2.1403291408094094
1023 1024 -1.0302954649858433
1024 1059 -0.81962456318415
1024 1025 0.9325266919278541
1025 1060 0.08244307728381313
1025 1026 2.08897018037011
1026 1061 0.059099867346647614
1026 1027 -0.24191033409467447
1027 1062 -0.07269599388496051
1027 1028 -1.0578809317897175
1028 1063 -0.9947711903581974
1028 1029 -0.8214537717433189
1029 1064 1.3613379575604383
1029 1030 0.0822508010789299
1030 1065 0.5893907144224384
1030 1031 1.7052068645392549
1031 1066 0.29999557362519524
1031 1032 0.8980525852486194
1032 1067 -0.3937896712457491
1032 1033 0.5239543307953987
1033 1068 0.2740972164319936
1033 1034 0.9983146749093944
1034 1069 -1.145188070819353
1034 1035 -0.5684284589074104
1035 1070 -0.1744693824153363
1035 1036 1.1199158256576935
1036 1071 -0.6464830235269794
1036 1037 0.4812994482646184
1037 1072 -0.6856631416268003
1037 1038 0.8437190309531946
1038 1073 0.6642566448570576
1038 1039 -0.08737545209650187
1039 1074 -3.3073402389244633
1039 1040 -0.1419295233930053
1040 1075 1.9431844512684184
1040 1041 0.5820426697693459
1041 1076 -1.1379610310049801
1041 1042 -2.1627171629094484
1042 1077 -0.2223286689457633
1042 1043 -1.8633174798094096
1043 1078 -1.4616845481526186
1043 1044 0.32251071922250363
1044 1079 -0.5562458511476112
1044 1045 -0.6068076193536172
1045 1080 -0.7056783432807198
1045 1046 -0.5444816459208881
1046 1081 0.3364272778143836
1046 1047 -0.9300365879935873
1047 1082 0.6178786246957044
1047 1048 -0.9564120555598825
1048 1083 -0.44472330081946554
1048 1049 1.099957917010523
1049 1084 -1.624776437064693
1049 1050 0.423651157949063
1050 1085 0.028017551115546793
1051 1086 -0.8356739856749222
1051 1052 0.7549418353484776
1051 1085 -0.934992552396069
1052 1087 -0.03651306598985879
1052 1053 1.6436680849073764
1053 1088 -1.2698070335501812
1053 1054 0.7590706090863908
1054 1089 0.7331307382851197
1054 1055 1.0539262703617513
1055 1090 -0.7237785656552685
1055 1056 -0.26599470265696573
1056 1091 0.6861040149535755
1056 1057 -0.8378448463947759
1057 1092 -1.3952325316849283
1057 1058 0.40060335998521485
1058 1093 -0.5883090404348956
1058 1059 -0.2846180232806312
1059 1094 1.5800200246327065
1059 1060 -0.6552493119264179
1060 1095 -0.08061335394964164
1060 1061 -0.7639496865677641
1061 1096 -0.5202901613705289
1061 1062 0.8113759475369544
1062 1097 0.8531580576047059
1062 1063 -1.1979075076537076
1063 1098 0.23559093327815997
1063 1064 0.25498008237920416
1064 1099 -0.45107739440519934
1064 1065 0.2650819593560456
1065 1100 0.18301712015731197
1065 1066 -0.60952574169111
1066 1101 -1.2279665958207178
1066 1067 0.42138494225653833
1067 1102 -0.20781332445576042
1067 1068 0.8895319921948303
1068 1103 -0.4885161760392718
1068 1069 0.23366905721188125
1069 1104 0.6008162603555072
1069 1070 0.07956808176424365
1070 1105 -0.6770127194857729
1070 1071 -1.9173423973457338
1071 1106 0.6824177384655487
1071 1072 -1.2731250801705523
1072 1107 -0.9874694487705241
1072 1073 0.34601448231463844
1073 1108 0.102653899468648
1073 1074 1.2022932063478273
1074 1109 -2.180937824423279
1074 1075 0.1624753859652056
1075 1110 -0.2997976477920163
1075 1076 -1.417954565348005
1076 1111 -1.0175407710457982
1076 1077 1.5531548888224347
1077 1112 -1.1450434998364734
1077 1078 0.20316001620046345
1078 1113 1.4245399906878118
1078 1079 -1.1307066736124847
1079 1114 -0.8079103827239253
1079 1080 -1.1546903963796449
1080 1115 -0.48539472230568426
1080 1081 -0.6501125198201158
1081 1116 -1.3101907590972102
1081 1082 1.5073248961018364
1082 1117 -0.3458361766419551
1082 1083 -1.4633309021352416
1083 1118 -0.24044985757127288
1083 1084 -1.2065459799058806
1084 1119 0.2317655994182618
1084 1085 -0.19778142175833222
1085 1120 0.0660357583026923
1086 1121 -0.2573617102197875
1086 1087 0.06227294970174626
1086 1120 0.8706222921020597
1087 1122 -0.7674321732859367
1087 1088 -1.3163707032739986
1088 1123 -0.393766382564993
1088 1089 -0.49814179883394333
1089 1124 1.0812680319823809
1089 1090 0.5317628737816485
1090 1125 1.7033335250209845
1090 1091 0.2621843963431257
1091 1126 1.4112651038070765
1091 1092 2.10962418604507
1092 1127 0.3351253783597436
1092 1093 -1.7991561029872576
1093 1128 -1.346722334011828
1093 1094 0.7237531807410477
1094 1129 0.6997017348463864
1094 1095 -0.9473641853915967
1095 1130 0.33745573298315845
1095 1096 0.5815840289746417
1096 1131 -0.024929649095008093
1096 1097 -0.03482423078179954
1097 1132 -1.4241589613831107
1097 1098 -1.4408475019997764
1098 1133 -1.308046538638353
1098 1099 0.47747238363438504
1099 1134 0.5598226640414012
1099 1100 0.33224438152089225
1100 1135 -2.011526547679918
1100 1101 -0.05130007281657227
1101 1136 -0.48171170070478525
1101 1102 0.13777698943217184
1102 1137 -0.8409321849864714
1102 1103 0.3431901826427713
1103 1138 0.31248007119904947
1103 1104 -0.48493702634993224
1104 1139 -0.04145321664619167
1104 1105 0.8286212214080664
1105 1140 0.9506010309737254
1105 1106 0.004553754427669581
1106 1141 -0.34741663220420854
1106 1107 0.6105156435163234
1107 1142 2.871397204904934
1107 1108 -2.1127382514858786
1108 1143 -0.9191255800427388
1108 1109 1.0900483026798358
1109 1144 -1.0803136368465212
1109 1110 0.1225989072506379
1110 1145 0.4587641561830301
1110 1111 -0.2528528927506241
1111 1146 0.4865347901519657
1111 1112 -0.42422019139278644
1112 1147 0.08153386550544049
1112 1113 1.202106044897267
1113 1148 -0.26396002243959293
1113 1114 1.0783598861771109
1114 1149 0.04866024427670009
1114 1115 0.8173976174749449
1115 1150 -0.44981902819438857
1115 1116 0.7834834479388116
1116 1151 -1.4671408622135111
1116 1117 1.412426014428336
1117 1152 -0.3356741304142282
1117 1118 1.2579825260026183
1118 1153 -1.1973564169073587
1118 1119 1.1970675736972425
1119 1154 0.39538010908232
1119 1120 0.8246813120151302
1120 1155 -1.3052194810924653
1121 1156 0.15716792247812403
1121 1122 0.5880717665853468
1121 1155 -1.6717690846718887
1122 1157 -0.6346114634406244
1122 1123 -0.4474482518283396
1123 1158 -0.4950948456325215
1123 1124 0.18638639843068777
1124 1159 1.1050731594299577
1124 1125 2.2570070076264748
1125 1160 0.33458039745782425
1125 1126 0.8157457140461539
1126 1161 -2.7367183631956964
1126 1127 -0.5844816964727141
1127 1162 0.7755691918161114
1127 1128 -0.08476142671838148
1128 1163 1.071159735863543
1128 1129 0.9705721811206294
1129 1164 0.19029646995128774
1129 1130 -0.9592335527723196
1130 1165 -0.5905748162876276
1130 1131 0.011687092417822764
1131 1166 1.2155918037483189
1131 1132 1.3490310264292802
1132 1167 -0.4370597627660646
1132 1133 -0.4877449750408822
1133 1168 0.19360808164923374
1133 1134 1.191068270176357
1134 1169 -0.010607949950260131
1134 1135 -0.7721397231432028
1135 1170 -0.19182467845399548
1135 1136 -1.403461427949133
1136 1171 -1.9427708011658258
1136 1137 -2.430403856137708
1137 1172 -0.15477219303632211
1137 1138 -0.1221352819013276
1138 1173 -0.9205588619367744
1138 1139 0.7432697923014197
1139 1174 0.603120462280422
1139 1140 0.4637598650196472
1140 1175 -0.5552616441569133
1140 1141 -0.6702884683086298
1141 1176 -1.7257095709308599
1141 1142 0.24715633838756762
1142 1177 0.3391533160614972
1142 1143 0.28128882126112803
1143 1178 1.6434500917603057
1143 1144 0.33830755137951357
1144 1179 0.721177721205217
1144 1145 0.4638307746746613
1145 1180 0.9713063747674331
1145 1146 0.9609529490912875
1146 1181 1.550319856146141
1146 1147 -1.0791005688008695
1147 1182 -1.2099737239912058
1147 1148 0.5797081497516602
1148 1183 1.6090816225405382
1148 1149 0.07704439063243898
1149 1184 -0.04536555627348898
1149 1150 -2.459177658242381
1150 1185 0.049346315223009966
1150 1151 1.274592932984367
1151 1186 2.2025248217623616
1151 1152 -0.07999138819891213
1152 1187 -0.14887618750881862
1152 1153 2.6565390770097066
1153 1188 0.2918749999948828
1153 1154 0.07219054488911864
1154 1189 -1.1577794802296362
1154 1155 -0.015451143467482553
1155 1190 -0.11572979047746543
1156 1157 -0.08965534066900133
1156 1190 1.4676278374530198
1157 1158 0.3166821138340125
1158 1159 0.19608640332120283
1159 1160 -0.7171451341331327
1160 1161 -0.3501008134971617
1161 1162 1.0691353429720605
1162 1163 -0.897278371093902
1163 1164 -0.17962085209079443
1164 1165 0.26288876007647893
1165 1166 -0.15723032684672708
1166 1167 -0.5143334499634468
1167 1168 -0.6873952454368041
1168 1169 0.6139967892837108
1169 1170 0.3634854690541299
1170 1171 -1.7570015814908557
1171 1172 0.4679612265432799
1172 1173 -0.0011904736239296571
1173 1174 -0.13553257084184642
1174 1175 0.7080756768154034
1175 1176 0.12019505639986577
1176 1177 -0.5157364757270999
1177 1178 -0.7351599451627443
1178 1179 -1.2022712161731886
1179 1180 -0.7128516449302266
1180 1181 1.3067037765641885
1181 1182 -1.4554454973838675
1182 1183 1.0532656073509132
1183 1184 0.48953348751710674
1184 1185 0.17134591892949388
1185 1186 0.7881358915705926
1186 1187 0.20903747475287293
1187 1188 0.0791361997590313
1188 1189 0.21565817385783295
1189 1190 0.3601097377659504
