1225 2450
1 36 -0.17190752654553246
1 1191 -0.03631677357721377
1 2 0.37901839754940964
1 35 0.442655567590967
36 71 0.14653864266630173
36 37 -0.5466837668360713
36 70 0.5492968484712747
1191 1156 2.1098959157768515
1191 1192 0.9397968704812366
1191 1225 0.27918200154540923
2 37 -0.18790692507032594
2 1192 -0.4178571908382522
2 3 -0.9886058501616722
35 34 0.3072326623855863
35 70 1.2229660974400482
35 1225 -0.03270980416046708
37 72 0.39753028549296765
37 38 -1.0944302850588228
1192 1157 2.1267728785266597
1192 1193 0.831509441593647
3 38 1.745998965914205
3 1193 -0.7697438213618992
3 4 -0.4179805070651646
38 73 0.24808309335823378
38 39 0.061452413204789086
1193 1158 -0.830644903791747
1193 1194 1.8072410457670367
4 39 1.0880532049028795
4 1194 0.21012601071832546
4 5 -0.9136185657738113
39 74 -0.9383931971073065
39 40 0.23111423329758707
1194 1159 -0.24442912303052453
1194 1195 -0.9774849403233369
5 40 0.7609227908536365
5 1195 1.6440240775997221
5 6 -0.023396780920525013
40 75 0.755011460899778
40 41 -1.0977705726223757
1195 1160 -0.6724324774569366
1195 1196 -0.8461514567598706
6 41 -0.5441406822409411
6 1196 1.0230858298977135
6 7 1.001987145132804
41 76 0.29499849281331536
41 42 0.07063790542289113
1196 1161 2.4204561109909704
1196 1197 -0.6456522792399678
7 42 -1.1987428079628724
7 1197 -0.3407589545072603
7 8 -0.6520233256435465
42 77 0.20713461967846114
42 43 -0.01771250589903614
1197 1162 -2.3216551495506756
1197 1198 -0.755497350302219
8 43 -1.2106952081065947
8 1198 0.7845800672758796
8 9 -1.578588284085818
43 78 -1.3618809492578103
43 44 -1.5317328283328824
1198 1163 1.9868001171923446
1198 1199 0.6729177901762391
9 44 -0.056700849066652556
9 1199 0.8204719256755904
9 10 1.5881853960095624
44 79 -1.263931842519993
44 45 0.26721544993764446
1199 1164 1.946449828784644
1199 1200 -0.1821859303540853
10 45 0.5873444529324687
10 1200 0.4032337832328409
10 11 -0.3773789137029798
45 80 0.40662647603492075
45 46 -1.3095627311389393
1200 1165 -0.1390983727039126
1200 1201 -1.084088617021305
11 46 -0.4278913505365577
11 1201 1.335120642897613
11 12 0.20200671867925654
46 81 0.8954534391196524
46 47 -2.000350982497421
1201 1166 -0.6795131833259156
1201 1202 -0.1333032483361151
12 47 1.0000190799554323
12 1202 1.024608257348422
12 13 0.286253489350429
47 82 0.09037536078144848
47 48 0.18981820332580462
1202 1167 0.7220825371727667
1202 1203 2.228820980810673
13 48 -0.9011006057232351
13 1203 -0.5387248612538706
13 14 -0.8525613962234617
48 83 0.06905145416449801
48 49 0.9235521629507704
1203 1168 -0.01470581519842335
1203 1204 0.19110553489744625
14 49 -0.7414987060926659
14 1204 -0.42361394167683974
14 15 -0.3266502327115567
49 84 -0.5420581315858607
49 50 0.6125016635383086
1204 1169 -1.7237814361590116
1204 1205 1.9238789518823725
15 50 0.4895752953780915
15 1205 -0.7069398874915352
15 16 -0.3378586245844587
50 85 -1.242842347758973
50 51 -0.6093206559610574
1205 1170 -0.693959803889887
1205 1206 -1.2292195085603543
16 51 -0.34283927355157434
16 1206 1.35118586486938
16 17 -0.39875721902882105
51 86 1.1938152781179592
51 52 1.708977648672638
1206 1171 0.5723834989669894
1206 1207 1.980764569362745
17 52 0.8580161244571314
17 1207 0.9284078580274765
17 18 -0.24053417804164268
52 87 0.2975927649244511
52 53 -0.9374993690326254
1207 1172 2.1857755984021763
1207 1208 -1.4656101172721392
18 53 -0.5088328713083332
18 1208 -0.7556619350485578
18 19 0.45885463301137197
53 88 -0.7530943920756863
53 54 1.564397078067961
1208 1173 -0.16945312642317198
1208 1209 0.9233377562984281
19 54 1.9580144656378171
19 1209 1.2175535194188958
19 20 0.3707896138261757
54 89 -0.4967933068888534
54 55 0.23400350328635952
1209 1174 -1.193656914683285
1209 1210 -1.119236228689787
20 55 0.41674441161700376
20 1210 0.8492817973846614
20 21 -0.1518916784735513
55 90 -1.6451672341167398
55 56 1.7195002488009947
1210 1175 0.3988678224791253
1210 1211 -0.5301146915138
21 56 -0.7964385340262162
21 1211 0.4325786502167723
21 22 -0.6427547488684946
56 91 -0.8566162930979091
56 57 0.7990848768175083
1211 1176 1.724276981181881
1211 1212 0.3148787822590449
22 57 -0.4930668191568302
22 1212 -2.072389235665026
22 23 1.4343636977207643
57 92 1.082113614593824
57 58 -1.0239062439319822
1212 1177 -1.1583738037146116
1212 1213 0.44985068206452516
23 58 0.7555547275601423
23 1213 -0.15037997394588987
23 24 -1.3693965070528058
58 93 -0.1658450597763767
58 59 -1.0344740132473895
1213 1178 -0.6880489975666668
1213 1214 -0.04564222236004503
24 59 0.1716594471016207
24 1214 -1.126979132507341
24 25 1.485613571858133
59 94 0.93101780500127
59 60 0.5437010251210679
1214 1179 0.36221066664563384
1214 1215 -0.33977162091400104
25 60 -0.731943530681265
25 1215 -0.4395907982564961
25 26 -0.6755573921998549
60 95 -0.4488488549572464
60 61 -2.183232708128553
1215 1180 -0.44405130946897253
1215 1216 1.84097153478291
26 61 -0.7566559202432628
26 1216 1.15754543537641
26 27 1.551278716120533
61 96 -0.2975987800196505
61 62 -0.24169840444857738
1216 1181 0.4152755507373396
1216 1217 0.5740849404576421
27 62 1.389307600642044
27 1217 -1.2541142543635462
27 28 -2.302259253908859
62 97 -0.1288003883842352
62 63 -0.0628611561968918
1217 1182 -0.3949575813447168
1217 1218 0.28046096340211896
28 63 1.830326789000019
28 1218 1.089356136246627
28 29 1.7963563236297801
63 98 0.05181757612891499
63 64 0.3301107890921823
1218 1183 -0.31874405542096595
1218 1219 0.13629906082221932
29 64 -0.2516326326868735
29 1219 -0.6163188509936761
29 30 -1.019290592091032
64 99 -0.23561027049879726
64 65 -0.9026273367638691
1219 1184 1.5929076786882386
1219 1220 -1.6229019009808372
30 65 0.06798887712619985
30 1220 -0.02950975789826392
30 31 -0.8810796330064885
65 100 -1.4811334393841478
65 66 0.13081463453664616
1220 1185 1.096023552793161
1220 1221 0.1760662156555235
31 66 -0.7055114641223381
31 1221 1.8944624060119288
31 32 -1.0137024405281112
66 101 -0.2719887294328985
66 67 0.15176702721290375
1221 1186 -1.0883093479325756
1221 1222 0.15320541656898334
32 67 -0.14988794479885337
32 1222 -0.43494447941733516
32 33 -0.79304148498452
67 102 -0.6250216446543643
67 68 -0.4929932166631525
1222 1187 0.9723303920084201
1222 1223 0.052610781684591615
33 68 -1.2266194031015916
33 1223 -0.16189928267523845
33 34 0.672130333353237
68 103 -2.2204679048733458
68 69 0.8799082482590155
1223 1188 -0.3893757705711394
1223 1224 -0.7247478669232209
34 69 -1.5123823641221041
34 1224 0.38120766454895155
69 104 0.3857042883039375
69 70 1.436369143418453
1224 1189 0.6867945413176829
1224 1225 -0.35129573576323897
70 105 -0.6128587442360537
1225 1190 2.5023588890307673
71 106 -0.6330112064833686
71 72 -0.5402407205234458
71 105 -1.660202536313247
72 107 -1.3290854611908745
72 73 -0.1548805199972946
73 108 0.8407851850903986
73 74 0.15910083559468424
74 109 1.0317111171982722
74 75 0.1837880800019205
75 110 2.7252509971932963
75 76 -0.15596916002747582
76 111 -0.5192165485262842
76 77 0.08013549599827699
77 112 -0.639607294818818
77 78 -0.7458560670446609
78 113 0.48305588120370796
78 79 -0.45282063306699794
79 114 0.9824261648280779
79 80 0.4417764118630066
80 115 -0.17326337779055137
80 81 -2.0347641472741214
81 116 -1.1045664532229311
81 82 0.17863900362494528
82 117 -1.7322278696265572
82 83 0.5440646880572024
83 118 -0.5124654440327896
83 84 -0.2846739908807461
84 119 1.3120301909985914
84 85 -2.0276786041302004
85 120 -0.3507448272798467
85 86 0.2221937869826695
86 121 0.3029228668288984
86 87 0.2243474194734677
87 122 -0.5377785359725987
87 88 -1.675881127813878
88 123 -1.6391895046170197
88 89 -0.9280659807607216
89 124 -0.2697246809864771
89 90 0.8214437855868632
90 125 0.27487628875889486
90 91 0.32561870079575916
91 126 0.2022443472498819
91 92 0.16401012405096424
92 127 -0.15049815048816634
92 93 -0.0009981584355648564
93 128 -1.6261277800361693
93 94 -0.1312921095058708
94 129 0.3841631530282068
94 95 -1.5507586905953894
95 130 -1.382330336939597
95 96 -0.8214596357852628
96 131 1.5460436412478344
96 97 0.8605452230658647
97 132 -0.8490399065936954
97 98 1.9447399192378463
98 133 0.552017438704414
98 99 -1.2473791196612452
99 134 -0.20766876087366803
99 100 0.077416642548372
100 135 1.1312207271343997
100 101 -0.8534417741025914
101 136 1.0627966849713713
101 102 0.38361391647899823
102 137 0.24711202314338582
102 103 -1.0879145000151969
103 138 -0.03579966317136148
103 104 1.0839074409572802
104 139 1.9542195629672587
104 105 -1.1121045792623945
105 140 -0.9657270770698265
106 141 0.45173047800891875
106 107 0.09100773942261671
106 140 0.04286525013802942
107 142 0.4907108556843257
107 108 0.1455775100677511
108 143 -0.42581213072932317
108 109 2.568469339490739
109 144 1.9801913706034437
109 110 0.7537374841420961
110 145 1.1639481705541095
110 111 0.10811853226825588
111 146 -0.2894224823287899
111 112 -0.3006309649010238
112 147 -0.15130168508761418
112 113 -0.43358859502375036
113 148 -0.585024257086116
113 114 -0.06104193427027055
114 149 -0.9578368645029213
114 115 -0.15075495423069343
115 150 0.08842549027954488
115 116 -0.5709354820965297
116 151 -0.6746692212238782
116 117 0.24816934174003977
117 152 0.4096833147706124
117 118 -0.11984863626828018
118 153 -0.0016994571484673885
118 119 0.5859316292436229
119 154 1.4838766042296414
119 120 0.9729805363082938
120 155 0.012278519050420062
120 121 -0.17448225156708747
121 156 -0.16278743363268075
121 122 -0.5187468349641432
122 157 -2.33018240747716
122 123 -0.9040872872389127
123 158 0.09858013029915304
123 124 1.6632788333705315
124 159 -0.8451399435917538
124 125 -2.782293362584341
125 160 0.15895634940460854
125 126 -0.6941261640768536
126 161 -1.6586680655732717
126 127 2.0577333314056467
127 162 -0.6081613590684
127 128 -0.5137772759427589
128 163 -0.5102893407674263
128 129 -0.7329076096330118
129 164 -0.37104339629772415
129 130 -0.5563808901137304
130 165 1.2167119851200658
130 131 0.01785726845007833
131 166 1.3852816383468218
131 132 -0.41496946156570086
132 167 -2.5986010168183467
132 133 2.8216832478309106
133 168 -1.136837350252888
133 134 -0.11428709185705065
134 169 0.2597774634899799
134 135 -0.06169521151640726
135 170 -0.5618021725666277
135 136 1.7811375962121458
136 171 -0.32774601653123886
136 137 0.38608219653631326
137 172 1.5987806656607975
137 138 -1.2029933261174015
138 173 2.2426362620853513
138 139 -0.6345401769610989
139 174 -0.22503346077367245
139 140 1.0729889020331485
140 175 0.45230954014586267
141 176 0.7435279330672206
141 142 -0.5002938360820957
141 175 -0.20842927356826832
142 177 -1.5033146725950899
142 143 -0.8144837790316188
143 178 0.916435048901697
143 144 -0.11878697522344779
144 179 -0.5660920387119719
144 145 -0.15323963364357596
145 180 1.9252569713700267
145 146 -0.8537750625162688
146 181 -1.9119038294074702
146 147 0.019955982163953643
147 182 -0.2578552734953801
147 148 -1.5519793493753222
148 183 -0.2851161211609124
148 149 1.010773144867491
149 184 -0.26812735057669085
149 150 0.36088174939171214
150 185 -0.37263192929399663
150 151 -1.8816312173890997
151 186 -0.8963152456561952
151 152 -0.6504385004154152
152 187 0.9949743476866145
152 153 1.6549370271257118
153 188 -1.1854229912909053
153 154 -2.0206691520665214
154 189 -0.1428833403487145
154 155 -0.7765514156047624
155 190 -0.1465325648431328
155 156 0.34982145167705664
156 191 0.6148281410452064
156 157 -1.4561837131972135
157 192 -0.11620120011940821
157 158 1.7877671862055466
158 193 0.4679167558789747
158 159 0.44688495369779385
159 194 0.3664712394196598
159 160 1.4927828389545141
160 195 -0.9315636897845111
160 161 -0.31032598475311945
161 196 -0.6272139069538561
161 162 2.42839196013635
162 197 -0.29599274812297344
162 163 -1.08639782784441
163 198 1.3043772732577956
163 164 2.2007154111002145
164 199 0.8159156079834368
164 165 -0.7215318757058041
165 200 0.5646442789212569
165 166 -0.3696333804512045
166 201 -0.7015083332338354
166 167 -0.08265021701960222
167 202 0.3363595032287474
167 168 0.8345387960338022
168 203 3.01686886353465
168 169 -0.33976639442927165
169 204 -1.1323519567339257
169 170 -0.4439575468100134
170 205 0.2997064692206574
170 171 0.4886292038756887
171 206 0.48626589366007156
171 172 -1.1463371896579981
172 207 0.2792409236066447
172 173 -0.062124271166561607
173 208 -1.0835290967426356
173 174 -0.5698868260957379
174 209 1.5563834641550824
174 175 -0.16170523666367728
175 210 2.0039992313403574
176 211 1.1342141454726187
176 177 -0.44144185331373803
176 210 -0.9813568188580007
177 212 0.7681986860749812
177 178 -0.3433582627924086
178 213 -0.7160121307031845
178 179 1.942893893237315
179 214 -0.24181434071041913
179 180 0.8079869970915005
180 215 0.744335627969677
180 181 0.21016746058774807
181 216 0.0388154537365701
181 182 0.09619353981958506
182 217 -0.8039984585038127
182 183 -0.5202012300043675
183 218 0.26008270722398985
183 184 0.5022881300662443
184 219 -0.6738873332911322
184 185 0.8061505625454801
185 220 -1.0294394710160963
185 186 -0.11896971845139159
186 221 0.028100553927412973
186 187 -1.3406774000266741
187 222 0.39788972477367934
187 188 0.08048199124867612
188 223 -1.2345839452563372
188 189 1.3357434870979819
189 224 0.21544447777724995
189 190 -0.7116703557743635
190 225 0.9795298859759399
190 191 -0.2871374622619554
191 226 -1.0854486314274463
191 192 0.7982617729759677
192 227 -0.2784246013353586
192 193 0.25069899528884243
193 228 0.22580259610148828
193 194 -0.23015438080874726
194 229 0.5360115474550331
194 195 1.44217111279439
195 230 0.20531107135304005
195 196 0.3126596602131091
196 231 1.9023302503245254
196 197 0.4848181995417872
197 232 -0.8383123105838282
197 198 0.8028319694006915
198 233 1.6882098895625584
198 199 -0.6143021249762396
199 234 1.6617983687791282
199 200 1.0584535277905642
200 235 0.4127642910827555
200 201 1.0188994313384823
201 236 0.16469749571656547
201 202 0.41891000569964415
202 237 -0.03357018561710245
202 203 -0.20109987034252502
203 238 -0.25319795660878724
203 204 -0.009244953323750714
204 239 -1.6671859204528048
204 205 0.8570879079276966
205 240 -2.5605341411808653
205 206 -0.1498915539754447
206 241 0.5693423881606788
206 207 0.3095990992246495
207 242 0.9532716322311855
207 208 1.3471683013883495
208 243 0.9149314598857661
208 209 0.049715101849816964
209 244 1.1959265336723173
209 210 -1.523656575551989
210 245 -0.6028498115930034
211 246 -0.7912115228279327
211 212 -0.730810423551153
211 245 -1.3028538210416525
212 247 0.04009141700260677
212 213 -0.346548348496618
213 248 2.0346965475452934
213 214 -1.0531015775490964
214 249 -1.2744360154272507
214 215 1.1094983291130016
215 250 -0.2698255045985782
215 216 0.22731607935303136
216 251 0.7402077791580395
216 217 -0.8083491139018607
217 252 1.2579014639030497
217 218 -0.487056090860593
218 253 0.49132820285730683
218 219 1.4882191840636083
219 254 1.9266480956792895
219 220 -1.4198066416671293
220 255 -1.6714384593942304
220 221 -0.35076583831301594
221 256 0.8704411676198605
221 222 2.0781241226060168
222 257 0.803700539338149
222 223 -0.5623545651967827
223 258 -0.12349516161142396
223 224 0.758324567470986
224 259 -0.4271675026285176
224 225 3.5380438198626263
225 260 0.019699033447887277
225 226 -2.8690072365759334
226 261 0.04906949579580986
226 227 0.765955025139468
227 262 -1.2746288947421647
227 228 -1.0071047260024848
228 263 0.24667646877745245
228 229 -0.5662025355110896
229 264 1.3491299328896258
229 230 -1.7612499982363405
230 265 -0.7747708349799242
230 231 -1.559198362140821
231 266 0.6757821509778509
231 232 -0.3313778307644761
232 267 -0.44120989731774973
232 233 -1.0079285504216233
233 268 0.7051700915295306
233 234 0.46328414879181923
234 269 0.20577791980327903
234 235 0.7891453284655415
235 270 -1.4065652771402422
235 236 -2.1384718204787845
236 271 -0.7849325402970794
236 237 -0.7247214425872764
237 272 -0.12968239969234396
237 238 -0.7858841500013721
238 273 0.4135594861800164
238 239 1.8261759612194388
239 274 0.9379634808611185
239 240 -0.8072300730557044
240 275 0.22799992570979732
240 241 -0.7391484903880563
241 276 -1.495991525612831
241 242 0.8193296591897451
242 277 0.030748670507688418
242 243 -0.24674556139294734
243 278 -1.2954377591587718
243 244 1.4069323750049496
244 279 -1.429109952143173
244 245 -0.20287713789279352
245 280 0.6155822294363208
246 281 -1.2624089891585577
246 247 -2.023925011552614
246 280 1.0336559622113783
247 282 -2.811734622666156
247 248 -0.44473435503103065
248 283 -0.7817132442146149
248 249 -0.5000357382116546
249 284 1.003078980911085
249 250 -0.9983717243804663
250 285 1.177357749899164
250 251 -0.45503357771537517
251 286 0.3200902037542697
251 252 0.10517593884543378
252 287 0.6441038192704562
252 253 -0.9852341569462139
253 288 2.0013775250827592
253 254 -0.9187368330108393
254 289 -0.937239294273189
254 255 0.570583289807844
255 290 -0.2727001418140913
255 256 -0.1447556391508439
256 291 -0.26218949081874543
256 257 -0.12712187218249393
257 292 -1.9622841409926561
257 258 0.2830532806815528
258 293 -1.9749201755461057
258 259 0.9204943434701442
259 294 -0.5343406831197997
259 260 -1.0205592774470902
260 295 0.9074138383786529
260 261 0.16807066791695657
261 296 -0.4780251730410339
261 262 0.820690633943517
262 297 -0.12329237170203983
262 263 -2.3008550201016966
263 298 1.182410280082957
263 264 0.5815596204982193
264 299 -1.4291528026551248
264 265 -0.03228918685842182
265 300 0.6418111881003922
265 266 1.2198309566657708
266 301 0.2996360523762972
266 267 0.6728276833689462
267 302 0.029644893572396757
267 268 -0.3055527687320007
268 303 0.9261823853177651
268 269 1.581909410167181
269 304 -1.8330669230994519
269 270 -1.4575312951521266
270 305 -0.9426161515816105
270 271 0.798566241493858
271 306 -0.00019928888922536245
271 272 -0.7578797733345493
272 307 -2.4124041429393777
272 273 -0.6432610470614398
273 308 2.1430362294372767
273 274 1.4446003242091479
274 309 1.6677738608458335
274 275 0.951696244289627
275 310 -0.007259158701847766
275 276 -0.7711520885949864
276 311 -0.04839242779455434
276 277 -0.9454262245133489
277 312 -0.6042440869168247
277 278 0.25794435241421615
278 313 1.211686347856309
278 279 -2.5892538074590736
279 314 0.04789600831436232
279 280 1.5418215422822463
280 315 -0.20829412829962107
281 316 0.765899000813008
281 282 -1.0244551584299257
281 315 0.06536707621270343
282 317 0.7029790473250421
282 283 -0.17128143254682557
283 318 -1.1925670012134597
283 284 0.28846927654375254
284 319 1.3128205685620309
284 285 -1.0303381728137304
285 320 0.403566878690735
285 286 0.37049695678850153
286 321 0.9644746694909568
286 287 0.04613102702518578
287 322 -0.8548899100931859
287 288 1.2506296746693113
288 323 0.966187468788276
288 289 -2.1434370481915104
289 324 -0.9951830846246034
289 290 0.6528070558399683
290 325 -0.24700666797517432
290 291 0.5411903969867932
291 326 0.3031924606477754
291 292 -0.9572951023758508
292 327 -0.45697888768668543
292 293 -0.5902600164098485
293 328 0.3027530492634879
293 294 0.1620490042102647
294 329 -0.46183074855912465
294 295 0.6886736821979978
295 330 -0.04700834956834205
295 296 0.31368269789040987
296 331 0.8508577864935841
296 297 0.21438474781363637
297 332 -0.8667952518300552
297 298 0.9962678258347484
298 333 -0.9925068146852584
298 299 -0.16051780521600242
299 334 0.4503214462136988
299 300 -1.0106328403825384
300 335 -0.4044294623205656
300 301 -0.3080169838121198
301 336 0.06483207439174249
301 302 1.7899240894919064
302 337 1.1535330386237035
302 303 -1.311781086426271
303 338 0.9880294456326735
303 304 1.1012767216714505
304 339 0.8741342676907841
304 305 0.6883934652939724
305 340 0.10174527541869453
305 306 1.5988184250771014
306 341 0.2890935264115051
306 307 0.43663989734919995
307 342 0.5836963392517149
307 308 0.19555623755284257
308 343 -1.2725910627816432
308 309 -1.8363733958277264
309 344 2.2163633319009093
309 310 -0.7475016782953593
310 345 0.16977327776893775
310 311 1.3627261546167528
311 346 0.14522260148724936
311 312 1.3353524540062407
312 347 -1.3489309087375791
312 313 0.11774861028294091
313 348 -0.5917622721575769
313 314 1.9585920939413808
314 349 -2.5894937191936225
314 315 -0.2937289185540655
315 350 0.5423606551037773
316 351 -1.6832836737204748
316 317 0.13722155416413018
316 350 -0.38085788726869896
317 352 -0.9274740052116308
317 318 -0.07450534318861059
318 353 -0.09840636401009663
318 319 0.24433416944529593
319 354 0.5700025203674749
319 320 0.019160989875468257
320 355 -0.5838306113766749
320 321 -0.11679342246342518
321 356 0.1533705625285871
321 322 -1.3427921051676885
322 357 -0.155482983165566
322 323 -1.3908125143750947
323 358 -0.6928892810731028
323 324 -1.424186689289716
324 359 -0.7138760477582813
324 325 0.39424602700655803
325 360 0.3722348448894133
325 326 -0.5321710922913023
326 361 -1.8255563734320246
326 327 0.2107331505170637
327 362 -1.6766569144400334
327 328 0.511626979028144
328 363 -0.244545819686546
328 329 0.09738398126292246
329 364 1.4079150733771506
329 330 -0.7033932220514404
330 365 0.18717522817599827
330 331 1.3420585723792207
331 366 0.04925109674275476
331 332 0.32023138946046237
332 367 -0.1471359200897471
332 333 -1.4704552149121173
333 368 1.146551146337553
333 334 -0.7057811138829089
334 369 -1.501912635434023
334 335 -1.4726830805390998
335 370 -0.6685883213659738
335 336 0.212320025368636
336 371 0.5454750605183428
336 337 -2.863568816711822
337 372 -1.081994059097252
337 338 -0.12111076931601483
338 373 0.6386870886541922
338 339 1.1445978282767428
339 374 0.1456587670465028
339 340 -1.1162333003017082
340 375 0.3205696454511831
340 341 -0.70858975489076
341 376 0.22316774178289928
341 342 1.9059319266901318
342 377 1.1355399590761621
342 343 -0.04553853388081939
343 378 -0.4480122470836039
343 344 0.834103977648721
344 379 0.09551014757635605
344 345 2.161495746945211
345 380 0.21465645784175835
345 346 -0.036618905779200385
346 381 -1.9950799697639547
346 347 -1.7924180493839341
347 382 -1.5031632733335312
347 348 -1.2345199188592497
348 383 1.1952798378741094
348 349 0.3649029686907018
349 384 0.9372137337002596
349 350 -0.4764118880270742
350 385 0.3154831574353268
351 386 0.03395613251499292
351 352 1.1293563870284848
351 385 -3.0284481798034237
352 387 0.045967754845878006
352 353 0.30370625198953216
353 388 1.754786031345292
353 354 0.7976474931775054
354 389 -1.1265856557053953
354 355 0.40661384853960897
355 390 -2.4069915828958974
355 356 0.011941919945434783
356 391 0.9718284888737951
356 357 -0.28004063555831615
357 392 0.3676987527130511
357 358 -0.5333031344699869
358 393 -0.09166194157614822
358 359 0.14731211508109732
359 394 0.5224223429639987
359 360 2.00975130147637
360 395 0.7692108513846597
360 361 -0.22405257414257213
361 396 -0.5464447478094299
361 362 0.049759357328858424
362 397 0.02077502315960193
362 363 -0.377713718163843
363 398 0.8849357852202224
363 364 0.8278067817839851
364 399 1.767171432707233
364 365 0.129908484405903
365 400 -1.7412459573347396
365 366 -2.122682074441722
366 401 0.21140172977980495
366 367 -0.1271590551097056
367 402 -1.633909054972276
367 368 0.9635692105810876
368 403 -0.0683961103033033
368 369 -0.2024055795820322
369 404 -1.5136231278640055
369 370 -1.1116051593452387
370 405 1.1302777662321275
370 371 -0.21542351673741694
371 406 0.4924837360876958
371 372 -0.6842338326882997
372 407 1.6693098628865437
372 373 0.8249864972892054
373 408 0.4598327179175702
373 374 0.011923699612792537
374 409 -0.18475544967111449
374 375 1.7130544496036004
375 410 2.237368254060217
375 376 -0.9622511602964736
376 411 0.652224301908014
376 377 -1.191756351312472
377 412 0.3404328268506344
377 378 -0.8110266850400873
378 413 -0.5246329152817567
378 379 -0.38314237547363533
379 414 1.2643188972915194
379 380 -1.9315499697962313
380 415 0.5235071150412052
380 381 0.32924858031216564
381 416 -0.7035790000689028
381 382 -0.32097609828620194
382 417 -0.9790728610769532
382 383 1.331680264378717
383 418 -0.5757439620833509
383 384 0.0687370773974386
384 419 0.41531518661333944
384 385 1.2224808630470823
385 420 -1.6285608201050665
386 421 -0.3180940695727293
386 387 0.24533229080839203
386 420 1.153201349655225
387 422 1.2578856447434579
387 388 1.856995971375831
388 423 -0.19532265033791585
388 389 -0.6742358161700488
389 424 -0.7155333411957517
389 390 0.6817706483171782
390 425 0.9763629078143032
390 391 -0.7280272944080038
391 426 -2.5663216465467076
391 392 -0.10700171767262515
392 427 -0.23099654267379996
392 393 0.005534995927078541
393 428 1.6970696507443563
393 394 2.613740155812991
394 429 -0.679915279825607
394 395 -0.24173677732078014
395 430 0.7532914248791973
395 396 -2.0020150923681728
396 431 -0.1258342785351548
396 397 0.7398343587676788
397 432 -1.2996226373295254
397 398 0.8309912825100068
398 433 -0.6155956714581869
398 399 -0.9876304849963286
399 434 1.0862306430963748
399 400 1.289877654525013
400 435 -1.4290206963693686
400 401 -1.0150574810144455
401 436 1.090630152333999
401 402 0.2386271922477945
402 437 0.3178884424697587
402 403 1.1472829783984515
403 438 0.5067341034907606
403 404 1.105950599697929
404 439 1.7317539256635395
404 405 -0.046601240003799435
405 440 2.549143537511979
405 406 -1.099404058990321
406 441 -2.4051362339878954
406 407 -0.4462101537668477
407 442 -0.8538157646121903
407 408 -1.0119405173825162
408 443 -1.4610390070540453
408 409 2.221239577257127
409 444 0.4790127714826821
409 410 0.21760556337190837
410 445 -0.9014009146884385
410 411 -0.035929719291773375
411 446 0.6755464190210716
411 412 0.5600956683090912
412 447 0.5359830138573628
412 413 -1.077773317060678
413 448 1.0413737071513094
413 414 0.5635841353223319
414 449 0.2597617578379805
414 415 0.8747905772112168
415 450 0.27487935971639893
415 416 -0.28888607873465333
416 451 0.3022422112408083
416 417 0.23637341734469994
417 452 -1.1486502583596276
417 418 1.2075590457180387
418 453 -0.24852146908532355
418 419 -0.9948779645071965
419 454 -0.8531061974805818
419 420 0.6193993745844503
420 455 2.4527781440703658
421 456 1.9135677289362294
421 422 1.3143246369222876
421 455 0.30667864142429285
422 457 1.0077271956572669
422 423 0.8367015690658992
423 458 0.8041118827882571
423 424 1.5955062088474057
424 459 -0.7261672701942041
424 425 -0.35628966810984714
425 460 -1.1340949773395652
425 426 -0.12581601906113912
426 461 1.5751164267427253
426 427 -1.6865316123716196
427 462 0.7011041835912074
427 428 -0.6065023659590473
428 463 -0.47226056586992476
428 429 0.16953110250385944
429 464 -0.04738330563064905
429 430 -1.0907014324436468
430 465 1.6573748983116927
430 431 0.4866050556357611
431 466 -1.2682353537458055
431 432 0.7573313983820039
432 467 0.9063904374689875
432 433 -1.1766153051258252
433 468 0.9556358004232591
433 434 -0.16188642553587623
434 469 -1.2962405689225796
434 435 -1.5826156105735274
435 470 1.056984586102434
435 436 -0.8381399183738231
436 471 -0.3157349493684624
436 437 -0.02414811988987323
437 472 -1.0801955498422804
437 438 0.9203480002138152
438 473 2.8926474821877837
438 439 -0.11368135507997053
439 474 -0.2965149122184094
439 440 -0.2418579544767917
440 475 0.23949757615463585
440 441 -0.44564424309419715
441 476 -0.8756152308556483
441 442 -0.9824579149511108
442 477 1.2934148300601622
442 443 0.21392525238164936
443 478 -1.4225884371254554
443 444 0.027737867835475608
444 479 -1.3986826842171378
444 445 1.6610283263324555
445 480 -1.67595613909738
445 446 -0.8005775305604734
446 481 -0.6427925358140454
446 447 -1.2209096998902658
447 482 0.947540043516402
447 448 -0.7026887974188801
448 483 0.13436964028569698
448 449 -1.2851342132694195
449 484 0.385122371552177
449 450 -0.0884820863300295
450 485 -0.4639079062345246
450 451 0.9837848454976871
451 486 0.4034933472973079
451 452 0.9096768735905424
452 487 1.9856158598581617
452 453 1.795496452802993
453 488 -2.2382041898912406
453 454 -0.5048757550642582
454 489 1.9918222928422806
454 455 1.4130215942130258
455 490 -1.7876129664657199
456 491 0.3530787148945878
456 457 0.6125764428344284
456 490 0.4696023961624928
457 492 0.7137038901178684
457 458 -2.0973829365460976
458 493 -1.253300991517852
458 459 0.7847683298404461
459 494 0.8488886745927874
459 460 0.35094809712098324
460 495 0.11661511464860308
460 461 -0.4042218898027163
461 496 1.4498453876230069
461 462 0.6239986840756198
462 497 -0.08231954950116235
462 463 -0.6789148393732073
463 498 -0.8741946619180749
463 464 -0.12247747155648465
464 499 -0.722474446123824
464 465 1.2534336454983264
465 500 -0.7503296402537776
465 466 -0.4062386148177953
466 501 -0.46278494023747374
466 467 -1.7382565282536828
467 502 0.02964421002261131
467 468 -0.04397774919915028
468 503 0.25339444611104667
468 469 0.04182824648704983
469 504 0.11310299110552512
469 470 0.8214579556492142
470 505 0.06506065070102797
470 471 -0.5752323495927077
471 506 -0.414964739997469
471 472 -0.2396222444034642
472 507 -0.036651926826764075
472 473 -1.3365738776028062
473 508 -1.0161505257368375
473 474 0.2149844273043356
474 509 -0.2659781251912037
474 475 0.556560119994897
475 510 -0.9332151433487753
475 476 -0.7322139693502079
476 511 -1.590086901343069
476 477 -1.1606752077491238
477 512 -0.355717506496127
477 478 0.04843769605447422
478 513 -0.5434767221440092
478 479 -0.22623860213514804
479 514 -1.2435591756107385
479 480 0.9708518046964025
480 515 -0.7844489417097832
480 481 1.3598542697021694
481 516 -0.274635896985584
481 482 1.3885036047636348
482 517 0.2538523546173864
482 483 -0.07507977120343327
483 518 -0.23578942834381936
483 484 -0.4243270195330051
484 519 -0.0013198232240449353
484 485 0.45138957366012367
485 520 -0.8367802331043545
485 486 -0.17781625083578426
486 521 -1.0590970130334578
486 487 0.2773532395965544
487 522 1.1111615793321539
487 488 -0.055753668537343516
488 523 1.2480192990269803
488 489 -0.20724727248230537
489 524 0.7631389318794054
489 490 1.5728292883583712
490 525 -0.7977487082592813
491 526 1.0664078374826949
491 492 -0.9206526808994567
491 525 0.14569575307807012
492 527 2.2060000419377577
492 493 -2.0994801635717395
493 528 0.5851520353887412
493 494 1.038469609467982
494 529 -1.4282891481575637
494 495 1.134897097040232
495 530 0.5333581172658867
495 496 -0.48563551017571194
496 531 -0.32387441166528325
496 497 -0.26500544468130083
497 532 0.5674284295977269
497 498 0.36243151960110076
498 533 -0.4692558302115089
498 499 0.04931643240338713
499 534 -1.2728259224206053
499 500 1.7682147537247237
500 535 0.9264302856474838
500 501 -1.2175254928062722
501 536 0.5482517293021241
501 502 0.23357696069357692
502 537 -0.08983945781082363
502 503 0.18165697916637732
503 538 0.48131255534244816
503 504 0.7941789693869125
504 539 -0.8560320485909094
504 505 1.5616711142952568
505 540 -1.040037206573135
505 506 -0.533156421274112
506 541 -1.0237032771487478
506 507 0.3303978233024114
507 542 0.06549147380452652
507 508 1.5118047706707962
508 543 -0.8983755230282645
508 509 -1.009953088701066
509 544 1.9557201995877085
509 510 -0.44020439207386197
510 545 0.19463295358301325
510 511 -0.31992039473431383
511 546 0.6932040021532139
511 512 0.7030313714562294
512 547 -1.2613657314524145
512 513 1.436863643032095
513 548 -0.27033514219680627
513 514 -0.6629986391688394
514 549 -2.3819075711046116
514 515 -1.2165626620024372
515 550 -0.5819352584212647
515 516 -1.0477780668920047
516 551 -0.5236246349603461
516 517 1.0915795953817318
517 552 -0.7030449966889225
517 518 0.18463410517149775
518 553 -0.09421082111302913
518 519 -1.4332962162226437
519 554 1.4003842788633505
519 520 -0.19439932350296718
520 555 0.45446929386613094
520 521 0.9492173299347983
521 556 0.733013076656689
521 522 0.5863363966269417
522 557 0.5921285091101957
522 523 -0.8294973214097959
523 558 -0.9815174633462764
523 524 -0.3714187558733306
524 559 -0.5731522417386736
524 525 1.412907337463153
525 560 0.9343790032717795
526 561 0.9421330277196525
526 527 -0.1378847030371065
526 560 0.7269231769291742
527 562 2.118028566431464
527 528 0.8630438299281682
528 563 0.32817449979302366
528 529 0.39661654334628066
529 564 0.6863213576133831
529 530 -1.5684941972648438
530 565 0.3130242201637848
530 531 1.6846518690706533
531 566 0.018722005179241157
531 532 0.9389820295372142
532 567 0.6007754142948827
532 533 1.20752363327223
533 568 0.06991433162006837
533 534 -1.063244733730131
534 569 -0.11416930503391484
534 535 1.1255735895779042
535 570 0.9996652319855386
535 536 -1.257847761588045
536 571 -0.9426912184137638
536 537 0.24701171955506074
537 572 0.4057417029197077
537 538 -0.8310691987325937
538 573 -1.4601051210140785
538 539 -1.3408591424190304
539 574 0.03000900768728379
539 540 -1.3564880820050078
540 575 -1.7833948963780377
540 541 -0.9455643664402645
541 576 0.03258267844878494
541 542 2.4713848782433976
542 577 0.9067052616645823
542 543 1.9106708582705405
543 578 0.6206500470663662
543 544 0.6310337197209278
544 579 0.8064277652016296
544 545 0.35667588201508815
545 580 0.32064542872605317
545 546 0.08718951755416948
546 581 -0.6101022182149293
546 547 0.1716711442854211
547 582 -0.47496996724812174
547 548 0.6820990625785651
548 583 0.5322028507301109
548 549 0.4412604137835207
549 584 2.356234881336508
549 550 -1.3607894622538605
550 585 1.5709347511134795
550 551 0.06838292807862442
551 586 1.3346853791987083
551 552 1.465237620535053
552 587 -0.7363591810005689
552 553 -0.19389620993274703
553 588 -1.010423072510207
553 554 -0.9558201569321805
554 589 1.6128889907071482
554 555 0.2265372715585548
555 590 1.2747288784899626
555 556 2.3286691813579443
556 591 0.6373528001650315
556 557 -0.4123579652913995
557 592 1.2840503473406895
557 558 -0.1354349972495518
558 593 0.49373044404417166
558 559 0.5172949944102756
559 594 -1.5151135202137953
559 560 1.2641195096835012
560 595 0.6424080076260986
561 596 1.3466085505889387
561 562 0.6472892599764022
561 595 -0.47962616484602016
562 597 -1.1398729269577805
562 563 -0.5474949425520249
563 598 0.45322437598534243
563 564 0.05445479965137354
564 599 -1.8576098429460437
564 565 0.8957385563611977
565 600 -0.8014068501099152
565 566 -0.7389642148017985
566 601 0.11632858093069191
566 567 1.2927417617762207
567 602 -0.18857286489050754
567 568 0.8728633529846778
568 603 -1.2875693546259193
568 569 -0.27684439719709203
569 604 -1.1592799434835648
569 570 0.1985603442659792
570 605 -1.4080049605822431
570 571 -1.5621340558460552
571 606 0.9632500467805546
571 572 -0.2829850873159702
572 607 -2.0114161740415613
572 573 -0.9362310597341179
573 608 -1.3953072919924903
573 574 -0.5908420107879556
574 609 2.009725963309393
574 575 0.3282758622736453
575 610 1.072103285961821
575 576 0.8821012297304379
576 611 0.5666352495025799
576 577 -1.138745073968516
577 612 1.4699738623133796
577 578 -0.633859908256273
578 613 0.15596371769410317
578 579 0.5182655218172482
579 614 0.8846127986540802
579 580 0.2766241762726243
580 615 1.5341500237265566
580 581 -2.7608479801101717
581 616 1.5621223310371395
581 582 1.2951914222102419
582 617 -1.6072900902279086
582 583 2.2066506388996645
583 618 -0.859756406280402
583 584 0.04722404308004624
584 619 -0.8227633073566164
584 585 -0.6268296486611908
585 620 0.29561308296885114
585 586 -1.9092660388754548
586 621 1.5453238006114545
586 587 -0.5312399744849275
587 622 -0.7663797648919943
587 588 -0.026085689872557553
588 623 0.4134841976169222
588 589 0.689107257887
589 624 -0.2818460209525041
589 590 0.8788559863795911
590 625 0.7204365895447529
590 591 0.5674404349368953
591 626 -1.136255951624244
591 592 -2.2215206778411787
592 627 0.8889164553009297
592 593 0.27902529998884457
593 628 0.896168491014827
593 594 0.6112079770496913
594 629 -0.9499375342620663
594 595 2.06125700746869
595 630 1.241384147162943
596 631 -0.13600719938937955
596 597 0.399337685960474
596 630 -0.35823582548975585
597 632 0.2584241543439376
597 598 0.2625743883479415
598 633 -0.22517142626134704
598 599 0.1113533061048837
599 634 0.10971497441858476
599 600 -0.5564399213778032
600 635 -0.8285023962241678
600 601 -0.12842951083258047
601 636 0.6860707116997709
601 602 -1.2694535075270967
602 637 -0.5734101682614827
602 603 -0.31704647731548286
603 638 -1.6177388176665874
603 604 0.6581183595528235
604 639 0.041495111868826
604 605 0.33857737815760375
605 640 -1.8942617670106827
605 606 -0.9185944046264617
606 641 -1.0265949522056865
606 607 0.6055023381519685
607 642 0.627069472953998
607 608 -1.2877281837844727
608 643 -0.654824034005202
608 609 0.9067560774114642
609 644 -0.39598684239692283
609 610 1.1585907619586389
610 645 -0.0669225415878337
610 611 0.6283753731094331
611 646 0.2922604821387377
611 612 0.09674875146066403
612 647 1.0599387816458488
612 613 -1.0763973217631808
613 648 -0.6369950581306865
613 614 -0.3134862113856648
614 649 -1.4552845780049815
614 615 -0.26124095457536967
615 650 -0.02220346580883044
615 616 -0.36002133948101195
616 651 -1.0619732998832905
616 617 -0.5467472598153097
617 652 0.15296084685977374
617 618 0.2740674038483846
618 653 0.32080883156481754
618 619 0.3812033128482156
619 654 -0.893292899908393
619 620 -0.2165243961148748
620 655 -1.4007009374560524
620 621 0.8150773686819361
621 656 0.7131272884362799
621 622 1.927597735216535
622 657 1.8356916267401742
622 623 -0.9027738741637198
623 658 0.05588551643338955
623 624 -1.994714071487966
624 659 -0.9711129771113327
624 625 -0.0797871081323401
625 660 0.4446790037309093
625 626 -1.0495760950056268
626 661 0.38353417395683814
626 627 1.8227488182660667
627 662 1.3118678415705958
627 628 0.5138874454146671
628 663 -0.01391682813459418
628 629 -0.5403745332316308
629 664 -0.1482359170847367
629 630 1.1406512540863476
630 665 -0.01638756572218019
631 666 1.5465229939997283
631 632 0.7293940009498767
631 665 1.6442767511879344
632 667 -0.49901290801924647
632 633 -0.6204289480892078
633 668 0.4242722246502036
633 634 1.3057552546262134
634 669 0.8658643878130947
634 635 0.5902625836626038
635 670 0.8405283737726643
635 636 0.8942145152767405
636 671 0.29417495086236084
636 637 1.0605169805637826
637 672 -0.03645891523592645
637 638 0.8006472014317533
638 673 0.36061814025238464
638 639 -0.5362854068616949
639 674 -0.831848162139792
639 640 -0.1109635207103156
640 675 1.443211466757466
640 641 -0.4073503629656122
641 676 0.11588530876358849
641 642 0.6764175422499757
642 677 0.746886442340148
642 643 -0.8855226796578227
643 678 -1.1215671415178254
643 644 0.624506000633329
644 679 0.9672781147584872
644 645 0.5924284207006507
645 680 -0.04418602437704866
645 646 0.16855124718955902
646 681 -1.0924706756930356
646 647 1.159527803619665
647 682 -0.8617495593105275
647 648 1.5882444639398816
648 683 2.120173822851555
648 649 -0.5350507355913919
649 684 0.1587464416921437
649 650 -1.8943930399946225
650 685 -1.4748035712488214
650 651 1.0099716095001194
651 686 -0.09035223545088478
651 652 0.130350279289925
652 687 -1.7869699814896913
652 653 -1.1449318053234747
653 688 -2.3086056234666934
653 654 -0.5902596447854002
654 689 -1.1909713562565196
654 655 0.7537198085989113
655 690 2.500379188446344
655 656 -1.2275937415264082
656 691 -0.6141517429908896
656 657 -2.621912123762259
657 692 0.43665498792574686
657 658 0.879819879522312
658 693 -0.33804966649224055
658 659 0.12963657565744513
659 694 -1.631201875393973
659 660 0.9233126699143279
660 695 1.5148867103931454
660 661 -0.2098263418770225
661 696 1.9332997776405985
661 662 2.1257459599161876
662 697 0.9305602603014885
662 663 0.22754830632624942
663 698 1.0118415257414208
663 664 -1.187031995276992
664 699 0.24229838104029014
664 665 -0.6376616304613121
665 700 -0.8127086282057038
666 701 -0.02031469412962531
666 667 -0.34024389239632735
666 700 0.0037534559061599164
667 702 -1.1960055786310853
667 668 -0.40778838806155626
668 703 0.1544699456794401
668 669 1.6700358289291164
669 704 0.2644813380055933
669 670 -0.7125845931059399
670 705 -0.23830786938702875
670 671 -0.3867054959617902
671 706 0.5079992701280158
671 672 0.5089432827633357
672 707 -0.37502142129169114
672 673 0.21876091613989193
673 708 2.055026116040359
673 674 0.0028268821174522937
674 709 1.6148148133156357
674 675 0.5357390097293071
675 710 -0.44051315812568814
675 676 1.0743206725433667
676 711 1.3525274366720295
676 677 0.21545321380112584
677 712 -1.1440653740767832
677 678 2.051129883954961
678 713 -0.33257034053288614
678 679 1.8124561013492664
679 714 -0.45818290842203224
679 680 0.2644152772735778
680 715 0.2636962234245044
680 681 0.2498887823865051
681 716 0.3370503264995515
681 682 0.42952138780593213
682 717 1.188421606105867
682 683 0.470237919805747
683 718 0.5792826748917753
683 684 0.6543775611602844
684 719 0.21287666108394296
684 685 0.6955615709287419
685 720 -0.535409914023719
685 686 0.06478294554924754
686 721 -0.018326479942399807
686 687 0.3085564714885668
687 722 1.5989865555964577
687 688 1.741203579353709
688 723 -0.1385192122333449
688 689 1.187829535680657
689 724 -1.3063824419005066
689 690 -1.5619133113841988
690 725 -0.6429675364355554
690 691 0.07824950372800694
691 726 0.6382537954745068
691 692 0.8510411350991481
692 727 -0.8990351178356243
692 693 -1.113710938647601
693 728 0.8330023696575247
693 694 2.9324431255921275
694 729 -0.36721601208696275
694 695 0.015352721453856613
695 730 -0.2768373051690325
695 696 0.3687678732121308
696 731 -2.5377276485678046
696 697 -1.8191230204470528
697 732 0.3768271881661495
697 698 -1.9778091360405432
698 733 -0.11854160267443914
698 699 0.14436291981506008
699 734 0.871034509874976
699 700 0.5684934438993242
700 735 0.005014289944345858
701 736 -0.6021752077110613
701 702 -0.06361649084625828
701 735 1.5181724526761629
702 737 -1.0783065152037643
702 703 -0.41859944205011573
703 738 0.40295670652167837
703 704 0.1809585649645834
704 739 -0.07773685900984229
704 705 -0.07707884320447624
705 740 0.06102110702424866
705 706 0.7563647071740495
706 741 -0.40189257702560605
706 707 1.4295536099584465
707 742 -0.8081241665471522
707 708 -0.8534044807909691
708 743 -1.8499765373024641
708 709 -0.31463476156548004
709 744 1.005090152619169
709 710 0.3757125415358306
710 745 -0.17250665500698562
710 711 -0.08473603619222485
711 746 0.3080035499374754
711 712 0.8897922984253195
712 747 -1.9115480709087997
712 713 0.5001494519995682
713 748 -0.4121389728798495
713 714 0.2738710819702176
714 749 0.3647105619074628
714 715 0.38240828498872315
715 750 0.4548685833916775
715 716 -1.4702465729952137
716 751 0.3661868714767249
716 717 -0.9389832861571364
717 752 0.579917430299592
717 718 -0.08599686618278227
718 753 -0.5097554110865442
718 719 -1.3546199058014228
719 754 0.3313970718268969
719 720 -0.5874017392218756
720 755 -0.061396410304971824
720 721 0.06025565980106878
721 756 -0.7076760258194738
721 722 1.9446860537923871
722 757 0.13758262330959012
722 723 -0.1912561580501581
723 758 2.0815291535641824
723 724 0.5293656422743654
724 759 -0.7588665266831636
724 725 0.5172715799726192
725 760 -1.2251779389955628
725 726 -0.07163027885092951
726 761 -0.7156673047917359
726 727 -1.4265048726854013
727 762 -1.7404098534815529
727 728 -0.5725644758077169
728 763 -1.254495637257854
728 729 -0.23817286272824664
729 764 1.0589162067499975
729 730 -0.16921473881650317
730 765 0.1929473240091458
730 731 -0.3364989927868751
731 766 0.37032871830670877
731 732 0.22848613298377915
732 767 0.16328473340649058
732 733 -1.6852345265693256
733 768 -0.28385013679707843
733 734 -1.3675501586568721
734 769 -0.11665889322664494
734 735 0.6124669871403481
735 770 -0.5346897278510362
736 771 -1.0383858456977453
736 737 0.610651770173353
736 770 0.7519939045183265
737 772 2.2852443496847936
737 738 -1.277758719947089
738 773 0.8788895126989485
738 739 0.2253373935295652
739 774 0.5586792169386369
739 740 -1.6133220521901281
740 775 1.1874258760990999
740 741 0.7072949741326695
741 776 -2.059042800477957
741 742 -0.4583214057363646
742 777 1.2885451617842871
742 743 -1.1336353722911283
743 778 0.3548060960782367
743 744 -1.1261082404169567
744 779 1.36145542147879
744 745 0.73540347499112
745 780 -0.03984948452060271
745 746 -0.7224752111058617
746 781 0.8487831520215866
746 747 -0.04982576921808484
747 782 -1.3666474185719153
747 748 -0.17447606257848167
748 783 0.4126162654241863
748 749 -0.8261468501452098
749 784 0.7749703884003156
749 750 0.447924839683921
750 785 -0.6963309715384944
750 751 0.2824608730504499
751 786 1.430746870488797
751 752 -0.05990570432428746
752 787 -0.8889067422796736
752 753 -0.35351665867745674
753 788 -1.210886539256856
753 754 -1.7465026934736156
754 789 2.893122363039969
754 755 -0.823191340599636
755 790 0.8445797765291893
755 756 1.9376504436837065
756 791 2.1770737195343095
756 757 -0.3239974336734997
757 792 1.3283460207142246
757 758 -2.053414320377986
758 793 -0.9454433142666586
758 759 0.23123601676926414
759 794 -0.4696972820991422
759 760 0.11116094847647995
760 795 -0.782645878082623
760 761 0.45133535071874564
761 796 0.5216197143769032
761 762 -0.5575976757328526
762 797 0.24074514293807184
762 763 -1.712971455983194
763 798 -0.946558767101723
763 764 -1.494443954891663
764 799 0.29133100580962235
764 765 0.5919799689978261
765 800 -0.024998470752341746
765 766 0.24842944185716964
766 801 -0.3182205020608224
766 767 -0.06921848061845051
767 802 -1.1316367325721364
767 768 -1.4558958279952086
768 803 0.3595818920854164
768 769 1.0528071788495392
769 804 0.022530388846027788
769 770 0.3856547634386987
770 805 -1.3123047285181542
771 806 2.1013564630256276
771 772 0.9167952446142519
771 805 0.118799273760749
772 807 0.14453089128504482
772 773 0.3289068289728359
773 808 2.4228774797567763
773 774 -0.5579028715309002
774 809 -0.385645937526021
774 775 -0.1632459365776701
775 810 -0.6812939051661083
775 776 -0.6598071057541932
776 811 1.1204664919633789
776 777 -0.5276170105605751
777 812 -0.3626945035264978
777 778 0.3999155467900226
778 813 1.0082073857296574
778 779 -0.010889996170472994
779 814 0.1546192754053282
779 780 -1.0414448880001645
780 815 0.9382467506222552
780 781 -1.6214625627925616
781 816 1.5094151681088046
781 782 0.6182520686830186
782 817 0.7856974619304788
782 783 1.2508660511058434
783 818 0.23553795738193659
783 784 -0.9692278695397285
784 819 0.05238532803216737
784 785 0.047449287772480774
785 820 -0.052219794189030576
785 786 0.8220903519665926
786 821 -1.645414928907891
786 787 -0.3277611004869747
787 822 -0.1873401844517604
787 788 -1.5280988939017142
788 823 -0.7266985557167489
788 789 -1.0299613871506137
789 824 -0.2990670850711676
789 790 -2.161728609816123
790 825 0.6293784160133366
790 791 1.1807633309571977
791 826 0.7395889307903243
791 792 1.07670618277424
792 827 -0.10504713213956374
792 793 -1.2225350751128121
793 828 0.5553812273320042
793 794 3.387552479439031
794 829 -0.05430686942914582
794 795 0.2997098271771775
795 830 -1.8816675437269035
795 796 0.4524100455373907
796 831 0.3482271656165357
796 797 -0.2800532137379525
797 832 0.5264289423872801
797 798 2.0398317337466256
798 833 -1.1830471562573877
798 799 -0.41853334006013027
799 834 -0.9973104826600504
799 800 -0.40468367982845993
800 835 0.8497706037004433
800 801 0.7325347174261801
801 836 -0.12884742837190638
801 802 0.21695305633097195
802 837 1.7009001970142292
802 803 -1.4073080483500726
803 838 0.4816639490946191
803 804 0.876899245239864
804 839 -0.08221042312682755
804 805 -1.5438263887251908
805 840 0.44159961887277954
806 841 0.8266097392830883
806 807 0.13667950652394714
806 840 0.3856588939520881
807 842 -0.8631027331924502
807 808 -1.5843103375809333
808 843 -2.498875231454286
808 809 1.2819068971692076
809 844 0.7542306491331253
809 810 -0.4390848726031807
810 845 -1.35891075643969
810 811 -1.3401773576992768
811 846 -0.8558715725466166
811 812 0.629563167489051
812 847 -0.3658096079241275
812 813 1.4532466737617982
813 848 -0.6648900800677038
813 814 -0.007087259888514805
814 849 2.563668470788041
814 815 0.23395997361929877
815 850 -0.595938232203693
815 816 -0.27794128632179127
816 851 -1.9386933340861094
816 817 -0.1188732988160977
817 852 0.9547504518988185
817 818 -0.6052097119723076
818 853 0.2008248272114193
818 819 -1.79100068256643
819 854 -0.7400910332028836
819 820 0.8250623722194068
820 855 0.8399360129064964
820 821 0.5539432419171191
821 856 -0.24550492249121444
821 822 1.5202557666215055
822 857 0.1653766703766241
822 823 -0.6062577170457816
823 858 0.33202864565102674
823 824 -0.04045767342072259
824 859 -1.5077140818069839
824 825 1.4069207705443605
825 860 -0.7242535033921843
825 826 -0.5917799903271818
826 861 0.5316647987104314
826 827 -0.6009620344273795
827 862 1.3672358867485543
827 828 1.9514549235533258
828 863 -1.7469127078218731
828 829 -0.6649431653103037
829 864 0.5170161489449873
829 830 1.0928935296334061
830 865 0.7365792377245296
830 831 -1.0924952890995294
831 866 -2.9071607442398104
831 832 0.913066813685208
832 867 -1.2971540915338833
832 833 -1.2833052892632282
833 868 0.3604328873789585
833 834 -0.9110893672382273
834 869 0.39367320767237485
834 835 0.9084325820496314
835 870 -1.186828112287334
835 836 1.3469296790095906
836 871 0.6373107141811105
836 837 -1.1628392474869649
837 872 0.5549450160280978
837 838 1.3238528527695046
838 873 1.7282851284510952
838 839 -0.49886115078905513
839 874 -1.4122393018565775
839 840 -1.258574363533612
840 875 1.1548710099788255
841 876 -1.6126217989157763
841 842 0.9412375141601158
841 875 0.4714358475967806
842 877 -2.619781551012568
842 843 0.3336233118360032
843 878 -0.48731349201464613
843 844 1.6256243543459736
844 879 0.10498264205824102
844 845 0.0868863996623624
845 880 -1.7425651031424254
845 846 -0.43766714474157115
846 881 -1.4650854105503353
846 847 -0.35972181096264993
847 882 0.02601246205136287
847 848 2.312026021278759
848 883 -0.8937272921124509
848 849 -0.184544429499848
849 884 -0.5809388780334459
849 850 -1.4352838826219823
850 885 -0.0031867435303457284
850 851 -0.951430392377245
851 886 0.38096076927713035
851 852 0.877675749080504
852 887 -0.06517869761774914
852 853 -0.5348607462565163
853 888 -0.7090434513501613
853 854 -0.968547480902115
854 889 0.3158655103392371
854 855 -0.005094180519712683
855 890 -0.20396727236809498
855 856 0.6124590198553151
856 891 -0.15107968680004671
856 857 -0.8867816138047949
857 892 -0.7495506867308851
857 858 -0.4905372412937869
858 893 2.1109651290326443
858 859 -0.3664895934495231
859 894 0.39127812080095997
859 860 -0.33913343386193584
860 895 0.1318653828561883
860 861 -0.8914097421836312
861 896 1.2946369852369788
861 862 -0.048087438989050234
862 897 1.264981160535024
862 863 0.06131367073184838
863 898 1.3991082418641838
863 864 -1.3248987050856105
864 899 0.36983876320931885
864 865 0.6190316448013115
865 900 0.7268614772410062
865 866 -1.3661793863076939
866 901 0.08969906687462822
866 867 0.22398724769230757
867 902 -0.45090405260895117
867 868 1.1109507070335816
868 903 -0.4164223484334661
868 869 -0.8228982711275534
869 904 -0.34789775445780374
869 870 1.5701566227490078
870 905 1.031928721571171
870 871 0.3147267131980779
871 906 -0.69441866144426
871 872 -0.42500890943671904
872 907 0.5918662749503263
872 873 -0.10019391736850587
873 908 0.8623058531260546
873 874 2.41792313959151
874 909 -1.4760388614850444
874 875 0.4650527566625703
875 910 -1.8139315941989012
876 911 1.3283461012461022
876 877 -1.6535507028913454
876 910 -1.055989320300455
877 912 3.3336146361062493
877 878 -0.7662538003687709
878 913 0.49275292114465635
878 879 -0.2627759348641828
879 914 -0.6452197019751161
879 880 0.7954083691658117
880 915 -0.23980710393605978
880 881 1.3511094233436645
881 916 -2.7165169018582995
881 882 0.17585319370911603
882 917 -1.1530671519886002
882 883 1.2327060831877734
883 918 0.5400659343072576
883 884 -0.3347396386772715
884 919 0.38256822950202385
884 885 0.1736487468375498
885 920 -1.7701353845836119
885 886 1.4635691072881167
886 921 1.3767686277867703
886 887 -0.9983889139653729
887 922 -0.5203978025825122
887 888 -1.8365317150863887
888 923 1.5950671855599448
888 889 -1.8790045948443321
889 924 0.5151044292617062
889 890 0.41451714736733447
890 925 2.1431124210165136
890 891 -0.0959446186046175
891 926 -1.113463709940129
891 892 -0.5336186534917665
892 927 -0.044731689295767034
892 893 0.37858442001783077
893 928 -0.44065044437547096
893 894 0.05383728275031392
894 929 -2.1174192421393503
894 895 -0.36216570481700583
895 930 0.9462235271886562
895 896 -0.02704251575787099
896 931 0.26823327708807615
896 897 2.2864881506086823
897 932 0.5689941111935636
897 898 1.9420417441928353
898 933 -0.1414801395416971
898 899 0.979515284682956
899 934 -0.06471396928235752
899 900 -1.2962132974604623
900 935 0.810981345378408
900 901 0.23899556256144766
901 936 0.1401012867496985
901 902 -0.6902222185780407
902 937 -0.3442376023943691
902 903 -1.8398664070145139
903 938 1.83480082922777
903 904 -0.5718045211320183
904 939 -1.6952985953714967
904 905 0.28639558062452236
905 940 0.6812446715709766
905 906 -0.6660735801645637
906 941 0.8314444085341625
906 907 -1.6470757495478374
907 942 -0.06561158863493685
907 908 -1.1507115910420804
908 943 -1.088117416075425
908 909 -0.7085335080467728
909 944 1.3132681611239172
909 910 0.4711170489648354
910 945 -1.689909096573597
911 946 0.28024452019816537
911 912 -0.6518019458543337
911 945 2.0854166943569945
912 947 0.5485431683064703
912 913 -0.036145320168128485
913 948 -0.8968500771851364
913 914 -0.6714882081648331
914 949 -0.9329177258744111
914 915 1.8342926245673152
915 950 -1.2057011335070387
915 916 0.1582297782794933
916 951 0.9332904862403587
916 917 -0.93822415628468
917 952 -0.9373353115387977
917 918 -1.0440804954167304
918 953 -0.13470512972210505
918 919 0.8613426828319231
919 954 -1.1943257524174726
919 920 0.46643605229546425
920 955 -0.9712227347085607
920 921 -1.444431077817148
921 956 0.7298559125123777
921 922 0.76992349788633
922 957 -0.259729219173528
922 923 1.573416446342669
923 958 0.45363619406837513
923 924 0.5527473291798817
924 959 0.3837724235303753
924 925 -0.8032210712241584
925 960 -1.2044806065030862
925 926 -0.15746423984483776
926 961 -1.2032268736129152
926 927 -0.6953876973198253
927 962 -0.8055009712137281
927 928 0.509989343057896
928 963 -2.2701598723317455
928 929 0.8959460108219044
929 964 -0.1518853940501488
929 930 0.6471242658953358
930 965 -0.7456454457126754
930 931 0.06778875071327786
931 966 1.5827766781773973
931 932 0.15287838600142914
932 967 0.7416434565979632
932 933 -0.3236183821293047
933 968 0.9071062725286525
933 934 -0.1160166295039567
934 969 0.5057843010679993
934 935 0.8075661158875932
935 970 0.22830999345461
935 936 -0.12236129989585162
936 971 -0.5814484136769009
936 937 0.11590690940064344
937 972 0.8903589543075666
937 938 0.37629836456885757
938 973 0.959040572077244
938 939 -0.5392300899643292
939 974 0.25322298986726044
939 940 -1.5438541361050602
940 975 1.448884224826295
940 941 0.27755856969481313
941 976 -1.658606761187356
941 942 -0.3911286917449472
942 977 -0.20105586536186323
942 943 1.6435073272957448
943 978 -0.10624575370359826
943 944 -1.3767011528843038
944 979 0.27721064447026533
944 945 -1.9855932641078473
945 980 -1.1558241896612351
946 981 -0.8188423145131936
946 947 -1.2279675419405003
946 980 -0.027889010435599507
947 982 -0.9471967176870112
947 948 0.05925542021654213
948 983 0.4734399707526046
948 949 -1.2351235486732124
949 984 -0.28930996099168865
949 950 -0.17298722506404038
950 985 -0.5825298810893609
950 951 -0.7890278764594019
951 986 -0.32245781067068535
951 952 1.7364750627312615
952 987 1.8330942010564044
952 953 0.5429496586212361
953 988 -0.12473552008009484
953 954 -0.23068742533284364
954 989 -0.19092919973223565
954 955 -1.2846562129161638
955 990 0.40832332973246416
955 956 -1.2842224775041025
956 991 1.61028854088448
956 957 0.9904786793189435
957 992 -0.23083422279800164
957 958 0.36049770685165783
958 993 1.1313541687546673
958 959 -0.8513144341041452
959 994 -0.3872403056426836
959 960 -0.07767872881793456
960 995 0.2453118818869722
960 961 1.6966003640177147
961 996 -0.9980621832492991
961 962 -0.375790462967871
962 997 1.5146654508641577
962 963 0.15535584270383498
963 998 0.8202812044540411
963 964 -1.90261998373108
964 999 0.7036561882166249
964 965 -0.6328200341672715
965 1000 0.11215009417822129
965 966 -0.15353371506093705
966 1001 -0.20531165282952335
966 967 -0.1895608615969507
967 1002 0.1059760318084504
967 968 1.3526223225499892
968 1003 -1.7481619712401963
968 969 1.1377945608368893
969 1004 0.5825015247085866
969 970 -0.7935139163838762
970 1005 -0.9464409233691344
970 971 -0.1447457256689669
971 1006 0.23053433803610454
971 972 0.8875913813994106
972 1007 0.16409553499732724
972 973 1.1854091022415671
973 1008 0.5483072426295749
973 974 -0.2316606477511314
974 1009 -0.4484189864383089
974 975 0.4048251666364729
975 1010 0.4010228540750344
975 976 -0.43459572512427025
976 1011 0.10086923633414473
976 977 1.061505581748461
977 1012 0.6505205161377765
977 978 -0.2064508924764377
978 1013 0.23641158262269102
978 979 -1.0136275905692704
979 1014 0.8527702741314517
979 980 1.303533849878343
980 1015 -0.8804593018927325
981 1016 -0.49232176773286657
981 982 0.766078941965801
981 1015 1.3060617889517332
982 1017 0.5818843055588176
982 983 -1.0070509624719588
983 1018 0.9835247348338528
983 984 0.1366245579940335
984 1019 0.14399197622805032
984 985 -0.1702748670863303
985 1020 1.3133562838974415
985 986 -2.331584411669253
986 1021 0.8646771050637136
986 987 -0.4305504359356449
987 1022 0.18488681485699845
987 988 -0.4134803648557861
988 1023 1.4947311898156457
988 989 0.07239967600468773
989 1024 0.820687872771498
989 990 0.37149176937201
990 1025 -1.3693443809123684
990 991 0.6887831976749138
991 1026 -0.38547608902846825
991 992 0.5869631086242995
992 1027 0.14945330416145702
992 993 0.5894555605439603
993 1028 -0.03443199350037644
993 994 0.6972202673756468
994 1029 0.7019418787023143
994 995 -0.015188732557527921
995 1030 1.39010947029164
995 996 0.42854546951129097
996 1031 -0.3012527488451499
996 997 0.731882866967457
997 1032 0.6583308068120749
997 998 1.895732270257524
998 1033 1.5471574349540687
998 999 -0.5961001256380352
999 1034 2.408252524949691
999 1000 1.0318327305076591
1000 1035 -1.4637537824025924
1000 1001 0.6407226251337521
1001 1036 0.28395760939801334
1001 1002 -2.4295695394508154
1002 1037 0.8561478221928087
1002 1003 0.3459819045305144
1003 1038 -0.757570333934161
1003 1004 0.07599257626040705
1004 1039 -0.30130907757222486
1004 1005 1.1455114868636247
1005 1040 0.19741433609053904
1005 1006 1.16887413243403
1006 1041 0.2888365124459079
1006 1007 0.25461355111051726
1007 1042 -0.49104404751648867
1007 1008 -1.2611825187640724
1008 1043 -1.2821403642039144
1008 1009 -2.7330488340054844
1009 1044 0.11366619780342263
1009 1010 -0.26029948823756965
1010 1045 -0.5018970701573107
1010 1011 0.513736132682825
1011 1046 0.21674418599156295
1011 1012 -0.16809094823527268
1012 1047 -1.951161374205557
1012 1013 -0.27209788650839606
1013 1048 1.318201573965816
1013 1014 -2.198800244495688
1014 1049 0.5319797411405471
1014 1015 0.3703968465601011
1015 1050 -0.6896134215258637
1016 1051 -0.5711938803142211
1016 1017 -0.6532736485623447
1016 1050 0.702612437968605
1017 1052 -0.15417619219289005
1017 1018 -1.3702937659241305
1018 1053 0.982530517872674
1018 1019 -0.8128719098843784
1019 1054 -0.692370371978016
1019 1020 -0.37866539474780997
1020 1055 0.7402749601547772
1020 1021 0.47980403444399256
1021 1056 -1.152029230863694
1021 1022 -0.298805348084873
1022 1057 -1.3680003311179425
1022 1023 0.7687855556582299
1023 1058 -0.7268742746120256
1023 1024 -1.476257618016079
1024 1059 1.342203416129815
1024 1025 -2.1821606987493345
1025 1060 -1.0212782612374416
1025 1026 -1.6536539579513139
1026 1061 2.0080928422847437
1026 1027 -1.1224390996245044
1027 1062 -1.1554559106515816
1027 1028 1.0902186677650931
1028 1063 0.9812848529419764
1028 1029 0.4205430206256986
1029 1064 1.0406106381366915
1029 1030 0.8739326690232508
1030 1065 -0.8247329824744256
1030 1031 -0.2816877626263871
1031 1066 1.1229997093590207
1031 1032 0.26883600029957044
1032 1067 -0.08357538438151166
1032 1033 -0.28382521333445987
1033 1068 0.43600339165420904
1033 1034 -2.37715156863243
1034 1069 0.7328589676445374
1034 1035 -0.9223628348475568
1035 1070 -0.315884531464461
1035 1036 -0.5648364744408274
1036 1071 0.3596758698789854
1036 1037 -0.010937334287246664
1037 1072 1.829351561247469
1037 1038 0.40167483893495104
1038 1073 -0.43971727553955425
1038 1039 0.24483457604339592
1039 1074 -1.6994482843938647
1039 1040 1.7228139418280648
1040 1075 0.41372786174209536
1040 1041 1.1827336729418678
1041 1076 0.9732954757121665
1041 1042 -0.031739897733409364
1042 1077 0.7700992022272934
1042 1043 0.18598437388533817
1043 1078 0.010478234501267716
1043 1044 -0.31554083499163904
1044 1079 -0.27978048460763194
1044 1045 0.23927468880116368
1045 1080 0.22994857471227956
1045 1046 1.3391806740511576
1046 1081 -2.1424670530435037
1046 1047 -1.7025159639382152
1047 1082 -1.762568685956045
1047 1048 0.6350610244136383
1048 1083 -0.4863551466575754
1048 1049 1.6647254487427123
1049 1084 1.9172647201034354
1049 1050 0.9458798817790762
1050 1085 2.1614407746192987
1051 1086 -0.10915493996019562
1051 1052 0.18444759105266031
1051 1085 -1.0271282346443196
1052 1087 0.6951468117843741
1052 1053 -0.05834874475903057
1053 1088 -1.3443641673753717
1053 1054 1.396214621764514
1054 1089 -1.1646066022671973
1054 1055 -0.14411287448139368
1055 1090 -1.1987699474772027
1055 1056 1.6253754010702324
1056 1091 -3.1054991399098535
1056 1057 -0.2995529426075582
1057 1092 -0.3558319911196921
1057 1058 0.7958493709451157
1058 1093 0.5470923244766234
1058 1059 -1.3280840708191897
1059 1094 2.5224958877300057
1059 1060 -0.6635751815024876
1060 1095 -1.2509000770244445
1060 1061 0.10804526118007497
1061 1096 0.0413580006007462
1061 1062 0.8657671856423526
1062 1097 0.9644327238808422
1062 1063 0.36522576695483433
1063 1098 -1.228178280752669
1063 1064 0.9921232463060934
1064 1099 0.9625434608905932
1064 1065 0.5750558154080485
1065 1100 -1.0811669780430808
1065 1066 -0.32598016761388754
1066 1101 -0.9512792222930112
1066 1067 0.8889619785674217
1067 1102 1.4364820468682626
1067 1068 0.3100968005649171
1068 1103 -1.2584173902387827
1068 1069 0.6975667855410322
1069 1104 0.5732358283650588
1069 1070 0.6055334402581234
1070 1105 -0.04590928849869179
1070 1071 -1.3110714220205635
1071 1106 1.1361573345962466
1071 1072 -0.7784299961530804
1072 1107 1.0178109147353334
1072 1073 -1.0002423438370864
1073 1108 0.9278822129754305
1073 1074 -1.15167048846965
1074 1109 -1.1760813261082488
1074 1075 0.0815050547198757
1075 1110 -0.09336787325972974
1075 1076 -0.9753084765134282
1076 1111 1.5328952777729599
1076 1077 0.5414116513025733
1077 1112 0.3355051083999876
1077 1078 -1.58818956513888
1078 1113 1.093196222910286
1078 1079 -0.925831384684655
1079 1114 -0.6130694474583047
1079 1080 0.649275842572713
1080 1115 0.497208166718219
1080 1081 -0.6852524820282148
1081 1116 -0.726279958806944
1081 1082 0.14201930969836193
1082 1117 0.3333441958776058
1082 1083 0.9439219730946963
1083 1118 2.0878099164967288
1083 1084 0.7120862476986537
1084 1119 0.2710507148117906
1084 1085 2.289368233913401
1085 1120 -0.10154644818233334
1086 1121 -0.5690215073911817
1086 1087 -0.9461810731298976
1086 1120 0.261892933606521
1087 1122 -0.3942182040551313
1087 1088 0.18152946971746153
1088 1123 0.14004547543407384
1088 1089 0.13821095319554588
1089 1124 -0.972079111578716
1089 1090 -1.1471890291440578
1090 1125 1.0906695754432243
1090 1091 0.0587456322975937
1091 1126 0.02555817104091539
1091 1092 0.1383312303268175
1092 1127 1.9048995385268206
1092 1093 0.939278981047258
1093 1128 0.5931202619598819
1093 1094 0.2508538463123014
1094 1129 0.1652472443423827
1094 1095 -0.5658367176500645
1095 1130 1.2155062054009627
1095 1096 0.17014899269449646
1096 1131 -1.0172650367509244
1096 1097 0.17764876512481362
1097 1132 1.6797781399738687
1097 1098 -0.5972283851239737
1098 1133 1.889905270292468
1098 1099 -0.1060816956131074
1099 1134 -2.0589080425978774
1099 1100 0.27798280934085245
1100 1135 0.5367517764975507
1100 1101 0.19431738153736364
1101 1136 -0.07376201447795422
1101 1102 -1.1687766922289926
1102 1137 0.01639215335794951
1102 1103 -0.8317342158363841
1103 1138 0.7179756363608784
1103 1104 0.007781839850115172
1104 1139 -0.14314711150575257
1104 1105 0.24030215108522485
1105 1140 -0.31133220287818975
1105 1106 -0.059914889131979315
1106 1141 -0.6181818754554432
1106 1107 -1.391649470624748
1107 1142 0.9660796091338087
1107 1108 0.7598973473571907
1108 1143 -0.9327844893940124
1108 1109 0.7270522446457012
1109 1144 -0.5001782616917327
1109 1110 -1.4778982302711623
1110 1145 0.5514765312837193
1110 1111 -0.30423871203778413
1111 1146 0.919588716859756
1111 1112 -0.4434938187150677
1112 1147 -0.3772897740759035
1112 1113 -1.013558699399273
1113 1148 -0.15546291661408135
1113 1114 -0.9689443527414392
1114 1149 0.032780324160833915
1114 1115 -0.833770983257361
1115 1150 0.16733717240244095
1115 1116 -2.6863352099509563
1116 1151 -0.05186438172871739
1116 1117 2.146496745459193
1117 1152 -1.9525588637813776
1117 1118 0.361122372106383
1118 1153 0.11233239803090785
1118 1119 -0.8379830097942391
1119 1154 -0.8136929254961935
1119 1120 -0.5712990347720162
1120 1155 0.46475821121859434
1121 1156 -1.6196564354133687
1121 1122 1.4783670463612537
1121 1155 1.7783460743907944
1122 1157 -0.6385608953250915
1122 1123 0.1169327572648361
1123 1158 2.010778905096362
1123 1124 0.2649897380342245
1124 1159 0.28399802906002986
1124 1125 0.0868910673993587
1125 1160 0.9347134935019645
1125 1126 -1.8051251977087597
1126 1161 -0.30082422129606606
1126 1127 1.1668832803327542
1127 1162 1.647546832579013
1127 1128 1.5168455017605
1128 1163 -0.2550467354483863
1128 1129 -0.3236866834332811
1129 1164 0.5679326213051308
1129 1130 1.0036711170443666
1130 1165 0.9220509514726226
1130 1131 -0.43052083918542894
1131 1166 -0.07074292860481919
1131 1132 -0.9167286923816101
1132 1167 -0.7220047060202772
1132 1133 0.8406038505510831
1133 1168 0.6837643643148574
1133 1134 0.6221922634127203
1134 1169 0.12800568864055017
1134 1135 1.6704237200010523
1135 1170 -2.1966336981661976
1135 1136 -0.09742801767445947
1136 1171 1.3224080676037557
1136 1137 -0.9153460143034389
1137 1172 -0.32464709061366154
1137 1138 1.0548034637500994
1138 1173 0.03276223815470425
1138 1139 1.5432003656729423
1139 1174 0.6997927820998308
1139 1140 1.028386896199172
1140 1175 0.7995380297625553
1140 1141 -0.39932219303105976
1141 1176 -0.7848483153329493
1141 1142 -0.9474060809931414
1142 1177 0.19646009789854804
1142 1143 0.156881609589521
1143 1178 -1.5972642762768205
1143 1144 -1.4398011192539826
1144 1179 -0.621965733176252
1144 1145 -0.5433650700861496
1145 1180 -0.8800807538195552
1145 1146 -0.882378301871011
1146 1181 -0.025655415468069286
1146 1147 0.13562983967840814
1147 1182 -0.092244951088933
1147 1148 -0.26288240037144694
1148 1183 0.3151749852788546
1148 1149 0.5196246019206832
1149 1184 0.6153276300463421
1149 1150 -0.4763674080702978
1150 1185 0.8231108294290919
1150 1151 -0.7797929427181433
1151 1186 1.30996147271618
1151 1152 0.6237017106841167
1152 1187 0.019891366422545066
1152 1153 -0.5507125306331475
1153 1188 1.2303804739848123
1153 1154 -1.7731745502350182
1154 1189 0.4844629118100045
1154 1155 0.9579877159218597
1155 1190 -0.2706991030836635
1156 1157 -1.341097345054965
1156 1190 -0.999694955114671
1157 1158 -0.6336244307684514
1158 1159 -1.1547877621759337
1159 1160 -0.08676516863630901
1160 1161 -2.5009990279206717
1161 1162 0.28698097536751954
1162 1163 -0.16353115884254488
1163 1164 -0.47992510417657047
1164 1165 0.07222599317719043
1165 1166 0.4316269980270533
1166 1167 -0.5419391374947554
1167 1168 0.7953408707318813
1168 1169 1.198288066435116
1169 1170 0.8834859985400856
1170 1171 0.9746665653611749
1171 1172 0.6408731087440711
1172 1173 -1.5863158205891095
1173 1174 -0.1580416445360083
1174 1175 1.4428912287337219
1175 1176 -0.42718442627625075
1176 1177 -1.5201718231834322
1177 1178 1.1740809946296975
1178 1179 1.5884648879544578
1179 1180 -0.588418031101862
1180 1181 -0.20171826696851503
1181 1182 -1.0573062719435256
1182 1183 2.3401779198279025
1183 1184 -0.4689293456214697
1184 1185 -0.5704511492364885
1185 1186 -0.9638658936774702
1186 1187 0.5572534927906763
1187 1188 0.496515980773913
1188 1189 0.8649767923290302
1189 1190 0.3624004921954718
