1225 2450
1 36 -1.1649708905423495
1 1191 1.7790532203733802
1 2 1.4170621319613137
1 35 0.4651969487311571
36 71 0.3453757690498255
36 37 0.8052141013860258
36 70 0.004359940107098218
1191 1156 1.147060129143039
1191 1192 1.6823180199389818
1191 1225 -0.5774698235999166
2 37 0.9010298347948213
2 1192 0.7758224800611011
2 3 0.533552623942649
35 34 -0.03238938404276813
35 70 1.4957471322046674
35 1225 1.7928220503702916
37 72 0.21933762058343542
37 38 -1.2526568189248823
1192 1157 0.05402884968080708
1192 1193 0.22464808216959875
3 38 1.3674555291041521
3 1193 -0.7739499067887929
3 4 1.5240961825840147
38 73 1.485326411216505
38 39 -0.7590026638093976
1193 1158 0.15541258119320223
1193 1194 -0.4393078785322258
4 39 -0.11792869180789252
4 1194 -0.6577207745475347
4 5 0.5750141533957107
39 74 -0.3328077146470453
39 40 -0.28864417579898555
1194 1159 -0.04989080495698885
1194 1195 -0.5449705048445264
5 40 -0.6152281142280251
5 1195 0.6903542962300574
5 6 0.7033497975981237
40 75 -0.8204546914619762
40 41 0.2737755420805961
1195 1160 -1.2295905686225594
1195 1196 0.3046020448946079
6 41 -1.7940047807850152
6 1196 0.794306381561341
6 7 0.14830917904585394
41 76 1.0142739359746118
41 42 0.18507403925947546
1196 1161 -0.4796503515657709
1196 1197 -0.5091982704929909
7 42 -0.7677330980599957
7 1197 0.3457178349586985
7 8 0.3966837747475509
42 77 0.4805421814953122
42 43 2.0878837174563802
1197 1162 0.5428514293016855
1197 1198 1.3138557657506034
8 43 0.46455685586793105
8 1198 0.5148628939944635
8 9 -1.1950714832176816
43 78 0.9234034826197494
43 44 -0.2184670116223006
1198 1163 0.297901495752523
1198 1199 -0.6848514344506194
9 44 -0.07340812254482032
9 1199 -0.5060289589609368
9 10 0.9314508415299019
44 79 1.3538200822805404
44 45 -0.7186822472082186
1199 1164 0.33521041203076035
1199 1200 0.6984806257350434
10 45 -0.6126197597565308
10 1200 -0.7225234860461465
10 11 -1.5321437645097904
45 80 2.000622319223489
45 46 1.5651250762147162
1200 1165 1.6395940245497989
1200 1201 -0.6093237816372523
11 46 1.0966443312467122
11 1201 0.5537672996847357
11 12 -0.441094420404596
46 81 0.05052031653028215
46 47 0.8168131252680604
1201 1166 -0.8041741817547323
1201 1202 -0.48861344185473
12 47 -0.3028628979302888
12 1202 -1.7678920782119683
12 13 -1.0648227462725839
47 82 -0.9835296182733501
47 48 -1.447721964405678
1202 1167 1.8667190126527828
1202 1203 -1.3286683290609242
13 48 0.28066061721276603
13 1203 -0.010984718314096269
13 14 -1.7694210484735897
48 83 -2.2070599065339778
48 49 -0.4506664483541007
1203 1168 0.6369090155811934
1203 1204 -0.8735564520191121
14 49 0.9141860903582288
14 1204 0.2177045105976276
14 15 -1.3889385622206456
49 84 -1.3830002561212662
49 50 0.029335313222842482
1204 1169 0.1863878503988228
1204 1205 -0.9197563983212707
15 50 -0.0765847923125423
15 1205 -0.09101493919522266
15 16 -1.7310899536008337
50 85 0.8049717968811703
50 51 0.022546362995715444
1205 1170 1.027728241108389
1205 1206 0.6239327933219181
16 51 -0.9074501039794297
16 1206 1.3561481380933695
16 17 -0.36483421282103806
51 86 1.3784094933285693
51 52 0.6310059986235755
1206 1171 2.3708103273205268
1206 1207 -0.11154290049531064
17 52 1.0181779760276357
17 1207 -1.163060679227308
17 18 -1.2297510097881956
52 87 0.04541216939858137
52 53 0.49209685582178625
1207 1172 -0.8467051853337921
1207 1208 -0.778734722134295
18 53 -0.6677197331711011
18 1208 -1.205672067145528
18 19 -0.0563718941606762
53 88 0.7960730377002824
53 54 -0.9071650253351731
1208 1173 2.063484181831088
1208 1209 -0.0006380897184025539
19 54 0.2737509228444287
19 1209 -0.7095574400996844
19 20 0.4815824041700423
54 89 0.8615689657240692
54 55 1.9750594493515263
1209 1174 -0.5906336390253021
1209 1210 0.6387207397866773
20 55 0.6966942877353917
20 1210 -1.8425115685030449
20 21 -0.1314680325275089
55 90 0.19623592381778432
55 56 0.5129273747075556
1210 1175 -0.6016014977300247
1210 1211 0.8103924959753279
21 56 0.15538269005054656
21 1211 -0.33635160818746707
21 22 -0.24015396703735
56 91 -1.5694991708847745
56 57 1.487830202137391
1211 1176 1.2061541653894978
1211 1212 -2.407943512345685
22 57 0.0533766616274309
22 1212 -1.4570260059935665
22 23 0.28429110526707446
57 92 1.3608992010351046
57 58 0.24437280328044483
1212 1177 0.398196906490358
1212 1213 1.017342985808488
23 58 -1.0985711121241084
23 1213 -0.37385172939855577
23 24 0.5263828591343744
58 93 -0.33993578393321267
58 59 0.901939993428098
1213 1178 0.5970936471991375
1213 1214 -0.6056966531500915
24 59 -0.2890808425888244
24 1214 -0.3108853334197271
24 25 0.09603900235933169
59 94 0.4309626902536319
59 60 -0.8522337286920052
1214 1179 -0.6474645203846511
1214 1215 0.7810481935626303
25 60 0.29381230253720303
25 1215 0.31691860042448106
25 26 0.7538971087912606
60 95 -0.18721276823390232
60 61 -0.9953490746693837
1215 1180 1.4420612938775044
1215 1216 -1.6050982050581513
26 61 -0.7741321208103125
26 1216 1.3505975629894942
26 27 0.10033546904754681
61 96 0.5623640752967871
61 62 1.4900757133149305
1216 1181 -0.01618675135337769
1216 1217 1.4355829033039722
27 62 0.06772454715220336
27 1217 1.0176862976094576
27 28 -0.2358074123551063
62 97 2.013130657802652
62 63 1.819755560122879
1217 1182 0.6048597302880152
1217 1218 -0.5896334363543777
28 63 -0.5129831052255507
28 1218 0.8901029637257042
28 29 -0.06950804711152253
63 98 0.5449736251111778
63 64 -0.9712523217233401
1218 1183 -0.7160250781572665
1218 1219 0.6825520746905728
29 64 -0.8708880308925493
29 1219 0.5504189153193928
29 30 0.82328878400069
64 99 0.31626402070254833
64 65 0.6052003018032022
1219 1184 -0.8419951394885973
1219 1220 0.9223099110578213
30 65 0.5413561264501096
30 1220 -0.26627042606308016
30 31 -0.6578073325772217
65 100 -0.07833385413064248
65 66 -1.138746528463289
1220 1185 -2.947084940920279
1220 1221 -0.6629939268298591
31 66 0.26862536411891136
31 1221 -0.422400051772222
31 32 -0.1819330474896095
66 101 0.39461815603814104
66 67 -1.9096586144603933
1221 1186 -0.5454075201912875
1221 1222 0.3328182024629232
32 67 -1.1524145753799229
32 1222 0.14778719624662556
32 33 1.2554776391912859
67 102 -0.08912662280501867
67 68 -0.5047490631181409
1222 1187 1.2553455943033696
1222 1223 -0.4505396184080974
33 68 2.061900955348874
33 1223 2.3702560559519132
33 34 1.1602660625597563
68 103 -0.8126580170023542
68 69 -0.8242129560664829
1223 1188 0.3144520490495506
1223 1224 0.024233718467000155
34 69 0.17825745113442248
34 1224 -0.06076919683945811
69 104 -0.5455972799817117
69 70 -0.2564468754860796
1224 1189 0.1298785567138226
1224 1225 0.7226484763713991
70 105 1.249578986197502
1225 1190 -0.10206183889683834
71 106 0.7083352607531528
71 72 0.7635609305583355
71 105 -1.0771274671689224
72 107 -1.6720946190388164
72 73 0.834273395234953
73 108 2.28837544988559
73 74 -0.5334914833304912
74 109 -0.26726902529907215
74 75 -0.2774408861497483
75 110 -0.561286961561271
75 76 -0.0018308970555529973
76 111 -0.5616719391079085
76 77 -0.32536129074230263
77 112 0.07002372745895175
77 78 -1.3184832640859838
78 113 1.861155238089347
78 79 -0.49626961210544196
79 114 0.8515403771296978
79 80 -1.6685971641781738
80 115 -0.432462520092434
80 81 0.9419874970042854
81 116 -1.2111421618175031
81 82 0.4722126971186775
82 117 0.7051933123732432
82 83 -0.6486357776325165
83 118 1.5794523004081518
83 84 -0.7456882867904513
84 119 -0.004556732720857172
84 85 0.9090655128451823
85 120 0.5166568804311243
85 86 0.12651546664773092
86 121 -1.8919184548892858
86 87 -0.4611960998310131
87 122 0.5745182761085225
87 88 0.0498843001068691
88 123 2.3049277998126456
88 89 0.6535099596418672
89 124 -0.7188224822176679
89 90 0.7719223323114747
90 125 0.21116846297723418
90 91 -0.14286956111217058
91 126 0.6824898003701858
91 92 -1.3441234071506043
92 127 0.18926281415659707
92 93 -0.5775659631125689
93 128 -0.11111363199610085
93 94 0.1451449667447986
94 129 1.0864781389065508
94 95 -0.9212887510965505
95 130 0.19410659327421578
95 96 0.9903112037959214
96 131 1.277283269174468
96 97 0.6667491694647343
97 132 1.451472727373294
97 98 2.5260991292621693
98 133 0.6687848357309998
98 99 -1.2554173277651213
99 134 0.48976827677512563
99 100 1.4360125446553345
100 135 0.7175905550771197
100 101 -0.11103755853021892
101 136 -1.225182679746856
101 102 1.0431043603337935
102 137 -2.1871345257586756
102 103 0.9431927204166002
103 138 -0.48636481406572235
103 104 -2.8627159951341645
104 139 0.9395346432416201
104 105 -1.3077848802081178
105 140 1.1258598814413834
106 141 1.4684690111872294
106 107 -1.5776632286450099
106 140 1.0042433711026293
107 142 -1.287419856937813
107 108 -0.7557082682833428
108 143 -0.19173210586037634
108 109 -0.44689428846644613
109 144 1.5018656791963734
109 110 0.32128198114903317
110 145 0.08559393703617443
110 111 -0.33123445470842733
111 146 0.44661413001080125
111 112 1.3380860872292217
112 147 -1.024946579706594
112 113 1.103240003734192
113 148 -0.3255195297510643
113 114 1.4648724985405337
114 149 0.7752612739260606
114 115 0.3986032905316493
115 150 0.008336710002364266
115 116 -0.3332483374175471
116 151 -0.22949750933440993
116 117 1.6721522774385567
117 152 -0.6751174849114545
117 118 0.265787847133251
118 153 -0.8736497138735072
118 119 -0.3916006405294131
119 154 -0.9602403182966165
119 120 0.9968363333428744
120 155 1.2938440192108145
120 121 -1.1584041125066853
121 156 -0.18629944089366923
121 122 -0.4825083062062379
122 157 -1.7702773464055679
122 123 0.45162351287410013
123 158 -0.031266202698739386
123 124 -1.70837206983033
124 159 -0.6772353141884813
124 125 -2.9024979661404764
125 160 -0.3249928107143647
125 126 -0.40607861029465586
126 161 -1.4448948974195253
126 127 0.00990946877623033
127 162 -0.20628121621032725
127 128 -1.0811622048372311
128 163 0.05040715409683989
128 129 0.444835886600382
129 164 -0.18747413223237192
129 130 -0.14963583144556003
130 165 -0.7390917055797154
130 131 1.4743994008537942
131 166 -0.21399915597376512
131 132 0.0725689048112366
132 167 -1.112672653422716
132 133 0.5960684447653423
133 168 -1.020259024909322
133 134 -0.22009620302684646
134 169 0.5541373942444393
134 135 -0.768569857123452
135 170 0.4332462679553423
135 136 -0.8772945760000835
136 171 1.0334215693185675
136 137 -0.3514776093156012
137 172 0.04975136188030629
137 138 1.7821896581535346
138 173 -0.09677274639882416
138 139 -0.9300708807145844
139 174 -1.3454052121591593
139 140 -0.10245375211338902
140 175 0.09589730559811584
141 176 0.4996262823547065
141 142 -0.07239151124825773
141 175 1.2498375479813724
142 177 -2.5181781205519376
142 143 0.48896854998868516
143 178 -2.0403775670416406
143 144 -1.1304510597797108
144 179 0.0970653273568112
144 145 1.0137583449508336
145 180 0.17203830605449213
145 146 0.35890321695308564
146 181 1.3827900764883778
146 147 -0.4148751168420676
147 182 -0.47379448991185863
147 148 0.09207506950635148
148 183 0.4936241508872763
148 149 2.1580111285496066
149 184 0.7230493333203847
149 150 0.03277104644163569
150 185 0.8738355295145627
150 151 -0.5855068544632303
151 186 0.11392233527305179
151 152 1.9042531542892467
152 187 1.2668884975806747
152 153 2.1127182362842016
153 188 -1.1926343730007867
153 154 -0.3053341540290119
154 189 1.7305947574768632
154 155 0.6665258217278037
155 190 0.30511622458360643
155 156 1.014098451889248
156 191 -0.2240447428123117
156 157 -0.39891689590860624
157 192 0.10620340959611015
157 158 -0.38781704718887716
158 193 -0.3597977576071103
158 159 2.8227939846918573
159 194 -0.24500976717494063
159 160 -1.2902257296542903
160 195 -0.28821007683778815
160 161 0.5778329075224996
161 196 1.6906452752721046
161 162 0.03592123496400658
162 197 0.5902025099136506
162 163 0.0023564662132123646
163 198 -2.144696296878526
163 164 0.6745511081838087
164 199 0.9282372293320756
164 165 1.7666098036981082
165 200 -0.2523454271172723
165 166 2.712853835790627
166 201 0.06617328820043802
166 167 1.396951942870382
167 202 3.1117753027713455
167 168 -1.1062157312619558
168 203 -0.1455477131911818
168 169 1.4063842062886753
169 204 1.1932472400183864
169 170 0.4126529213814182
170 205 0.33785392514500767
170 171 -1.2634647661372733
171 206 0.15803962582529968
171 172 0.5218574788241108
172 207 -0.538888982068996
172 173 -1.0403821313876271
173 208 -2.3721469648430666
173 174 1.0438482517472403
174 209 -0.019430670709967377
174 175 -0.057808675474960054
175 210 -1.2592877409298573
176 211 -1.1114092031455125
176 177 1.2635693674947748
176 210 -0.3849485839436083
177 212 -0.40893766690129885
177 178 -0.0706929201693771
178 213 1.2906382689012699
178 179 0.7431732764450797
179 214 0.6930875763878579
179 180 -0.24283247230009888
180 215 -0.494645934726182
180 181 -1.6466260832295743
181 216 0.4154142738334234
181 182 0.19595901505704472
182 217 0.5491182439505301
182 183 1.0264375756903337
183 218 -1.4054297279188916
183 184 0.44661240798111246
184 219 0.4307791860855444
184 185 1.3937231063394477
185 220 0.7948337006927269
185 186 0.957098559587543
186 221 1.2329074663795343
186 187 0.49566952683770255
187 222 -0.3504251068055208
187 188 -0.4157783376299577
188 223 1.0330289663040544
188 189 0.44562469705677876
189 224 0.14021138625774163
189 190 0.2088349407958978
190 225 -2.0994213907889714
190 191 1.432830362800825
191 226 -0.4807170670620616
191 192 1.4736266811841086
192 227 0.5862685173169195
192 193 1.3383067913629556
193 228 -0.5057325782941272
193 194 0.11085544707875479
194 229 0.4821970963958707
194 195 0.5034254714321182
195 230 0.9765727428926896
195 196 -0.17360626471837667
196 231 -0.48510303739451166
196 197 2.3003484192071544
197 232 1.0895471819104727
197 198 -0.7894455180987908
198 233 0.6312222522819646
198 199 -0.7851553743276415
199 234 -1.2906990957820097
199 200 0.8896509622309536
200 235 -0.5795160146444186
200 201 -0.21731453849858778
201 236 0.9617135599383181
201 202 -1.695691065547459
202 237 -1.2178537833237872
202 203 -0.1985865984165668
203 238 -0.832332953952484
203 204 0.014192664309806598
204 239 -0.8937052627950294
204 205 0.1939195160098464
205 240 -0.45716884859093027
205 206 0.536339100649192
206 241 -1.4792829573216264
206 207 -0.5779691214805038
207 242 -1.6439188047899305
207 208 0.15218441941239744
208 243 -0.9583262470455833
208 209 -1.022159887766044
209 244 -0.5321827705002607
209 210 -0.017296770201855587
210 245 2.287559313798703
211 246 1.2091576421684986
211 212 0.7466277366167612
211 245 -0.330915628994954
212 247 0.077995338589211
212 213 -2.6906803766265366
213 248 -1.0657449831312131
213 214 1.4591104616958646
214 249 -0.07353568753602732
214 215 -0.41078520256463036
215 250 0.541221272117087
215 216 0.4720920346406627
216 251 -0.6803204210499575
216 217 0.05149873411138733
217 252 -1.1539559370665793
217 218 0.5277270875604069
218 253 -0.09455667300065818
218 219 0.9908384620861383
219 254 -0.5331855971605621
219 220 -0.837217559849287
220 255 -2.1729740825560646
220 221 -0.7765934933825253
221 256 0.0053080657451956585
221 222 -1.1096062462043224
222 257 1.0426831253791438
222 223 0.9146979624864403
223 258 -0.4983818759139783
223 224 -0.6181536244663854
224 259 1.4676903389992473
224 225 0.20969586714024496
225 260 1.051453970035791
225 226 0.064892705136115
226 261 -2.719110693358805
226 227 0.8732398862782433
227 262 -0.14150002668802758
227 228 0.42127211991632896
228 263 0.015297173569605358
228 229 -0.09504369119116916
229 264 -0.3438683014140961
229 230 0.284195881763519
230 265 -1.3177828758185421
230 231 0.029660991808225838
231 266 -1.9505273050657428
231 232 1.3934807273262355
232 267 0.027060638468840763
232 233 -0.4381669104296108
233 268 0.06464120965569091
233 234 1.111416432329906
234 269 -0.9355751371659096
234 235 1.0755492751552973
235 270 -0.9214261888181001
235 236 -0.4093734442366238
236 271 -0.1996254812411254
236 237 0.164309404908769
237 272 0.16171759811339761
237 238 -1.6795104155031024
238 273 0.05179365054515005
238 239 1.030611950731673
239 274 -0.38508068149077296
239 240 -0.4667091235933717
240 275 -0.71467172388082
240 241 0.6731798922175246
241 276 1.672576029743038
241 242 -0.9664671367994235
242 277 0.8893313651625452
242 243 -0.7212007238329066
243 278 0.3448555209541005
243 244 -0.7963869022626745
244 279 -1.256941230928676
244 245 -1.2138509846113439
245 280 0.48385789340288654
246 281 1.057774159301347
246 247 0.9144002959900801
246 280 0.41363085879769285
247 282 1.0506793831833696
247 248 0.7596992096099677
248 283 0.0961842544371263
248 249 1.1109327232478945
249 284 0.37521622650996256
249 250 -0.017156599642202907
250 285 -0.3151406016419618
250 251 -1.120376574801678
251 286 -0.9823800194479754
251 252 -0.7179685973585312
252 287 -0.9547254182604559
252 253 0.8971291311487102
253 288 0.8329383094226291
253 254 -1.1197652341171904
254 289 0.4537727414859785
254 255 -0.03696363296734985
255 290 -1.351994084685052
255 256 1.4017365172469327
256 291 -1.4129744257166121
256 257 1.3387957211533767
257 292 0.7017025399841005
257 258 0.7927322587427192
258 293 0.48005104544869553
258 259 0.2519860205186353
259 294 -1.7601568163423533
259 260 1.2882151684131904
260 295 -2.187288079885708
260 261 -1.0676009671216917
261 296 1.1604175090246356
261 262 0.958602108079659
262 297 -0.5746145877096354
262 263 0.12053905910053585
263 298 1.9123319640674625
263 264 1.2385841028086924
264 299 -1.2848519604909727
264 265 0.4872904711419849
265 300 0.6241355682059031
265 266 0.5894538751913271
266 301 0.07859907393849058
266 267 0.19895855286657357
267 302 -1.2139775269774455
267 268 0.9928096663050773
268 303 0.14844642783399814
268 269 -0.010143727236909933
269 304 0.8142400449800844
269 270 -0.7400685508529008
270 305 -0.3704934977561264
270 271 0.5476856479486527
271 306 -0.2972187446218375
271 272 -0.7710321211426708
272 307 -0.07616699658797615
272 273 0.5357560358899031
273 308 -1.0642056628734617
273 274 0.7206431314921784
274 309 1.1475261451534287
274 275 -0.33674769788608305
275 310 0.7379111139837361
275 276 0.43693193119130597
276 311 1.683850458228867
276 277 0.2639573203343892
277 312 0.13255155028101925
277 278 0.9192757147333356
278 313 -0.31616564353115606
278 279 0.29976062470813625
279 314 1.2850110812797995
279 280 1.012393847358816
280 315 -0.24428209682056012
281 316 0.8941139764516995
281 282 0.929053886612402
281 315 1.3434993922718337
282 317 0.03671319676977676
282 283 0.4880914555934205
283 318 0.0037126823269937378
283 284 -0.5031609161131138
284 319 1.0348861777056508
284 285 1.0097499836286807
285 320 1.0638587760370735
285 286 0.4631652034806743
286 321 0.11711034881994345
286 287 0.03524890708773687
287 322 -1.0728566027322848
287 288 1.3149483935899426
288 323 1.3137051364265258
288 289 0.09216278641266491
289 324 0.3907903943943177
289 290 -1.6183331066529247
290 325 -0.20683199704088293
290 291 1.1675763809256836
291 326 -0.7221606347851655
291 292 -1.2822235391236678
292 327 0.4146016560204988
292 293 -1.0041236287757003
293 328 -0.2576335605650514
293 294 -1.367684920877413
294 329 -1.073394655870272
294 295 0.9522338760647856
295 330 -2.179031066970538
295 296 -1.2176625669357448
296 331 0.5146441973229288
296 297 2.7766101305596496
297 332 0.621557623366949
297 298 0.8144034138815945
298 333 1.6460066135989813
298 299 -1.7566533529416477
299 334 0.09405630720991835
299 300 -0.7855188509567288
300 335 0.22012890015195072
300 301 1.4298325491388113
301 336 -0.32044392120184667
301 302 -0.4629969652420949
302 337 1.0635753353333866
302 303 -0.34954028545286453
303 338 0.5010759642174097
303 304 0.23591080472931233
304 339 -0.01787827819287643
304 305 0.7790314351868999
305 340 0.2552409233219458
305 306 -1.4376693562134821
306 341 0.5126764172672454
306 307 0.378488742974
307 342 0.021059919375846194
307 308 0.21577656847011917
308 343 1.2539033561096489
308 309 1.5275581222438985
309 344 -0.38818980423836236
309 310 1.6699895587348434
310 345 1.0226201496278242
310 311 1.4663395848203367
311 346 0.5685070352412064
311 312 -2.4044276325313354
312 347 0.2521184422936544
312 313 -1.504163682346056
313 348 -0.4375321187838007
313 314 1.344793987134633
314 349 -0.572533649175232
314 315 1.9319239525296878
315 350 -0.5246146413483802
316 351 0.7093679922028722
316 317 -1.181603453118934
316 350 1.007472885755509
317 352 0.021328076285640617
317 318 -0.3437003097144843
318 353 0.15826189310349825
318 319 -0.7561982129867192
319 354 -1.7813272326809269
319 320 1.0468510945575367
320 355 -2.2910253817266986
320 321 -0.5106532219119433
321 356 -1.8934422577340764
321 322 -0.105889334548497
322 357 0.786138810267091
322 323 0.34735464463354093
323 358 2.121495166893495
323 324 -0.20547551419374815
324 359 -1.5957578431422363
324 325 0.8721441813282327
325 360 1.0068978868049445
325 326 0.39549833350551167
326 361 0.5580150133795796
326 327 -1.9298427893263912
327 362 -1.280558640744237
327 328 -1.2318051563706802
328 363 -0.5863639505645708
328 329 -0.4842618110705143
329 364 1.145787106859905
329 330 0.12867379719149596
330 365 0.2635831544479789
330 331 0.6203129888656345
331 366 -0.464459557412781
331 332 0.14292022859001702
332 367 -1.217195144123651
332 333 0.7333822247873224
333 368 0.8763939698674403
333 334 -0.7038776580754854
334 369 -1.029881036799424
334 335 -1.9702185702249495
335 370 1.0251701653359857
335 336 -1.4554811094141247
336 371 -1.4843365889621316
336 337 0.016466772046040988
337 372 -0.21899005639436345
337 338 1.1440341435924375
338 373 -1.9355879520337858
338 339 -0.9324688139893564
339 374 1.534519856509307
339 340 0.006553974354768321
340 375 1.3627616858981342
340 341 0.23517146475960227
341 376 0.22540280892643955
341 342 0.39906023267420493
342 377 1.235569753255059
342 343 1.1859583043562254
343 378 -0.10689301829179929
343 344 0.4169282315692298
344 379 -1.3314820003434231
344 345 0.1848830320002616
345 380 -0.5391248785332434
345 346 1.8417206670926187
346 381 -1.1407990633528973
346 347 0.5200769156235027
347 382 0.07305058041575321
347 348 0.6679267817697007
348 383 -0.48898952103104454
348 349 0.22725237778995536
349 384 0.25896262182777385
349 350 0.6568307358954139
350 385 -1.7542695794019483
351 386 -1.0444558591402453
351 352 0.5858704707505767
351 385 0.19915255487668013
352 387 0.8626411689463246
352 353 -0.33553422448333603
353 388 0.008011801168099438
353 354 1.1118836373417278
354 389 -0.31547808929846644
354 355 0.6197486543761606
355 390 -0.5612246248917053
355 356 -0.0691608457946734
356 391 0.1763984435143464
356 357 -1.9832706893528185
357 392 -0.4040848709535267
357 358 0.6948983755550324
358 393 1.112617267796527
358 359 0.23000368011366767
359 394 2.497407240895647
359 360 2.210794992825667
360 395 -1.1151453999627066
360 361 0.4958516291073855
361 396 0.6570884591520094
361 362 -1.5349582085278841
362 397 0.716123219978355
362 363 1.0458386498235024
363 398 1.085229490732384
363 364 0.9001295248699496
364 399 -1.0387490985937655
364 365 -0.3015686417099235
365 400 0.7251416800183235
365 366 0.45803901565834343
366 401 1.4277771451299999
366 367 -0.49015864181908175
367 402 -0.32040381462934936
367 368 1.1371093247613797
368 403 1.8099634245174878
368 369 0.8047891387031947
369 404 0.49145385747375275
369 370 -0.09622931936597375
370 405 -0.11209114324968886
370 371 -0.6017651017264619
371 406 1.5683466912929065
371 372 -2.750822028776932
372 407 1.4022919468377741
372 373 -0.5686290514274661
373 408 -0.8196668915927758
373 374 0.44575515626538814
374 409 1.372921525375949
374 375 -0.09063274722780869
375 410 1.2374433993287393
375 376 -1.864266052312935
376 411 -0.3828546952828558
376 377 0.873939981469394
377 412 -1.6916202621734477
377 378 -0.9289094873814188
378 413 -0.08094327964895637
378 379 -0.658072635367409
379 414 -0.7399855431928558
379 380 1.2470705345205944
380 415 -0.13031362336737531
380 381 -0.5876287602334771
381 416 1.6827848549590132
381 382 0.6613599595800731
382 417 -0.01223421559438422
382 383 -0.5432071946298466
383 418 -1.1187483629964234
383 384 -1.2651260289819366
384 419 -0.10281988347980546
384 385 -1.7792018540606642
385 420 0.010185676874032245
386 421 0.025310817497494295
386 387 -1.0573905376809998
386 420 0.08764902108088007
387 422 -0.5399211784818975
387 388 0.4700241323516443
388 423 -1.1364698427376014
388 389 -1.205268166286617
389 424 -1.177549049081191
389 390 -0.5441143597212547
390 425 -0.24663299254367385
390 391 0.5945760328424807
391 426 -1.2410007688689244
391 392 -2.433250174547619
392 427 0.847013462360331
392 393 -1.3434348966550285
393 428 -1.106961378657862
393 394 -1.6056618118140034
394 429 -0.7662069451113062
394 395 1.6826175810579878
395 430 -1.0917420479621591
395 396 0.6848383385998401
396 431 -0.6086977703078882
396 397 0.225775652730559
397 432 -1.0547811135636018
397 398 -1.987561555083026
398 433 -0.05964455503213066
398 399 0.5090244194795757
399 434 0.5568615913628583
399 400 1.5771975200241763
400 435 1.1446200675571399
400 401 -0.6296534659843026
401 436 -1.0233663788130425
401 402 -1.8367763323710213
402 437 0.005328484643375122
402 403 0.9506480550346242
403 438 1.3042843314090795
403 404 0.251258256657783
404 439 0.16267148559186573
404 405 0.24934471345189704
405 440 -0.6864061333420771
405 406 -1.184066141195869
406 441 -0.36361828553053716
406 407 0.8305542107341503
407 442 -0.12077444744256928
407 408 -0.6083128684235374
408 443 0.021983122002105955
408 409 -0.3960474985963493
409 444 1.1471876487554205
409 410 0.31959452738198546
410 445 0.23816090052642847
410 411 -1.6475397194270711
411 446 0.23674067705266091
411 412 1.339478182735109
412 447 -0.17358548444194477
412 413 -0.5294829510344502
413 448 1.8835378416661617
413 414 -0.10921101907339946
414 449 0.6091157935580809
414 415 -0.7139150667326208
415 450 0.7603399191369719
415 416 1.288033984680832
416 451 -0.8256807247622258
416 417 0.4270565290179853
417 452 -0.2521622833439908
417 418 -1.0859699819871182
418 453 -1.506419048302997
418 419 -0.5421673439351344
419 454 0.800963134706553
419 420 -0.125893198533117
420 455 1.3202725259231785
421 456 -0.8699299157008922
421 422 -0.5242222898506919
421 455 1.024638997771866
422 457 1.0635425694551848
422 423 -0.6026291065353152
423 458 0.885086957697613
423 424 -0.28664959552758623
424 459 -0.8675382193905596
424 425 0.9650764429328428
425 460 -1.1857773726207614
425 426 -0.6062784886267558
426 461 -0.4441472414049493
426 427 -0.048876456036897796
427 462 0.30725348965511473
427 428 0.28600930156571036
428 463 1.896431575383262
428 429 2.7657747816745926
429 464 -0.3853964566641827
429 430 0.24398244784049622
430 465 3.5232219511552767
430 431 -0.015268728844239469
431 466 0.8255490208072831
431 432 0.8251826914448602
432 467 -1.8463197878281685
432 433 0.8915759199983215
433 468 -1.329698694434839
433 434 -0.8679206970058206
434 469 -0.48532634310042977
434 435 -0.7272310359061648
435 470 0.08277296900713142
435 436 -0.8998507496478433
436 471 0.26402499619009634
436 437 -0.1975517253999733
437 472 -0.6490479438411123
437 438 1.8281815397202048
438 473 -0.8023326986671147
438 439 0.837201256489857
439 474 -0.41803317174263893
439 440 -1.041733548284477
440 475 0.910534358017816
440 441 1.228296512857226
441 476 -0.3344503283116018
441 442 0.1814201235682273
442 477 0.0023851401077518157
442 443 -0.3204519881063591
443 478 -0.9726857543408575
443 444 0.8518349585741125
444 479 0.6637325327276946
444 445 -0.36036576153878785
445 480 -0.4922194531465995
445 446 0.05129110118468099
446 481 3.0144210469191366
446 447 -0.21554146251337636
447 482 -0.24657141957554737
447 448 0.19666769262851466
448 483 0.4951377240422483
448 449 -1.4465643406486242
449 484 0.07641892897305434
449 450 -0.02534689902998576
450 485 0.08276443712313192
450 451 1.1904010267656728
451 486 1.9685872567304086
451 452 -1.0779477665467505
452 487 -0.8835887471533739
452 453 -0.7964987576729912
453 488 -0.5378831322037861
453 454 -1.6891031493876534
454 489 0.04082268179201872
454 455 0.6062712037849443
455 490 1.7402951291741295
456 491 0.16681731588610277
456 457 -0.8894217973346578
456 490 0.5888017140748157
457 492 0.5625288343777526
457 458 -1.3186840325434248
458 493 -0.11047455688712457
458 459 -0.2984802096169866
459 494 0.901857578386515
459 460 -0.44391897839209626
460 495 0.21477106008400512
460 461 0.9697883994782732
461 496 -0.5454749939491793
461 462 0.08355879541326028
462 497 -1.7881885520878842
462 463 1.9407697142395839
463 498 0.3026126993278422
463 464 1.378791823781046
464 499 -0.47543577232386974
464 465 -0.7740277560221929
465 500 0.8743473511634486
465 466 -0.005864599418540869
466 501 -0.26957405150088104
466 467 0.5677450718479955
467 502 -0.9194886850889256
467 468 -0.44131636626550763
468 503 0.14161481153501018
468 469 1.0489397011497312
469 504 1.7975457723647001
469 470 1.6385165187334982
470 505 -2.6893193499406993
470 471 0.8777347475872478
471 506 -0.013522490399871707
471 472 1.9652144291410387
472 507 -0.24744971982985675
472 473 -1.3176194736303535
473 508 -0.45040851209483607
473 474 0.5633596633648932
474 509 0.2870999305723008
474 475 1.7918841390187252
475 510 1.0086347227855783
475 476 1.4972520323180099
476 511 -2.3171188486134007
476 477 -1.3688765412028676
477 512 1.3831168441705721
477 478 0.09078879691386216
478 513 -0.13735888011409986
478 479 0.6645385082335306
479 514 -1.240028686318031
479 480 -0.5659318038005343
480 515 -1.8451657423115024
480 481 -0.10912082109265255
481 516 -2.0368435956411286
481 482 1.0598623673602503
482 517 -0.23814986516131495
482 483 -0.2919841785929753
483 518 1.5441865177297949
483 484 0.4527522526891299
484 519 -0.1286499904429048
484 485 -0.2945550871044389
485 520 -1.0382862678240627
485 486 -0.6438727175249493
486 521 -1.0026515265339573
486 487 0.27697629777691357
487 522 -0.87367169848666
487 488 0.8165121115083952
488 523 -0.3008808621295251
488 489 -0.9530355836343812
489 524 1.7173160243776018
489 490 0.13500426893083312
490 525 -1.3315916838085589
491 526 1.290953477718161
491 492 0.961500236723191
491 525 1.8935575971519942
492 527 1.6735699313720813
492 493 -1.3988639685914201
493 528 -1.54300843736407
493 494 0.5619542757780146
494 529 -0.2009156988397645
494 495 -0.5512657934234994
495 530 -0.4227304726486495
495 496 -0.33563107259880365
496 531 -0.1252834240792436
496 497 -0.11250947087971876
497 532 -0.27651399801619
497 498 0.10781431171185235
498 533 -1.0618643502720977
498 499 0.3717252953057605
499 534 -0.8655851908883682
499 500 -0.5750848849313686
500 535 -0.7264554786334984
500 501 -0.12359897722825462
501 536 0.9708797054086996
501 502 1.243980353078795
502 537 -1.3204573186426685
502 503 -0.937143185421678
503 538 -2.3201522028160224
503 504 -1.6498753452284383
504 539 0.5514552257659837
504 505 0.08054925861438725
505 540 -0.1289969555034748
505 506 0.8752320265705537
506 541 -0.920978378194924
506 507 -0.7571590825546247
507 542 -1.391041123420543
507 508 -0.5299572543545279
508 543 -0.5861560102576763
508 509 -1.0397532073852342
509 544 1.861472085928216
509 510 0.664702410675382
510 545 -1.0511652793783541
510 511 -0.7805447542422632
511 546 -1.3595644985736954
511 512 -0.10090113079232205
512 547 0.46686639928439094
512 513 -0.0003687143471449993
513 548 -0.3610316249512939
513 514 0.7100250638876169
514 549 -0.8208369117360623
514 515 -0.8678418004769833
515 550 0.7327189454035236
515 516 1.2429514028486222
516 551 -0.4316589223639095
516 517 -1.4151671357230078
517 552 -0.5732522870209178
517 518 -0.5867933746484858
518 553 -1.5720563217189354
518 519 0.5968076310952304
519 554 0.25311466096689694
519 520 -1.0113332576224197
520 555 -1.1006476520982575
520 521 -1.8768582151540543
521 556 0.37449611541197053
521 522 -1.2155791907697238
522 557 -1.617003279959758
522 523 0.034488192050593384
523 558 -0.6598722160358091
523 524 -0.6204423345743898
524 559 -2.552884424288943
524 525 2.2265060010299846
525 560 0.5861478223336858
526 561 -0.827668650617432
526 527 -1.1607195598863405
526 560 0.33419312139422414
527 562 -0.06286111021111804
527 528 0.5259263050579128
528 563 0.5185126602882186
528 529 0.05205652195485696
529 564 0.4437295910941547
529 530 0.8824088236844226
530 565 -1.0579853638376187
530 531 0.8515650306236939
531 566 -0.4966203622324624
531 532 -0.29018711295877825
532 567 -0.22773822802256813
532 533 1.1527623488362735
533 568 -0.12239585478642959
533 534 1.5079841250111536
534 569 0.41059866190705363
534 535 -0.10178127356001691
535 570 -1.4839700243709424
535 536 -1.204826466428321
536 571 0.9340517394385791
536 537 0.5610974977438115
537 572 1.5617029444284636
537 538 -0.43147035874238443
538 573 0.4020846935561446
538 539 0.9658175615265743
539 574 -0.4380650128459365
539 540 0.10366067693225461
540 575 -0.05140473107152937
540 541 0.38419728608887527
541 576 0.540773605112958
541 542 -0.8206474999737482
542 577 0.07653207795661271
542 543 0.38039281983662704
543 578 0.1309802272148508
543 544 2.024113019607532
544 579 -0.06719431166756455
544 545 0.4236404207006732
545 580 -1.1234526498369815
545 546 1.4180159864553554
546 581 -1.0969716209526892
546 547 -1.3584122044188123
547 582 1.530134922511072
547 548 -1.1129331197337795
548 583 -0.8505718586988735
548 549 -0.44434092392079305
549 584 0.6294211940255827
549 550 0.9940844194550377
550 585 0.3085000665436906
550 551 -0.3260695565667268
551 586 -0.4821890372040784
551 552 -0.8609338503947256
552 587 -0.46469688122597735
552 553 -1.1296001927733192
553 588 2.4371476019455898
553 554 0.40591709557392736
554 589 -0.6609665303215881
554 555 1.2369882658787188
555 590 1.3132055942655425
555 556 -0.42277116684719274
556 591 0.5495988668728969
556 557 0.21274430906352954
557 592 -0.04261278354751803
557 558 -0.22492555705712433
558 593 -0.6987180345696954
558 559 -0.748803570695295
559 594 -1.7582992795611279
559 560 -1.7124408479482893
560 595 -0.7738240658489666
561 596 0.7402628191519849
561 562 -0.2161552176242123
561 595 0.16762766311962624
562 597 -1.4079675463195636
562 563 0.1797868885453627
563 598 1.3670521476265927
563 564 -0.9730425061587026
564 599 -0.5684041536674626
564 565 -0.15883809876948943
565 600 -1.7300614032594803
565 566 0.4210357933740608
566 601 -0.41521052039626527
566 567 -1.7539122561623042
567 602 -0.8665994779350176
567 568 2.088394543368813
568 603 0.17354788015342687
568 569 -0.9028257507579428
569 604 -1.3913475973059442
569 570 -0.38637154640574417
570 605 -1.3370709552990383
570 571 0.5274911392938261
571 606 -0.1562798832219274
571 572 1.2731848862554451
572 607 -0.5257023366695439
572 573 -1.315239384804904
573 608 -0.5569159543178706
573 574 0.058799570643797316
574 609 1.684125939642545
574 575 -0.7408953637892984
575 610 1.7506077990236177
575 576 0.8802029860952906
576 611 2.6226372992016644
576 577 -0.37341039232987067
577 612 -0.7098847495125076
577 578 0.7526469203402888
578 613 -1.426209542293609
578 579 0.8247278108128955
579 614 -1.470480596719064
579 580 -0.5473721714286255
580 615 0.08741637340248212
580 581 -1.4333252985039096
581 616 1.3444933302893847
581 582 -1.3011485067227297
582 617 -1.5934279248187375
582 583 1.0634805019082523
583 618 0.45228534633102335
583 584 -1.022387584046594
584 619 0.002185978780303263
584 585 -0.10140254422968843
585 620 0.7988320127107544
585 586 -2.292093592110202
586 621 0.08317493022492786
586 587 -0.2263393779625948
587 622 1.5234437995121852
587 588 -0.08276759047476612
588 623 0.9503975406688752
588 589 -2.3356258924834292
589 624 -0.38324188723750935
589 590 0.816220759736751
590 625 0.5444370148973428
590 591 1.7353197508938574
591 626 -0.6733633952897318
591 592 -1.1314386508931442
592 627 -0.5278781629094847
592 593 1.0938851590320233
593 628 0.16880353679234472
593 594 -0.5565838675948777
594 629 -1.3286485082784
594 595 -1.4285468759628037
595 630 0.4896696711594789
596 631 0.28352487757120537
596 597 1.1387556854838152
596 630 -0.6671479122998143
597 632 -1.9814513162548786
597 598 0.6581407500070605
598 633 -1.0155675447352117
598 599 1.200783662932647
599 634 1.4618193014475014
599 600 -2.688990546215647
600 635 -0.6197527181232346
600 601 1.994232446402943
601 636 -0.5712110692265551
601 602 0.042466933192482854
602 637 -2.2940703914470078
602 603 0.42654956663539484
603 638 0.7919773300204794
603 604 -0.035734889437381026
604 639 0.5460564133422476
604 605 0.1490828559639992
605 640 -0.6869503582933872
605 606 -0.226632147005713
606 641 0.05118200421946018
606 607 0.10809600306444073
607 642 -0.20254687644202454
607 608 1.3808999151102082
608 643 0.44609645230884043
608 609 0.05160101419376859
609 644 -0.84827893527297
609 610 -0.12380346900865574
610 645 -0.6841784589050409
610 611 2.314244252066747
611 646 -1.3383884039476186
611 612 -0.5882786609725267
612 647 -0.8828650896538107
612 613 -1.7052202580500795
613 648 -0.3311434409392257
613 614 -1.477148050094821
614 649 -0.14858718696235476
614 615 0.8684964739816379
615 650 0.774526488776413
615 616 1.0550070816774915
616 651 -0.2263083492997165
616 617 -0.6019479313670755
617 652 0.6906530137579404
617 618 0.36682220135222626
618 653 -1.4091254222032812
618 619 0.3198721949595614
619 654 0.2655103611179179
619 620 0.02077668630200284
620 655 0.9633562848840069
620 621 -0.004619663755107453
621 656 -0.01970004862150459
621 622 1.4398024742970563
622 657 1.2665880755311496
622 623 -0.3759328077585916
623 658 1.098834847955088
623 624 0.2744265597788154
624 659 1.1441722409314086
624 625 1.0826573025501258
625 660 1.7040329268602348
625 626 1.3059768251021668
626 661 0.6880257445151682
626 627 -0.8934903107985223
627 662 0.04858900233361718
627 628 0.838931074635667
628 663 0.28543348769880644
628 629 -0.41665860752151634
629 664 0.11416961217761869
629 630 0.622963944948549
630 665 -1.481711116894967
631 666 0.6586737061439056
631 632 0.4404548551130503
631 665 -1.4388452083982477
632 667 -1.1114526463834211
632 633 -1.5249862835206482
633 668 0.13040672293807712
633 634 0.29214240498981153
634 669 0.8856131525603061
634 635 1.356012782373308
635 670 0.3927221908668221
635 636 0.7298072199353454
636 671 0.2104346773306628
636 637 -0.09537640777419387
637 672 -0.8045899909137192
637 638 0.39861434835533016
638 673 -0.3590983146208923
638 639 -1.01736757155305
639 674 -0.37302251429581107
639 640 -0.7220965697593132
640 675 -1.2580059464038407
640 641 -2.5095698906076147
641 676 1.9166949188830833
641 642 0.9582848290047228
642 677 0.8543030340194394
642 643 1.9657815289548266
643 678 -0.5359404871889207
643 644 0.9738757093232836
644 679 -0.6692392638141734
644 645 -1.2712941392806754
645 680 0.10825680824580798
645 646 0.7259582920820707
646 681 1.0830419321079314
646 647 0.7512568500415115
647 682 -0.05474497277695117
647 648 0.18712491902800013
648 683 -1.1949668606114774
648 649 -0.17183869175303143
649 684 -0.7862022147641988
649 650 -0.7560121023340266
650 685 -0.7964983963285107
650 651 1.1657860728679181
651 686 0.4843686209523167
651 652 -1.3205332489067774
652 687 -1.9716186988642364
652 653 0.44663175851278847
653 688 0.49043005277985785
653 654 -0.07421474802968793
654 689 -0.48687846327726525
654 655 1.7646488925261377
655 690 -1.406897666526589
655 656 -0.22295110012251354
656 691 0.3527741039671637
656 657 0.23478920768505096
657 692 -0.48110604449627803
657 658 -0.11313484849783298
658 693 -0.08520515748017028
658 659 0.13792244354485111
659 694 -0.5841956120300286
659 660 1.929923040730097
660 695 1.4339126429028841
660 661 -2.1224279987843273
661 696 -0.06386136695249169
661 662 1.2260520756287576
662 697 0.5359911889032591
662 663 0.7420131685803625
663 698 0.45050517459679246
663 664 0.7306456980788661
664 699 1.7970307721233496
664 665 0.6615179561463113
665 700 0.27021774827470507
666 701 -1.2681425846411267
666 667 0.6036510384588057
666 700 -0.17779390322159813
667 702 0.04128559765653398
667 668 0.744686363067013
668 703 0.5621758426423177
668 669 0.8655408171971889
669 704 -0.8369715246708629
669 670 -0.5701987405615011
670 705 -2.044088628584546
670 671 0.6959923593103694
671 706 0.02140694007505457
671 672 -0.4100807207078626
672 707 -0.17364913978438204
672 673 0.7581603851195879
673 708 -0.8691659573461274
673 674 0.38813093678202476
674 709 -1.1559867513612205
674 675 -0.41929639283979153
675 710 -1.099179593781761
675 676 -0.11968500753545078
676 711 -1.0653244699996622
676 677 0.3066159498595088
677 712 1.4772463417725556
677 678 0.39988038024215217
678 713 0.6443415462744904
678 679 -1.1744155098258777
679 714 0.030619362318552782
679 680 0.19634069761162876
680 715 -0.8248968645761463
680 681 0.0034919231139328272
681 716 1.3291928456286166
681 682 -0.146797371057931
682 717 0.9390232117367983
682 683 0.8643691445638474
683 718 -0.921615953355913
683 684 -0.5389619561724495
684 719 0.8970816950632058
684 685 0.6805332758111756
685 720 -2.093881031716054
685 686 -0.127929300648424
686 721 -1.9363028531704194
686 687 0.663633635321467
687 722 1.6448589010120123
687 688 0.28260113028135925
688 723 0.9921716404796987
688 689 -1.2558842502730445
689 724 -0.736492070585724
689 690 -1.1407971823523542
690 725 -1.8883003378918337
690 691 0.3042306462601642
691 726 -1.4089080836186376
691 692 1.0409214266041877
692 727 0.48029156072875245
692 693 0.6376336905490839
693 728 0.1702169435786572
693 694 -0.21960457075230855
694 729 -0.1267781511290703
694 695 -0.4456496376976643
695 730 -1.4540982302259722
695 696 0.3237091433570812
696 731 0.9638415538962104
696 697 0.6417207491146045
697 732 -0.9407226028739268
697 698 -0.9892086910096869
698 733 0.8333472141626714
698 699 0.25525332724067806
699 734 0.7155189911730744
699 700 1.016211055217043
700 735 -0.5221896560310606
701 736 0.6435735589948056
701 702 0.34289507835385735
701 735 -0.04453229616198358
702 737 1.490979495438817
702 703 -0.8842349124044816
703 738 -0.5671379452799941
703 704 0.14805293728736213
704 739 0.08136183969196464
704 705 -2.027532605064495
705 740 -1.0363403191855913
705 706 0.20173020311870254
706 741 2.9608353800816456
706 707 0.6559399773774937
707 742 -0.0019714950053020563
707 708 0.685756899007548
708 743 0.8268746153360303
708 709 -1.032962858433892
709 744 -0.38920323693739506
709 710 0.6237993807307874
710 745 -0.5696252746461982
710 711 1.0066709634419067
711 746 -0.9619308973390207
711 712 0.9587463508871643
712 747 -0.3967875082606458
712 713 0.09983679409808441
713 748 2.1515401240589664
713 714 0.24613963566793898
714 749 -0.2066552930579277
714 715 0.15785108594188232
715 750 2.1528982709625475
715 716 -0.3465054029294474
716 751 2.0675311251790753
716 717 0.6706190557493327
717 752 -0.4595043978365541
717 718 1.1490116755912025
718 753 -0.2799070632970582
718 719 1.4493186073952686
719 754 -0.4552139895111233
719 720 0.7903614511182346
720 755 -0.35863655581713444
720 721 0.9607546176221897
721 756 -1.1634953920551885
721 722 0.3453472635859579
722 757 1.5388346459848277
722 723 0.5347581942640419
723 758 0.06397873376671517
723 724 1.7500099226101382
724 759 -0.47352734253336515
724 725 -0.13902485138347823
725 760 1.2726493084533401
725 726 0.8912837823098942
726 761 0.18190108993769336
726 727 0.4784527865836038
727 762 -0.24066297125196215
727 728 0.455615875451595
728 763 -0.48770900110188764
728 729 0.05316433542773125
729 764 0.29257021408393
729 730 1.3794450234416853
730 765 0.6795542972652641
730 731 -0.8310287146774387
731 766 0.6200861594099398
731 732 0.14910593346068737
732 767 -1.0620735065698916
732 733 -1.2128800997725828
733 768 0.09514204592918288
733 734 1.3737426037231375
734 769 1.0555022268065624
734 735 -0.8805854092496573
735 770 -0.8024871862159085
736 771 0.09354476890495224
736 737 0.12261705324437021
736 770 -2.4770358674506334
737 772 1.6171778201170264
737 738 -1.5048165170338732
738 773 -1.5539527825845108
738 739 0.4357061420338412
739 774 1.3612658301164504
739 740 1.5338162198193124
740 775 -0.02078005282515083
740 741 -0.026640284980274834
741 776 -0.07498218203571758
741 742 -1.265850929992426
742 777 -0.07966069289706539
742 743 -0.2827930402924921
743 778 -0.9073322133596115
743 744 -1.1440151313808782
744 779 1.4824081095142827
744 745 -0.3341847735135575
745 780 1.2188166724703142
745 746 -2.0446814132342905
746 781 -0.48071851588587855
746 747 -0.5800892927496963
747 782 -0.3732953139886588
747 748 0.6090069832071338
748 783 -0.6103735304223326
748 749 -0.763067199730793
749 784 -1.3220218221380895
749 750 -0.39636899875280335
750 785 -0.16504180479755803
750 751 0.07666123029156885
751 786 0.4002563105829526
751 752 -2.3282914124764793
752 787 -0.4464373542647846
752 753 0.8098606361139314
753 788 0.17105637346032984
753 754 -0.9073597500636448
754 789 0.7889447408598111
754 755 -1.3214936149512666
755 790 0.11895054011901575
755 756 -0.3879163542486241
756 791 -0.4894258334168411
756 757 0.6114062226864598
757 792 0.17206189694577684
757 758 -1.045382779080512
758 793 0.6504399842395426
758 759 1.9611252495954747
759 794 0.6918539391211563
759 760 -1.2064790543868271
760 795 -0.5946830582923175
760 761 -0.44633463480964675
761 796 -0.3242854027437157
761 762 -1.0388419580609314
762 797 -0.616765640710821
762 763 0.05870888864178449
763 798 -2.129453328154923
763 764 0.6442607985457538
764 799 -0.10892675616913002
764 765 0.24700464703411748
765 800 -0.5670523815478729
765 766 2.147883151292581
766 801 0.8868417337821303
766 767 0.001530095309435286
767 802 0.9368311857193817
767 768 -1.093239978055702
768 803 -0.5753907529070479
768 769 -1.2653068103832814
769 804 -0.05067739411415827
769 770 -2.142038508441537
770 805 -0.6470342280089926
771 806 -1.0209014243831567
771 772 0.24515007581672996
771 805 0.5737376911825289
772 807 1.0797500554486332
772 773 1.2975702085116416
773 808 1.3942098981133344
773 774 -0.8381901078529442
774 809 -0.20879667631511106
774 775 -0.4536175347176593
775 810 -0.047722270159418705
775 776 -1.105481668888673
776 811 0.2902144336140248
776 777 0.43617904791095974
777 812 -1.3513372637624474
777 778 -0.5910593202283272
778 813 -1.4769218671304858
778 779 0.7032357448279828
779 814 -0.4288134493326534
779 780 1.2157690176013745
780 815 0.2924711420134374
780 781 0.11421082729563876
781 816 0.7596735516258198
781 782 1.1331314523715572
782 817 -0.08302347469842007
782 783 -0.8392150269049309
783 818 2.132029017537759
783 784 -1.714787603102775
784 819 -0.9348175474146098
784 785 -0.6735552982881452
785 820 -0.42426640091657974
785 786 -0.03880234377812589
786 821 -0.7825175271812684
786 787 -0.14501252639182943
787 822 0.3216030517670489
787 788 -0.9772965207325939
788 823 0.03497809135810079
788 789 -0.05861448487046557
789 824 0.42713903331695174
789 790 -0.36631472442165197
790 825 -0.7498463573287139
790 791 0.5431078606910338
791 826 0.24924047700626525
791 792 0.04384146801100187
792 827 -0.3847696592202867
792 793 -0.28107569058668386
793 828 0.26369305688611544
793 794 0.9911025241186449
794 829 0.3104294328322686
794 795 0.8988169128417348
795 830 -0.09233066426646493
795 796 -0.08583291566269159
796 831 1.6538594804969784
796 797 0.5430563343487589
797 832 -0.30963479623160106
797 798 -1.2201584211882663
798 833 -0.8565363979088871
798 799 0.14063880854466942
799 834 1.5375321427406259
799 800 -0.8356994527684153
800 835 -0.47154838085424683
800 801 0.07418047276646134
801 836 -0.08587286237612728
801 802 0.8293735588079201
802 837 -0.13155931048989453
802 803 1.28025422946703
803 838 -0.21795025617055933
803 804 -0.32205112251230256
804 839 -0.009082806714326153
804 805 0.7640039927419009
805 840 -1.432891345637036
806 841 -0.28642947348051845
806 807 -0.5676715527194893
806 840 0.057281201422813406
807 842 0.54040673462125
807 808 0.6927737177929759
808 843 -1.2357842723999435
808 809 -1.5700241564269102
809 844 0.3264539445306228
809 810 -0.4073391862089176
810 845 -1.3452945381792907
810 811 -0.6901935956253581
811 846 1.01347719843828
811 812 -0.8763491151294227
812 847 0.16509775439829655
812 813 0.5433468485172356
813 848 -2.1448646865662555
813 814 -1.1501359684801993
814 849 -2.3959119735213528
814 815 0.42226173307689574
815 850 1.2961977573726624
815 816 1.3010387743321545
816 851 0.8831175846224557
816 817 0.49920616931690254
817 852 -2.1027106176808275
817 818 1.0747236688316355
818 853 1.0392882749454884
818 819 1.249787100511654
819 854 -1.671760750989194
819 820 0.6810183612606777
820 855 0.29057742618236726
820 821 0.833744855482796
821 856 0.5266077940206126
821 822 -0.6400103328210857
822 857 -0.8811217853466138
822 823 2.0824384863147207
823 858 -0.4154184633758866
823 824 0.8147950547818164
824 859 0.5043868071814452
824 825 0.875239741458878
825 860 0.424126991949005
825 826 -0.05808094029519933
826 861 -1.3611647246426524
826 827 1.0498163897131656
827 862 0.07290827494886723
827 828 1.3235076440003666
828 863 0.8463656977945806
828 829 0.0006220139859285152
829 864 1.5146291614067204
829 830 0.8883233881615201
830 865 1.8391046337164263
830 831 0.5017769126290077
831 866 0.6203609381418211
831 832 2.561231110578318
832 867 1.3327112918656692
832 833 1.065358717124539
833 868 -2.0967537872821116
833 834 0.7970874553387729
834 869 -1.054540405331445
834 835 -0.010320025698408892
835 870 1.50350334462416
835 836 1.5113428243564453
836 871 0.22971918548865525
836 837 -0.5639710029006433
837 872 -1.1969175881574257
837 838 0.691766481331922
838 873 -0.4842992647852927
838 839 2.174365356575248
839 874 1.1790488376994426
839 840 -0.20343827099534095
840 875 -1.248660741137702
841 876 -0.2731799346411161
841 842 -1.328947835317933
841 875 0.8416991620459097
842 877 0.24564054821447953
842 843 -1.709337951565042
843 878 1.567229304233565
843 844 -0.691889604134592
844 879 1.210179541285144
844 845 -0.03540378315670611
845 880 0.250611314123413
845 846 -0.041274971003968514
846 881 -0.08286057241494134
846 847 0.03896523486829007
847 882 -0.33320716603157063
847 848 -0.35795687273103166
848 883 0.5504839570285995
848 849 -0.2515958562232659
849 884 -1.9448802349089849
849 850 -0.13563157006721355
850 885 -0.8461898438860901
850 851 0.41721000125961377
851 886 0.2027909162079797
851 852 -0.6278259992566969
852 887 0.3182254178776412
852 853 0.2928287307723853
853 888 0.11055736476821607
853 854 -0.2607260538182824
854 889 -0.321031587851997
854 855 -0.40924159790613723
855 890 -1.1271203462458013
855 856 0.012704789934260363
856 891 1.6300857236333648
856 857 -0.9972143898111778
857 892 0.4561375006262394
857 858 0.6410572072615797
858 893 1.463058367407095
858 859 -0.0027913298536302463
859 894 0.804944261785648
859 860 0.19769914556112575
860 895 -0.20733050282627083
860 861 -0.5652024662021703
861 896 -0.2882272150943589
861 862 -1.260785708122526
862 897 1.2055790707872276
862 863 -0.9732218299422014
863 898 1.6500083203717464
863 864 1.1625445848190774
864 899 0.3832418553631971
864 865 0.8085028929174161
865 900 0.4120004023483782
865 866 1.3203577770658588
866 901 0.9100400626900816
866 867 -1.5598868708443363
867 902 -1.0850235359205003
867 868 0.07996553134311445
868 903 -1.1843805142911077
868 869 -0.032606810466875615
869 904 -0.38151950869039486
869 870 0.5825196922410414
870 905 2.1654413819215748
870 871 0.6648839814933859
871 906 1.5952731864347967
871 872 -1.1857218570457972
872 907 0.010534285111339
872 873 0.12703117311646303
873 908 0.26978184104434805
873 874 0.22501384121893528
874 909 -0.9989279251468303
874 875 -0.11783441333366106
875 910 -0.29836164710019547
876 911 -2.186786260308066
876 877 0.3305636215267793
876 910 0.05168405877815887
877 912 0.16717890601872604
877 878 -0.5422297408083425
878 913 0.8406917504735771
878 879 0.944408957768945
879 914 -0.5788507042737127
879 880 -0.7025690452801288
880 915 0.10234799421595328
880 881 1.078344299501123
881 916 0.2610622128153682
881 882 -1.4727021264124798
882 917 2.2257031653735813
882 883 0.2848299904990163
883 918 0.08982562013178838
883 884 -1.0240598029249088
884 919 -0.07026294376655284
884 885 -1.42001617710283
885 920 1.0471987786648151
885 886 0.5369792343280204
886 921 -1.1693657594143356
886 887 0.18210079109514388
887 922 0.24937049909795875
887 888 1.9146162103010176
888 923 -1.4786556307885699
888 889 -0.4699804912125271
889 924 -0.6283458880858102
889 890 -1.6698887307806334
890 925 -0.4246560394628406
890 891 1.1236868293898008
891 926 0.7608944042570788
891 892 -0.46599612517370603
892 927 0.35602869605290055
892 893 0.1401111520649945
893 928 0.2359741978321955
893 894 0.3369232239848638
894 929 -2.8228370708817416
894 895 0.1405939988603594
895 930 0.6639850429121901
895 896 -1.1605169200916061
896 931 1.1433333179801433
896 897 1.5076042321861753
897 932 -0.48512310657819396
897 898 0.7549622329979506
898 933 -0.22290548462752502
898 899 -0.007888880526717965
899 934 0.10059399185320564
899 900 -0.12840897651140404
900 935 -0.5250867233451324
900 901 -0.7831010782314073
901 936 -0.11313743111258218
901 902 1.033665559489579
902 937 1.1545904178574073
902 903 -0.6637586034389553
903 938 0.08117578180637877
903 904 -1.62547517431982
904 939 -1.2671951138370476
904 905 1.6586532968237868
905 940 0.5347733075259407
905 906 1.8592708825515436
906 941 0.1192100031126321
906 907 -0.5678595966908199
907 942 1.3175056154310127
907 908 -1.402612303757593
908 943 1.7520317647721446
908 909 -1.0463454307049949
909 944 -0.4713559768787088
909 910 0.07364025400764097
910 945 -0.36789639287893067
911 946 0.24728677976288374
911 912 -0.9119608385703645
911 945 -0.8678305112890106
912 947 -0.2694508212298474
912 913 0.3501523332493144
913 948 -0.6656292189372219
913 914 0.3190640897676295
914 949 1.2568586513158773
914 915 -2.2961134603082094
915 950 0.8886851421181443
915 916 0.5505240746578922
916 951 -0.5021429326084225
916 917 0.06941352799789878
917 952 -0.3259698696856198
917 918 1.4967091764413851
918 953 -0.17241664503308593
918 919 0.37075936370597584
919 954 1.2035767562016761
919 920 2.353403214536591
920 955 -2.070590174388872
920 921 -0.06768624471853085
921 956 -1.640000034379572
921 922 1.1193567913607485
922 957 0.5034921414125639
922 923 -0.19549975351571408
923 958 1.5235643983285523
923 924 -0.09679953947993895
924 959 -1.5490164919937002
924 925 0.49064270920061626
925 960 -1.7744703898436052
925 926 1.26341511270126
926 961 -1.4265038926675946
926 927 -0.1250650895190611
927 962 -1.3628030453780569
927 928 -0.45433156301517524
928 963 -0.26768821643485563
928 929 1.283170378534399
929 964 0.5559346990358919
929 930 -0.7253905024407046
930 965 -0.1552831825601471
930 931 -1.0945688082183764
931 966 -2.183747829410863
931 932 -0.19140180096260379
932 967 0.7542808541789409
932 933 -0.6738772748847774
933 968 2.686380421940213
933 934 0.6758149553635372
934 969 -1.5093909697865997
934 935 1.6182548152249554
935 970 0.623707117038613
935 936 0.2520226679825924
936 971 -0.004682247243648405
936 937 0.2410361629265387
937 972 -0.5933156381318585
937 938 -1.3514163266209949
938 973 1.443334376791352
938 939 0.12878083946224808
939 974 1.078448331835961
939 940 1.3609877102554118
940 975 -0.9886702523258937
940 941 1.057532788069658
941 976 0.3783741804495759
941 942 -1.4883859202312653
942 977 -0.3236730189803279
942 943 1.1484813783513304
943 978 0.36133038141016155
943 944 0.5853379103517428
944 979 0.9710263903118904
944 945 0.7181167731311308
945 980 0.5953803696708727
946 981 -0.6345769994666322
946 947 -0.8571341672095443
946 980 -0.7008924211641547
947 982 0.5354009390927023
947 948 0.5214184354908898
948 983 -3.124209717620527
948 949 -0.4632593301480574
949 984 -1.5761932272735242
949 950 -0.4687794963732901
950 985 0.05979659406696395
950 951 -0.8469127699434046
951 986 0.21452323926688582
951 952 -0.22828986728709616
952 987 0.9401710693694784
952 953 1.6694031830399538
953 988 -0.5447778839668367
953 954 -1.0626354673007028
954 989 0.6136351501209987
954 955 -0.9971422418684205
955 990 0.1914328412200849
955 956 0.18963247479456743
956 991 1.591770327317493
956 957 -0.4853554029341899
957 992 -1.301871045141251
957 958 -0.7994859240175097
958 993 0.14786032312293113
958 959 1.9864571157146014
959 994 0.8367291324023043
959 960 0.6976512517763371
960 995 1.1960546935875669
960 961 0.8354190128283647
961 996 -1.1861528301316473
961 962 0.4871250888192245
962 997 0.4651712123160093
962 963 0.5903694141332602
963 998 -0.13410815514194488
963 964 -0.638063106999703
964 999 0.6970008428923185
964 965 0.15650991489605326
965 1000 0.47161231526626884
965 966 2.4085933888826063
966 1001 -0.6473456772275915
966 967 -1.4913903259113086
967 1002 -0.2809093852265795
967 968 0.3895366410944987
968 1003 -0.3379193679710734
968 969 -0.8154283537201188
969 1004 -1.206784146721448
969 970 1.0275643366332514
970 1005 -0.6569322628911078
970 971 -1.0166843757276396
971 1006 0.4992481376319001
971 972 -0.9510125454301162
972 1007 -0.511093598589182
972 973 0.15624567294735253
973 1008 -0.8716687790413316
973 974 2.439435866831608
974 1009 -0.7878549412208418
974 975 -1.9115852621660476
975 1010 -0.10298436163295717
975 976 1.431481523190043
976 1011 1.2571998236677016
976 977 -1.6878541816873205
977 1012 -1.0773889140376036
977 978 -0.20328578000181433
978 1013 0.8609413739920787
978 979 0.7617161569619145
979 1014 0.5306637801984452
979 980 -0.03455165444675949
980 1015 -0.726873039663115
981 1016 1.2164972398260323
981 982 0.9130379942206556
981 1015 -0.16713080523197596
982 1017 -1.0641018382576082
982 983 -1.0368309632380805
983 1018 -0.5513534248181717
983 984 2.021570555438758
984 1019 -0.572230655608662
984 985 0.8533198262283633
985 1020 -1.5023404113248031
985 986 0.2828345770205312
986 1021 -0.5975187372380648
986 987 1.208828202744144
987 1022 0.8878121267416345
987 988 0.7376432725854951
988 1023 -0.20960654597992237
988 989 0.8893554404114019
989 1024 -1.3730269273272535
989 990 -1.0765374513419703
990 1025 -1.4031447977212552
990 991 -1.5657785713338868
991 1026 0.7513170485524323
991 992 0.8220957610028571
992 1027 -0.18246934755433916
992 993 -1.5796340412144747
993 1028 0.38219970902837835
993 994 -0.22098895861475204
994 1029 1.5939063859909832
994 995 -0.14827639799521677
995 1030 -0.614531705050506
995 996 0.4042331241563017
996 1031 0.07258755360210192
996 997 -0.20830558273447486
997 1032 0.4812985963677896
997 998 1.0428406373052879
998 1033 -1.4882754804810747
998 999 0.7383689740933606
999 1034 -0.793563058988217
999 1000 -1.479329728740952
1000 1035 -0.23805437687633743
1000 1001 2.7468812006044208
1001 1036 0.9798441334879006
1001 1002 -1.0226458150065898
1002 1037 0.7903287995790171
1002 1003 -0.2564121316260048
1003 1038 -2.397676851583124
1003 1004 0.4831883863110731
1004 1039 -1.2924482058686335
1004 1005 -1.1095291099769127
1005 1040 0.6801959062264554
1005 1006 0.2906257129263272
1006 1041 -0.0519760565131285
1006 1007 0.27613225165426275
1007 1042 1.061960197940808
1007 1008 -0.28252202468073484
1008 1043 -1.004361472427962
1008 1009 -0.5517399658140106
1009 1044 -1.5492499717411836
1009 1010 0.4629416290061273
1010 1045 -2.3473821041374037
1010 1011 -0.05902974952393593
1011 1046 -0.6320295781634064
1011 1012 -0.2226597283163018
1012 1047 0.007440803904233854
1012 1013 -0.7227242692340801
1013 1048 0.7665502459396448
1013 1014 0.5828606860535211
1014 1049 1.1363258496043411
1014 1015 -0.5631458719810176
1015 1050 1.3598952127813864
1016 1051 0.9982087811494239
1016 1017 1.0169457599094165
1016 1050 -0.1658750811270757
1017 1052 0.13627183945813065
1017 1018 0.970395783118667
1018 1053 0.20967386290398946
1018 1019 -0.6500981544963342
1019 1054 -1.8481293025787218
1019 1020 -0.09669300040414201
1020 1055 1.21166127319384
1020 1021 0.16521424002785343
1021 1056 0.6555217375777923
1021 1022 0.5196850886114962
1022 1057 -1.3834153937955536
1022 1023 -0.9584192402733628
1023 1058 -0.89664782026569
1023 1024 -2.281078269492228
1024 1059 0.9439491535002238
1024 1025 -0.9010619327102501
1025 1060 -0.32266584646591423
1025 1026 -0.12381462105523378
1026 1061 -1.043595995287672
1026 1027 2.012485173025574
1027 1062 -1.0276898504353815
1027 1028 -0.3589718478046597
1028 1063 -0.33524136653843684
1028 1029 -2.5220572071858345
1029 1064 -0.7604827758766535
1029 1030 0.6829968059956018
1030 1065 0.009420414491451123
1030 1031 -0.7983996499307628
1031 1066 1.0757332826809145
1031 1032 1.4921113951877132
1032 1067 1.5804778518154436
1032 1033 1.1151680573568075
1033 1068 -1.434740673244038
1033 1034 0.8926880615916174
1034 1069 1.5693493615910787
1034 1035 -1.3115709630189518
1035 1070 -0.5129462284257699
1035 1036 -0.9307170338469044
1036 1071 0.6538646336462088
1036 1037 -1.1953510250761947
1037 1072 1.0444340490259905
1037 1038 -2.057923038917115
1038 1073 -0.8691891444208489
1038 1039 0.9142714861301097
1039 1074 1.0442733103263704
1039 1040 0.2796796805078194
1040 1075 -1.155391899825581
1040 1041 -1.4580083336521739
1041 1076 1.4606602236873558
1041 1042 1.2151384651031123
1042 1077 -1.3531593274801812
1042 1043 -0.17297419461647046
1043 1078 -0.06347715332632188
1043 1044 0.2794709325218334
1044 1079 0.6184799086921294
1044 1045 -0.05555020576145817
1045 1080 0.04992218061407303
1045 1046 0.5382849871716642
1046 1081 0.6052305761923357
1046 1047 0.8070405376590539
1047 1082 1.0627122816439605
1047 1048 0.49134307195462534
1048 1083 0.14183251628282822
1048 1049 0.9083520669210593
1049 1084 -0.6590947401004468
1049 1050 0.426547314055789
1050 1085 0.741318617520112
1051 1086 -1.918118370093436
1051 1052 1.85511565542317
1051 1085 0.26881679216639254
1052 1087 -0.4622022903374022
1052 1053 0.1059995811397039
1053 1088 1.249619143392558
1053 1054 -1.1898008162781266
1054 1089 -1.2431068589100334
1054 1055 0.5290667983331352
1055 1090 0.20582532091903882
1055 1056 -1.004574614209783
1056 1091 1.1798727747024023
1056 1057 0.5286310567810876
1057 1092 0.6645385216040213
1057 1058 -0.5964468412969612
1058 1093 -3.425531284453756
1058 1059 0.578604977739504
1059 1094 -0.8385370960918661
1059 1060 -0.2411460017274747
1060 1095 -0.02019340513353259
1060 1061 0.08199604742853009
1061 1096 1.602417843933731
1061 1062 0.7561873202819498
1062 1097 -0.9332521849803095
1062 1063 0.4524795793941727
1063 1098 0.8755285990779154
1063 1064 0.023616114535479897
1064 1099 0.5112654491506466
1064 1065 1.9390750393052498
1065 1100 -1.2385208390127824
1065 1066 1.3636537443794798
1066 1101 1.0809616491841483
1066 1067 0.491420742325611
1067 1102 0.6149483937429869
1067 1068 -0.7712986893614456
1068 1103 0.9167479257085585
1068 1069 0.2442180232112591
1069 1104 0.7870519045658614
1069 1070 0.044298072292232746
1070 1105 1.6033276714112126
1070 1071 0.3233135121124511
1071 1106 -0.05995885952148449
1071 1072 0.7308346193731622
1072 1107 -1.403281172608527
1072 1073 0.08306953358631833
1073 1108 0.3572356439387861
1073 1074 0.07895674391486426
1074 1109 2.6071250566279316
1074 1075 0.4446209514417644
1075 1110 -0.6045700836033603
1075 1076 0.18028918532873253
1076 1111 2.622225292170945
1076 1077 -0.4234952704971977
1077 1112 0.559607296144518
1077 1078 -0.8693806378209885
1078 1113 -1.3348672763103702
1078 1079 -1.418206182559461
1079 1114 0.7575683507930213
1079 1080 -0.5715577518008421
1080 1115 -1.9723393188154583
1080 1081 -0.9638603494313521
1081 1116 1.0674177091066535
1081 1082 1.3124836611754223
1082 1117 1.0684980179046315
1082 1083 -0.5041724501116819
1083 1118 0.3269990688829664
1083 1084 0.4888485270147178
1084 1119 1.7711611055573213
1084 1085 1.3578682837120029
1085 1120 1.5562651203224591
1086 1121 0.31509747257716
1086 1087 0.20358000793366107
1086 1120 0.7004750663456161
1087 1122 0.9361596002933947
1087 1088 0.24677785678871075
1088 1123 1.8936648457460548
1088 1089 1.0316274072338
1089 1124 0.9442119260594638
1089 1090 1.3833678445661552
1090 1125 -1.3818415052357527
1090 1091 -0.5251744935926757
1091 1126 -0.7917937471897742
1091 1092 0.5022298001315038
1092 1127 0.1554897551665345
1092 1093 1.047968936259928
1093 1128 0.7440003036220133
1093 1094 -0.06677789763535195
1094 1129 1.0859056584439488
1094 1095 -0.9174210739498946
1095 1130 0.8499261989624813
1095 1096 0.20934197146852235
1096 1131 0.49311410346052553
1096 1097 2.138555776387006
1097 1132 0.839403473538001
1097 1098 -0.5004573021867137
1098 1133 0.9516259283920215
1098 1099 0.3696909045418828
1099 1134 0.4560810109384692
1099 1100 1.2706843929574239
1100 1135 1.2481520570503466
1100 1101 1.198346916926195
1101 1136 -0.6586299918692717
1101 1102 -0.4298853707056975
1102 1137 0.7725932836364341
1102 1103 -1.4139491915959286
1103 1138 1.2986418482181354
1103 1104 0.8705331357785046
1104 1139 -0.8558366127701984
1104 1105 0.9970418304461441
1105 1140 -1.1970614611338635
1105 1106 0.17596300203837467
1106 1141 -1.7598901261860165
1106 1107 -1.420997426133282
1107 1142 1.0229160661927892
1107 1108 -0.07943493782902233
1108 1143 -0.5083288676287232
1108 1109 -0.1424089332454065
1109 1144 0.5856358954286769
1109 1110 -1.7658684260531423
1110 1145 -0.49877587004708607
1110 1111 -1.223469489339034
1111 1146 1.0907154899016833
1111 1112 0.09620434734914556
1112 1147 0.30649705989391607
1112 1113 0.6939647725956926
1113 1148 -0.3943180887205784
1113 1114 1.0452739895384187
1114 1149 -1.4456028910553094
1114 1115 -0.9084273864803138
1115 1150 2.0846244221666836
1115 1116 0.6250036772809052
1116 1151 -0.5667786010486588
1116 1117 1.0787251619353473
1117 1152 0.3393152132903646
1117 1118 -0.177220620932132
1118 1153 0.25638673500632464
1118 1119 -0.5710098290971491
1119 1154 0.5399290772145809
1119 1120 1.8106516663565864
1120 1155 -1.3149877022847896
1121 1156 0.6355718239383855
1121 1122 -1.6039797702656615
1121 1155 -0.7804293987413078
1122 1157 0.0099554021134597
1122 1123 1.9125918527044188
1123 1158 -1.3427659673276842
1123 1124 -0.2626253643574904
1124 1159 -0.622244703232557
1124 1125 0.0615008276258685
1125 1160 -0.2241920191727258
1125 1126 0.8141141755487586
1126 1161 -0.09601955732459305
1126 1127 0.22487681800618062
1127 1162 0.9860301806319333
1127 1128 -0.4271814969650119
1128 1163 0.30372350148298466
1128 1129 -0.8176717630861621
1129 1164 1.1011866034161961
1129 1130 -2.2987663235008435
1130 1165 -2.322771387139352
1130 1131 1.385183085481735
1131 1166 1.244872600221066
1131 1132 -1.2421486065047425
1132 1167 -0.5829168001825675
1132 1133 -0.374753868669879
1133 1168 -0.48148137334527535
1133 1134 -1.081725100764309
1134 1169 -0.31525165857926973
1134 1135 -1.5354342198711621
1135 1170 1.3703376108952467
1135 1136 -1.7742832111854858
1136 1171 -0.38720880750356435
1136 1137 -1.7817526315154193
1137 1172 -0.7366453175804827
1137 1138 -0.518915808819942
1138 1173 0.30136468125546106
1138 1139 -0.32633537621328434
1139 1174 0.040670553775738624
1139 1140 1.4763313560744662
1140 1175 -0.3206947334441496
1140 1141 0.7216088055953456
1141 1176 0.03333756355291354
1141 1142 -0.5037917551836867
1142 1177 -0.34643400885267533
1142 1143 -0.5890003030784972
1143 1178 -0.9654415490624126
1143 1144 -0.9976602266350287
1144 1179 -0.48710950170615297
1144 1145 0.5264622826406076
1145 1180 0.06604844207754704
1145 1146 0.36790309206047056
1146 1181 0.2907229637968255
1146 1147 1.11110706341805
1147 1182 0.0020030486095017684
1147 1148 0.747781480507677
1148 1183 0.8132806441238349
1148 1149 -2.116473216039221
1149 1184 1.1081616967395271
1149 1150 -2.0800945960115342
1150 1185 0.8558879645079941
1150 1151 1.180618775657633
1151 1186 -2.2328831651564807
1151 1152 0.1877823585102843
1152 1187 -1.9671247286675402
1152 1153 -1.1996703021072288
1153 1188 0.40077726133133357
1153 1154 1.4093560489418744
1154 1189 1.0259106769537174
1154 1155 0.5876938559490976
1155 1190 1.0345979136230554
1156 1157 0.49703027380365206
1156 1190 0.6747589300858642
1157 1158 0.057149013606803384
1158 1159 -1.2058779427774995
1159 1160 0.5723780657761859
1160 1161 -1.2260754800081102
1161 1162 -0.028661994224278176
1162 1163 -0.04657557371324099
1163 1164 1.1748542018947499
1164 1165 0.819998861861666
1165 1166 0.7522324973140171
1166 1167 -0.5032822094425068
1167 1168 -1.1611513669402134
1168 1169 -0.09866471630954708
1169 1170 -0.4932001913822103
1170 1171 -1.0048781331442733
1171 1172 -0.34047764574470285
1172 1173 -0.284513956423132
1173 1174 -0.19074933907104627
1174 1175 -0.5129270422477117
1175 1176 0.1091717124685946
1176 1177 -0.8126975512173233
1177 1178 -0.47885671972452876
1178 1179 -1.0795905105882277
1179 1180 -0.3869234669346727
1180 1181 1.5142748357568683
1181 1182 -1.075622838173032
1182 1183 -0.04113150146269279
1183 1184 1.7446410516742676
1184 1185 -0.9885087583497932
1185 1186 0.486890745260761
1186 1187 0.18454370818033128
1187 1188 0.4943498164090237
1188 1189 0.7687957620934529
1189 1190 -1.1270222631578395
