1225 2450
1 36 -1.6615255218665492
1 1191 -0.37879671497808964
1 2 -0.23955400118455872
1 35 0.4116260057117277
36 71 1.0197380646585072
36 37 -0.15067547990018257
36 70 1.463399018232565
1191 1156 2.0950932410082475
1191 1192 0.7002588643755214
1191 1225 0.8227517858775687
2 37 -0.3858380413232359
2 1192 0.3227734633377372
2 3 0.9506459860288692
35 34 0.9042073670908698
35 70 -0.25901873005240555
35 1225 2.7061100380889336
37 72 0.06509270307632649
37 38 0.4657788454076556
1192 1157 -0.218054661777849
1192 1193 0.5446870702837046
3 38 -1.0463633117483344
3 1193 0.9783254882248447
3 4 -0.04333143851753942
38 73 -0.2809870219802325
38 39 1.0027453132904254
1193 1158 0.6772816067261206
1193 1194 1.8142698541597881
4 39 0.3848508080730858
4 1194 0.4441459175261646
4 5 1.143151037426075
39 74 0.4247869758478697
39 40 -0.3538857509093567
1194 1159 -0.1328666857056454
1194 1195 1.0533578037714966
5 40 0.24891894042821355
5 1195 -0.5405327025041525
5 6 -1.8195870750912801
40 75 -0.22510042999809995
40 41 -0.5356305694759155
1195 1160 0.9269388751383811
1195 1196 0.7769005855162859
6 41 -1.2811585060821433
6 1196 1.3598253606820376
6 7 -1.2330632126340018
41 76 -0.05895461520641015
41 42 0.8453997368971615
1196 1161 0.3019822012382218
1196 1197 -0.3475836852383495
7 42 -0.7486511795176608
7 1197 0.40487555655668056
7 8 0.8085146408947885
42 77 -0.8519394162853974
42 43 -1.1491354576814654
1197 1162 -0.5071879821766342
1197 1198 1.1085455215688185
8 43 1.0313316546195157
8 1198 1.3151318759143256
8 9 1.049309748837886
43 78 -0.9306639417112597
43 44 0.19303954853065067
1198 1163 0.2702714661788932
1198 1199 0.04596739057038005
9 44 -0.7955122781946625
9 1199 0.26197856612253856
9 10 0.5609466462367004
44 79 -1.3308674903693938
44 45 1.276729319124276
1199 1164 -1.590862640932362
1199 1200 0.34863152292789784
10 45 -0.7498872306527052
10 1200 -0.9756490192464812
10 11 -1.2870070021494213
45 80 0.9335476759679232
45 46 1.2452171051282006
1200 1165 -0.10579926492138673
1200 1201 -1.0410001920953615
11 46 0.7014086415241819
11 1201 0.7589448164638475
11 12 1.5260144439795518
46 81 -0.6244587183921425
46 47 -0.4577414660521382
1201 1166 -2.889929872664975
1201 1202 -0.583523869999659
12 47 -0.4175573432488187
12 1202 -1.187437142756919
12 13 0.09539871226196271
47 82 1.8646126059128256
47 48 0.8909475585254822
1202 1167 1.05675313938767
1202 1203 -0.29928933430746546
13 48 0.0027904806521120173
13 1203 -0.19964055745706033
13 14 -0.8612120059296796
48 83 0.04549733260592534
48 49 -0.8438938967429238
1203 1168 1.737117278775294
1203 1204 0.24737696088937416
14 49 0.40461743637971337
14 1204 -0.7755689018535684
14 15 -0.24974232325384177
49 84 -0.4860789914181061
49 50 0.07391085071255583
1204 1169 -0.3427460662653583
1204 1205 0.6555120734898542
15 50 -0.46109472824240105
15 1205 -1.2046604468114028
15 16 0.11012879492404723
50 85 -0.2709268281411604
50 51 0.18061008290081848
1205 1170 -1.1582215148751733
1205 1206 -1.571125965250727
16 51 -0.7374334897107047
16 1206 1.9915716913764527
16 17 -2.1164870865285517
51 86 -0.20485880840581677
51 52 0.9196494852189315
1206 1171 2.2585210918798797
1206 1207 -1.1745333172425123
17 52 -0.6242817076662168
17 1207 0.8235593173210686
17 18 -0.8122174876985762
52 87 -1.2663112068168698
52 53 0.7438885042817922
1207 1172 1.4391414248278038
1207 1208 0.22369779879929766
18 53 1.6600544091036435
18 1208 0.44883212203503925
18 19 -1.228060372060145
53 88 -0.5782003930913554
53 54 0.9564043374668569
1208 1173 -0.9713164243472461
1208 1209 0.3779711336706553
19 54 -0.4406057302421289
19 1209 -0.4959176887770803
19 20 1.2371340162466427
54 89 -0.3351229318958452
54 55 0.07314582693143191
1209 1174 -0.5250238458238085
1209 1210 -1.2100662770101462
20 55 0.20796113799250396
20 1210 0.22694865070163436
20 21 0.17609071908343207
55 90 0.24381942947623036
55 56 -0.2331512397207982
1210 1175 -0.94823797154153
1210 1211 -0.4813839095511749
21 56 0.1374548383636682
21 1211 1.7078267714911464
21 22 0.41100402062341435
56 91 0.0027201432324728244
56 57 -1.0906854733094635
1211 1176 0.383442016084069
1211 1212 -0.40288464599879126
22 57 -0.803065407839245
22 1212 0.040066514476205184
22 23 0.47042878129812044
57 92 -1.359867467772592
57 58 0.142946889938916
1212 1177 0.10545418632558694
1212 1213 -1.0055131901224803
23 58 0.18876007209594506
23 1213 -0.8893617587634041
23 24 0.6586517082074368
58 93 -0.25663464347595855
58 59 -0.4933580298028075
1213 1178 -0.6169510666656163
1213 1214 0.22531818450809166
24 59 -0.26391148070804454
24 1214 1.4256822534853495
24 25 0.2616530449067407
59 94 -0.9060653765278099
59 60 -1.0846785320550856
1214 1179 0.21752659004741545
1214 1215 0.12721021712962724
25 60 1.2192848978316835
25 1215 -0.6787395311157088
25 26 -0.12031707105724444
60 95 0.7182651670535979
60 61 -0.466789407458311
1215 1180 0.7345777116830573
1215 1216 0.8162330239834793
26 61 -0.06849093835586718
26 1216 -0.9347025661322597
26 27 -1.186780026774245
61 96 0.46145210384278024
61 62 -1.2172654455399992
1216 1181 1.177757054778078
1216 1217 -1.0711970288580275
27 62 0.6508390929371289
27 1217 -0.3417235458139217
27 28 0.842681177438819
62 97 0.43297533956526413
62 63 1.9556457983980977
1217 1182 0.6565651394067245
1217 1218 -1.4878553464975044
28 63 -2.902436638069656
28 1218 -0.026296286670222418
28 29 -1.5920385177577063
63 98 -0.4965230242552698
63 64 -1.3186528491985012
1218 1183 0.7101781539082133
1218 1219 0.5434615176910099
29 64 0.5822113834365268
29 1219 -1.7359147140365794
29 30 1.631681016266517
64 99 0.8582925226994488
64 65 0.08260281835149982
1219 1184 -0.41413359007363915
1219 1220 1.1902899796958994
30 65 1.7738544167732762
30 1220 0.0711886856228587
30 31 -1.303131640414421
65 100 -0.20007025385653465
65 66 0.09870816501093209
1220 1185 -1.6913782834925064
1220 1221 1.4444171649274824
31 66 -0.25466657359945244
31 1221 -1.120888000957891
31 32 -0.042534533734999304
66 101 0.28741628183178874
66 67 0.05973025280195643
1221 1186 -0.19085582569128123
1221 1222 2.874586564578545
32 67 0.0328926373333072
32 1222 0.3600751762279239
32 33 -0.7152722428016637
67 102 -0.861836855850457
67 68 0.13828497420541758
1222 1187 -0.5809255328173374
1222 1223 -0.699580774539919
33 68 -1.387281354115945
33 1223 1.2569764255178726
33 34 -0.07146952172400857
68 103 1.8583629755084503
68 69 -1.2587536078406267
1223 1188 1.4195646195092058
1223 1224 2.4688113843029877
34 69 0.8471198618995585
34 1224 0.6561018744417871
69 104 -1.1407794532972668
69 70 0.7565618641394601
1224 1189 0.262784272320382
1224 1225 -1.421165885681943
70 105 -0.45603083124239346
1225 1190 0.7089383381982315
71 106 -2.0852041164649813
71 72 -0.5312330134638854
71 105 0.736910533719619
72 107 1.6799349297967037
72 73 -1.0910466399845817
73 108 -0.18096259194787845
73 74 -0.29454834785377493
74 109 1.111557945271573
74 75 0.23589560434686574
75 110 -0.15239908209947092
75 76 -0.40385481950851904
76 111 -0.33099085445167076
76 77 0.13292001199347303
77 112 -0.07840858894457509
77 78 1.856429362369879
78 113 -0.6218401452669965
78 79 1.2605141458661946
79 114 0.9231709368712383
79 80 0.433294565838883
80 115 -0.6599932817314053
80 81 -1.0008509380394763
81 116 1.9222450436307295
81 82 0.7445090436116651
82 117 0.2943569732065893
82 83 0.1358715363890463
83 118 2.3343050687745457
83 84 0.12319934409814187
84 119 0.4361479230873712
84 85 0.9620694635316236
85 120 -0.5102181049371062
85 86 -1.6540849620924518
86 121 0.03830379575303291
86 87 0.007024137861706977
87 122 0.4159778618533872
87 88 2.410019763335958
88 123 0.6780996105292176
88 89 1.5923800547253586
89 124 1.380134388754264
89 90 0.3355942356618473
90 125 0.18981402413715384
90 91 0.9683407424855954
91 126 1.1992024935647654
91 92 -0.779514881423381
92 127 0.5653015024440774
92 93 0.5616902636266182
93 128 -0.9146547258175621
93 94 2.2007183770290006
94 129 0.5715119720567662
94 95 1.2955806817972952
95 130 2.7378115869600883
95 96 -0.07287337888852337
96 131 -1.0068393885363447
96 97 -1.8755442106033375
97 132 1.5503705943558912
97 98 -0.3228149358495916
98 133 1.2111764885901801
98 99 0.19118483176362897
99 134 -0.6173468524922957
99 100 -1.2500442626109267
100 135 0.17656594368645437
100 101 -0.07965035415538006
101 136 -0.9182500067582651
101 102 -0.1499473058549634
102 137 -0.54117440501525
102 103 -0.16950356843517111
103 138 0.47262587312221754
103 104 0.09166304661314748
104 139 0.36676970407926196
104 105 0.9038789134553941
105 140 -1.7132185819661734
106 141 -0.5959480848497035
106 107 -1.1967733459865368
106 140 -0.9952765066085818
107 142 0.0959866592185303
107 108 0.43125775697743657
108 143 1.0613210594252445
108 109 -1.0010335007610995
109 144 -1.4311252341950753
109 110 0.8995648712170108
110 145 0.13834810317665183
110 111 -0.8736905286908585
111 146 -0.4997133828223353
111 112 -0.6271147511279945
112 147 -0.45079245091298054
112 113 0.44024488873562423
113 148 -0.578866747196254
113 114 -0.1203755593550574
114 149 0.10658532314740797
114 115 -0.8201990331468931
115 150 1.3975766477000762
115 116 -0.627435432486714
116 151 -0.638523180354413
116 117 0.6439209086291648
117 152 -0.5887069547444012
117 118 0.48409435436433684
118 153 1.8478582762957705
118 119 -0.7272178451850599
119 154 0.3554742225341391
119 120 0.15157631933724805
120 155 -0.6698371851835988
120 121 1.208562738482051
121 156 -0.6219032374672689
121 122 0.29112865176391445
122 157 0.7877906787522788
122 123 -0.605817186222019
123 158 -1.2764533494950945
123 124 1.2082940716435886
124 159 -0.44093208225838443
124 125 1.2598342695313123
125 160 1.3703185115574457
125 126 1.7386167522104568
126 161 0.6037973199172554
126 127 0.5801382040179908
127 162 -1.10349460343925
127 128 -0.34543066842329756
128 163 0.6597732402661981
128 129 -0.37505260738728957
129 164 0.4964896333267146
129 130 1.237099852700735
130 165 1.2767375339086355
130 131 -0.42259818361756457
131 166 -0.4216301141131135
131 132 -0.14443270757667365
132 167 -0.3559492648600198
132 133 0.46542531603841597
133 168 0.6743884746403268
133 134 -0.11807281686296832
134 169 -2.7152742104072076
134 135 -0.7642000293998009
135 170 -0.3394153478517532
135 136 0.6516216421831225
136 171 -0.4339410284998716
136 137 0.6924778847964465
137 172 2.5102270166608207
137 138 0.4430312322663144
138 173 1.5352248893520886
138 139 0.6532532231145098
139 174 0.45845219394169684
139 140 0.19270605200122076
140 175 -1.1896607245245083
141 176 -1.153673295240902
141 142 -0.42556809305077786
141 175 -1.488207055409754
142 177 -2.189281648865609
142 143 -0.4037231285315432
143 178 -1.3178068329950505
143 144 0.819369232494688
144 179 1.7988915938332009
144 145 -1.1451167733919978
145 180 -0.3213624421793141
145 146 -1.3110249838878836
146 181 -0.3680952265070072
146 147 -0.7718514089569994
147 182 0.3493832733689756
147 148 0.8079580140694854
148 183 1.154343850954549
148 149 0.7992575406212488
149 184 -0.7704195418063785
149 150 -0.44642053793917313
150 185 0.1919256338005329
150 151 0.7561518931385394
151 186 0.3704071854371514
151 152 -0.48015777648311625
152 187 -0.1366124111357485
152 153 -0.16011018495684026
153 188 -0.13661077872512217
153 154 0.042843061443531845
154 189 0.7838123965278883
154 155 -1.8816209357161822
155 190 2.1512757991295888
155 156 -1.8934311213484272
156 191 0.2126050578474875
156 157 -0.8378482725640973
157 192 1.339235315817758
157 158 -1.905931337395305
158 193 -0.19876983210253188
158 159 1.0789187186267244
159 194 -0.4305950358917037
159 160 -1.2470158504322446
160 195 -0.7820883883059226
160 161 0.19576545500549825
161 196 -0.6734146784506152
161 162 1.357738560058448
162 197 -1.8824833678139326
162 163 0.23272488956052753
163 198 -0.13699561929787032
163 164 -1.8203199653940172
164 199 -0.33883574109862674
164 165 0.28644524820351186
165 200 1.5317863218407965
165 166 -0.38852023572556765
166 201 1.3578951069249106
166 167 -0.3120821429584012
167 202 -0.133772929244099
167 168 -0.2613584806317457
168 203 -0.3642962879707428
168 169 0.8850042071685686
169 204 1.8230771147917035
169 170 -0.4662925251626502
170 205 1.071067981555635
170 171 -0.4429772336755913
171 206 0.5188838889655728
171 172 0.45909371456356224
172 207 0.10489888755114997
172 173 0.24207275467542708
173 208 -1.0917724158628737
173 174 -0.4604472569153802
174 209 -1.6857559245819782
174 175 1.0185939268188366
175 210 -0.4388632280594718
176 211 -2.5881819422400363
176 177 -0.2892593793350601
176 210 -0.006200614144021713
177 212 -0.06124176268985711
177 178 -0.1417356585618807
178 213 0.6292183214515092
178 179 -1.476641336280812
179 214 0.5832387572236294
179 180 0.38796225870801276
180 215 1.299513945774595
180 181 -0.5245635672790582
181 216 -0.7692778028681287
181 182 0.732070005842872
182 217 -1.0176846353854607
182 183 1.8845422709171886
183 218 -0.7280617956495032
183 184 1.178799211291134
184 219 -0.396006034940357
184 185 0.44262244901122816
185 220 -0.5429880632786601
185 186 -0.7371651333777725
186 221 -1.0169657200450428
186 187 -0.10878165294405065
187 222 0.06267706064097357
187 188 0.5614103725978893
188 223 0.03124461941981982
188 189 -0.3743106217732043
189 224 0.33397218108670446
189 190 1.7544828223238809
190 225 0.07100796501062022
190 191 -2.0611763416972746
191 226 1.082223990073837
191 192 -0.7875802733497507
192 227 -0.04295687390611262
192 193 0.5466911252612962
193 228 -0.2791988801209328
193 194 -0.003376516207565432
194 229 0.0039411674695703025
194 195 -0.14486784265316507
195 230 -0.9755369808630744
195 196 0.105214351251318
196 231 0.287695721311597
196 197 -1.5762678737975981
197 232 0.08522998605401014
197 198 1.8160451361792485
198 233 -1.933282031127935
198 199 0.3595600352485509
199 234 0.28805257162399145
199 200 -0.34353167786706007
200 235 -0.08142971000827891
200 201 -0.14305187930980537
201 236 1.1330630070400973
201 202 -1.763249440872337
202 237 -2.5767146348192527
202 203 2.2233614750124833
203 238 -1.2885280931971634
203 204 2.4780865896914794
204 239 0.17472126635518845
204 205 1.58214337969433
205 240 0.18506954345746793
205 206 0.2631363839064879
206 241 0.5935579348412088
206 207 -0.8677541202698968
207 242 -0.30375888760098946
207 208 1.0223688179279762
208 243 -1.529622577693362
208 209 -0.005904627501538352
209 244 1.184978776147901
209 210 -0.30625970283938925
210 245 -0.4608261578734533
211 246 0.9876908819079391
211 212 -1.2065999184175957
211 245 -0.7899724859928245
212 247 0.4286285765211514
212 213 0.15478830778699285
213 248 -0.4840749688378571
213 214 1.0849128142354514
214 249 1.6411654441661165
214 215 -1.4963085051452423
215 250 -0.05098447029805329
215 216 -0.6943559532903053
216 251 -0.03220168138069292
216 217 0.3508141952442245
217 252 0.29389858405169045
217 218 -0.12309103183132963
218 253 -0.8479485920784592
218 219 0.9490401153205491
219 254 -0.9471611919842552
219 220 -0.2888559831568948
220 255 -1.289930589176543
220 221 0.9576877583529346
221 256 0.8261866966949635
221 222 0.0701776065741993
222 257 1.1206201525149233
222 223 -0.06987043150328855
223 258 -0.6331138823439977
223 224 -0.7029425690838458
224 259 -1.3714267421845614
224 225 -0.48855286167309336
225 260 0.9470812354305775
225 226 0.05826313628378675
226 261 1.2773853019748422
226 227 0.18404183380235223
227 262 0.9877645338241535
227 228 1.38325406201534
228 263 -0.7514980374648514
228 229 0.8687495799315521
229 264 -0.8570126977722549
229 230 -0.44726501187958156
230 265 0.9069828495991555
230 231 0.983267788771156
231 266 -0.8073509930685477
231 232 -0.351116630663549
232 267 -1.7075915328113602
232 233 -0.04755579907557019
233 268 0.7879178886625927
233 234 -0.8421748085408378
234 269 0.14232311822285
234 235 -0.3795001939347792
235 270 -1.048968574750603
235 236 -0.40123833733038844
236 271 -0.34621327319785594
236 237 -0.4252598656607188
237 272 0.34950982940992226
237 238 -0.36546847804277477
238 273 -0.6277533589015568
238 239 -1.3317955022033023
239 274 -0.13670894594079186
239 240 0.031274336207397335
240 275 0.5327239506764636
240 241 0.32148968321273147
241 276 -0.7136673573451989
241 242 1.0997661950482673
242 277 -0.18577697763653647
242 243 1.6541542221024625
243 278 -0.5245229611237296
243 244 -0.8001830483816129
244 279 0.46279258300298853
244 245 0.564253858546334
245 280 0.7486729947520673
246 281 -0.8257454238153592
246 247 -0.8773306894494042
246 280 1.173717277677854
247 282 -0.4828075417586419
247 248 -0.322366507803188
248 283 -0.3035771109935057
248 249 -0.3170834702574053
249 284 -1.2386221631795566
249 250 0.9993630465215937
250 285 -1.0000560422747435
250 251 -0.16576368679050985
251 286 -1.1364906902762268
251 252 0.15741255862779846
252 287 0.22185073705502414
252 253 -0.5461171953784226
253 288 0.811435438095381
253 254 -0.05673761614604044
254 289 0.08848839491731854
254 255 0.09681365733029335
255 290 0.7304161953053312
255 256 -1.2414121737401917
256 291 1.7786151424048786
256 257 0.18549880870065222
257 292 -0.2648970725172086
257 258 0.8159803436120383
258 293 0.4963644688115491
258 259 0.7036192113981818
259 294 0.7055319633586985
259 260 -2.9677217887212675
260 295 -0.12269238178215194
260 261 0.4136533439523559
261 296 -0.27460014515350534
261 262 1.5052280747895281
262 297 1.2292674609488372
262 263 1.231396484512798
263 298 -0.06246273974202517
263 264 -0.011877562013042292
264 299 -0.5591944415298635
264 265 0.21002507284726768
265 300 0.5354380004836811
265 266 -0.8628003381341555
266 301 -0.4072254138329587
266 267 0.4572667053439903
267 302 -0.04468584850007075
267 268 0.25408481724781345
268 303 -0.04843469683576267
268 269 -2.8411749833770084
269 304 -0.10058527335260516
269 270 -0.23011796690046665
270 305 0.5412025384815866
270 271 0.5652596536976447
271 306 -1.180547002698155
271 272 0.430013602482848
272 307 -1.0699434224444158
272 273 -0.6647954203285281
273 308 -2.449054294702763
273 274 1.2110630065385546
274 309 -1.5606248789580277
274 275 0.2641877937712888
275 310 1.2089352731700664
275 276 2.6187361980460193
276 311 0.21251963521609643
276 277 -0.5104932177722612
277 312 -0.3028726305608394
277 278 1.3374238353425263
278 313 2.129845981511787
278 279 -1.0814157366190864
279 314 0.7230024772496416
279 280 0.3034545784783939
280 315 1.0966509920395568
281 316 -1.2370262119317874
281 282 1.233238722908117
281 315 -0.8115422541183157
282 317 -0.4819407739726928
282 283 -0.16307025675525183
283 318 -1.7499393324840549
283 284 0.07265968248396319
284 319 -0.07859427209628972
284 285 0.7985298046875067
285 320 -1.803140868882536
285 286 -0.9765784810621092
286 321 0.3501363186383681
286 287 -1.805728034847665
287 322 -0.5973709306854682
287 288 0.4404639388220322
288 323 0.6905485658008733
288 289 0.07379260997260934
289 324 -0.5369323500880067
289 290 -0.8666126658926219
290 325 1.0190467930701272
290 291 -0.09129187970870715
291 326 1.0379285502304731
291 292 -0.0032694111898379044
292 327 0.43363533002907917
292 293 -1.6683168062059286
293 328 0.3028622228412282
293 294 0.8545236271751611
294 329 -0.002443657929309173
294 295 0.014541029561698757
295 330 -0.6449872984220641
295 296 -1.000762330090007
296 331 -0.5053745659519184
296 297 0.30996174236802604
297 332 -0.6206751060484951
297 298 -1.444071641327437
298 333 -0.5990793163388157
298 299 -1.068694569539579
299 334 0.4186035576454275
299 300 -0.30252690677405203
300 335 -1.2103467847173
300 301 0.8015099786860678
301 336 0.24509381309571707
301 302 2.3130229753317755
302 337 -0.7573830599894638
302 303 -0.6682159902706016
303 338 -0.7638537702011422
303 304 -1.5562154476272825
304 339 -0.27820613281624273
304 305 1.0956572510847689
305 340 -0.9956973098475892
305 306 -0.3674687844052069
306 341 1.1799401485963887
306 307 0.15424824695372683
307 342 -0.7244635908748005
307 308 -0.5935788638271413
308 343 -0.16143557938831826
308 309 -0.7638510139443113
309 344 0.28874048934764995
309 310 0.212389857262898
310 345 -0.5363964662100795
310 311 -0.2504945713611045
311 346 -1.2730947326068573
311 312 -0.6095508081828424
312 347 -0.7230171304957416
312 313 -0.5013689918430644
313 348 -0.7062869390008788
313 314 -0.44180008983453634
314 349 0.8119793612486675
314 315 -0.40019102727787537
315 350 -0.5935752842018364
316 351 -0.23455545497235716
316 317 0.4841035622502906
316 350 1.3465875836789825
317 352 -0.11287634515729894
317 318 1.2537179995923526
318 353 0.5548015461209432
318 319 -0.589888812289968
319 354 1.0375456085019497
319 320 -0.5441578569648048
320 355 0.8627890686298052
320 321 1.6307169204980028
321 356 -0.5944899086971028
321 322 -0.6998439296494076
322 357 -0.21960902235935867
322 323 0.08273262820484992
323 358 0.37725176378192193
323 324 -0.510868792969789
324 359 0.46116064536320134
324 325 -0.29216447604366796
325 360 -0.7433788133921883
325 326 0.23326440326160275
326 361 1.2786278862135518
326 327 -0.5638658868127502
327 362 -1.3276752261990346
327 328 -0.6201073028738051
328 363 0.7007864994954927
328 329 0.05628057501508232
329 364 1.8732412074557032
329 330 -1.7499093685449638
330 365 3.0880622771799526
330 331 -0.8283494159866152
331 366 -0.8184402932704471
331 332 0.5868765779450107
332 367 -0.014236167784760986
332 333 0.2862566290297365
333 368 -0.7784117310760371
333 334 -1.6698390463410095
334 369 1.2954715933194563
334 335 1.1018070520177732
335 370 -0.037876773442618604
335 336 -0.8934961411102317
336 371 -0.6748313642356729
336 337 -1.1349726852880955
337 372 -1.644938067116152
337 338 -0.7495890324350736
338 373 -0.7773353764654807
338 339 -0.7597450464361944
339 374 0.47879397659548356
339 340 0.9367191070523894
340 375 -0.2079715964578869
340 341 -0.4982421348176328
341 376 1.405289250237489
341 342 1.1271823231063027
342 377 -1.4915177450985662
342 343 0.3137997520416268
343 378 0.04280775950774233
343 344 -2.036375538332965
344 379 -1.1051061276253866
344 345 -0.009053479748601765
345 380 -0.09780281700716821
345 346 -0.3211630532299047
346 381 -1.0159999165487497
346 347 -0.5611477757709428
347 382 -2.2707348900175286
347 348 1.1749354042184426
348 383 0.819270626108617
348 349 -0.3595123067258733
349 384 1.1367440390353767
349 350 -1.1794445643292308
350 385 -0.0465747919741482
351 386 -0.1428764658523858
351 352 0.3353425161246893
351 385 -0.3176573312271562
352 387 0.5981638093248638
352 353 1.2592918714503527
353 388 0.1899281211704007
353 354 0.48797860536172566
354 389 0.11983477312239284
354 355 0.3819462300422902
355 390 1.338664527846246
355 356 -0.15478500201741927
356 391 -1.087600031133023
356 357 -0.4056140799317054
357 392 -0.5364654620176177
357 358 1.122343012889475
358 393 -0.7297521752223678
358 359 0.954776240354772
359 394 -1.0578562660548796
359 360 0.3947578553712173
360 395 -0.5341970939283229
360 361 -2.04654636398501
361 396 0.2501500380534788
361 362 -0.04290195062082039
362 397 1.523495790052423
362 363 0.4426965458994446
363 398 -0.6071626403171683
363 364 -0.3609287407725672
364 399 -0.006993735411868398
364 365 1.0319792090074897
365 400 0.7112182008321832
365 366 0.9390244229503587
366 401 -0.043096924169424684
366 367 -0.7634501069782597
367 402 0.27548542392144837
367 368 1.0911223570503223
368 403 0.8456531049135931
368 369 2.3695475671990787
369 404 -0.10215738201239134
369 370 0.5648725437484365
370 405 -1.2823876839185346
370 371 0.47541620659806866
371 406 1.1540716541923501
371 372 0.33448879705212164
372 407 -1.1157249271598444
372 373 -0.37002299766168806
373 408 -0.3266117691388045
373 374 0.36760249787459387
374 409 0.8576953774429393
374 375 -1.4582840916368827
375 410 1.262080832571121
375 376 -0.1641328018192535
376 411 0.27035642228250817
376 377 -1.8216051853556035
377 412 0.7092745160544633
377 378 0.08465049618599566
378 413 0.8979376132459961
378 379 0.2274893745149267
379 414 1.6369177147988412
379 380 -0.035177091572724
380 415 0.7334280720800954
380 381 -2.0410814260487804
381 416 -1.7541586558835707
381 382 1.4802940058126373
382 417 0.17352682971892203
382 383 0.2072685424800653
383 418 0.3272152368729468
383 384 -0.5903411254581545
384 419 -1.2511386336269839
384 385 -0.8916892603281652
385 420 1.5119364315378074
386 421 -0.05783371520752985
386 387 1.0203831323559442
386 420 -0.7140125876255691
387 422 -0.37114857406065893
387 388 0.7688178229606868
388 423 -0.2403072935969792
388 389 -0.145154360519713
389 424 1.0443429182065245
389 390 -0.5724261899715907
390 425 1.3057780427854881
390 391 -0.7937298395278695
391 426 -3.1032292637551535
391 392 -1.21718449811063
392 427 -0.3886880212347867
392 393 -0.11954161357059755
393 428 -0.029962799059655213
393 394 -0.5014770823114211
394 429 -1.097377362813368
394 395 -0.49448660513007586
395 430 0.905134820310943
395 396 -0.4360530124463748
396 431 -1.191511618048899
396 397 -1.512956727491486
397 432 -1.7997333610103634
397 398 -0.8651732179027838
398 433 0.008608796224045439
398 399 1.050216674084146
399 434 -0.05599562746297215
399 400 -0.7618897084816608
400 435 2.084201979302756
400 401 1.736326970208611
401 436 -0.39420590842825187
401 402 2.223062436610174
402 437 0.48089384035258653
402 403 1.8713197199370464
403 438 0.3824754008285558
403 404 0.5824823357240727
404 439 0.3985841473606628
404 405 -0.31383337176545256
405 440 -1.9848603057460323
405 406 0.3465084804625545
406 441 0.2450542044407597
406 407 0.028482653943515682
407 442 -1.343318825114618
407 408 -0.10240923727909125
408 443 -0.06471575631674033
408 409 2.3861397758018468
409 444 -0.5915659006971404
409 410 0.4381251524096031
410 445 -0.04094890941407275
410 411 -0.5668052734679697
411 446 0.7583063049405936
411 412 -0.20168387143554314
412 447 -0.3211983508091499
412 413 -1.0719216887922305
413 448 0.058934898295652294
413 414 0.5023966326036732
414 449 0.6237368318167891
414 415 0.23676252647211105
415 450 -0.1969460733849631
415 416 0.8818103915746216
416 451 0.4039104743469703
416 417 -0.03342044763899671
417 452 -0.9821164152084024
417 418 -0.4438006903816921
418 453 -1.3783015256063362
418 419 1.4558522090769792
419 454 0.7350907861545102
419 420 0.3940129871974561
420 455 0.0005121866935878793
421 456 -1.2936026742869942
421 422 -0.4670646090237473
421 455 0.7456496285122204
422 457 -0.015424285008702906
422 423 -1.0886574547447192
423 458 -0.7548776383816286
423 424 -0.70450458857269
424 459 1.3107248110183551
424 425 0.7347357703215579
425 460 -0.23228975629156326
425 426 1.629589272371533
426 461 -0.08038616954299
426 427 0.39799999053331897
427 462 0.3658851085077673
427 428 -1.8705427718625627
428 463 -0.8085495916728128
428 429 -0.9598590591217092
429 464 -0.03721264121058371
429 430 1.0114314377894702
430 465 1.6647948359893183
430 431 -1.4274762659957208
431 466 0.1236985268858337
431 432 0.20343470070178002
432 467 -1.559798458407516
432 433 0.6679904187621428
433 468 -1.4867486685635083
433 434 -0.5842172398298784
434 469 0.838469867311152
434 435 1.0514080636272871
435 470 0.8594536036089377
435 436 -0.3828319899307412
436 471 0.26776516936161343
436 437 0.27779333201451556
437 472 -0.18600101996032625
437 438 -2.6619978563286266
438 473 1.4814097702039584
438 439 0.03208381167781434
439 474 0.8542600889108697
439 440 0.5816802284769818
440 475 -2.587528618588821
440 441 1.1780606214831815
441 476 -0.09846401735661035
441 442 0.8501572547459458
442 477 -0.4399055625695523
442 443 1.8955145700785165
443 478 0.2875443933290205
443 444 0.8067576488467497
444 479 -0.579935824246083
444 445 -1.0077125945848326
445 480 1.0981957853658117
445 446 -1.0267185101253826
446 481 0.1527854666386388
446 447 -0.220767817749652
447 482 -0.20724096556775234
447 448 0.6769001793586191
448 483 0.15337176528117247
448 449 -0.008404980176399028
449 484 -0.20717697555345352
449 450 -0.11025014514467724
450 485 -0.2887525127483338
450 451 1.382097094965851
451 486 0.20115919711998978
451 452 0.4571520290430662
452 487 -1.4263184595957394
452 453 1.956861007882021
453 488 -0.8327078275285691
453 454 -0.38953221056083714
454 489 0.837473927250049
454 455 1.514637287728157
455 490 -0.04871532497111942
456 491 1.5146578085003422
456 457 0.878776439838408
456 490 -0.12322980825403146
457 492 0.6387648118820298
457 458 -0.17801090746499698
458 493 -0.4890776043723316
458 459 0.4743489952466078
459 494 -0.3160354028665919
459 460 -0.5496817967147183
460 495 1.286748908478831
460 461 -1.481797255573447
461 496 -0.2340888213090335
461 462 -0.6488921800310264
462 497 -0.2705013501575222
462 463 -0.10764565167519653
463 498 1.343370366685813
463 464 1.8884266134878758
464 499 0.6233403867378065
464 465 0.8039899973888405
465 500 -0.3810453340489654
465 466 -1.3609229948811672
466 501 0.9956684932548304
466 467 -0.16000204921406322
467 502 -0.13436810853265216
467 468 -1.0582361658420416
468 503 0.11982768539646015
468 469 0.9964096517392482
469 504 2.151384635219798
469 470 -0.38645971631146686
470 505 -0.06117325573984694
470 471 2.1665452460431767
471 506 -0.744971486648502
471 472 -1.6163600342949083
472 507 -2.1283153260791083
472 473 -0.11193944411330022
473 508 0.8965377807169278
473 474 1.1032205409616453
474 509 1.1125338066848989
474 475 0.3030286887665331
475 510 1.7291277311284572
475 476 0.2931578995640841
476 511 0.8082163292673908
476 477 -0.2686617206258793
477 512 -0.09435252281524638
477 478 0.09769300225678813
478 513 -1.3894165352240309
478 479 -1.5754777137861427
479 514 0.6005384979585736
479 480 1.2881341863715414
480 515 1.0349644251872097
480 481 -2.61522597975174
481 516 2.944116278947298
481 482 2.2718120283077616
482 517 -2.1010188151032683
482 483 -1.5668201529283454
483 518 -1.2287284890197647
483 484 -0.5580462443249673
484 519 -0.4541256539286211
484 485 0.6661283290999213
485 520 -0.3558437389921556
485 486 -0.6868656658598992
486 521 -0.2760099792852053
486 487 0.8836430130914176
487 522 0.900622506070323
487 488 1.5762197180887587
488 523 -1.4388905208328677
488 489 0.6411388846771591
489 524 -1.20664860380496
489 490 -0.29269049900655675
490 525 -0.8745835976661209
491 526 -1.2790494594182815
491 492 0.9477110022807007
491 525 0.33068584618889696
492 527 -0.8894554994488132
492 493 0.45269956659013577
493 528 -1.247206163254078
493 494 -0.8159399305812935
494 529 -0.7590026465172252
494 495 1.6285833163144343
495 530 0.585642174495445
495 496 0.9776120607158573
496 531 0.6639460737362524
496 497 0.6022760473967422
497 532 -1.5891703866676155
497 498 0.04314099539210349
498 533 -0.10066786038000855
498 499 -1.141366165189308
499 534 -1.8946696375596639
499 500 0.15717340055314755
500 535 -0.27142616694250693
500 501 0.14279481819807727
501 536 -0.6920636580965587
501 502 -0.2141111051373409
502 537 0.12053269710229596
502 503 -1.6398925978829706
503 538 0.8623774791045056
503 504 0.24857816665395624
504 539 -0.5414957198470354
504 505 -1.78442405164989
505 540 -0.9625727045572768
505 506 0.30192204453752475
506 541 0.701300264295488
506 507 0.3192852614277346
507 542 1.5484052586589672
507 508 0.701060388071692
508 543 -0.15679624374386708
508 509 -1.0999295491028502
509 544 0.7254008005212911
509 510 -0.06321317474002777
510 545 -0.5927705750445557
510 511 -1.4995876146817184
511 546 1.2344209310344492
511 512 0.5034662576821639
512 547 0.2621720225890331
512 513 1.1734070613395298
513 548 -1.9912586877423866
513 514 -2.215677160590044
514 549 -0.7556505798136496
514 515 1.1175731864525063
515 550 1.3190414397393355
515 516 -0.1251532347573781
516 551 -1.6712980575375942
516 517 -1.5297157538064377
517 552 -1.0633738649800786
517 518 0.2666647130126065
518 553 0.4219266378317703
518 519 -1.2481917937631601
519 554 -1.1894991009276668
519 520 -0.1322975807232101
520 555 0.40344579954383253
520 521 0.1248769410151161
521 556 0.09817861552472952
521 522 1.2377251021039752
522 557 -0.9568128523532524
522 523 0.16945232244546266
523 558 0.20403259685869796
523 524 1.8460030783616572
524 559 0.7767711903889617
524 525 -0.33831691308069234
525 560 2.3403917088442925
526 561 1.9829412878434451
526 527 -1.232492293122956
526 560 -0.7374344617903108
527 562 -0.17096789016963884
527 528 1.6643363697615337
528 563 -1.238299609098081
528 529 -1.674996047851022
529 564 0.12514686310288436
529 530 1.4084700164331956
530 565 -0.1669452444857265
530 531 0.7204632559173559
531 566 0.17571867941345934
531 532 -0.27765183033947666
532 567 -0.9673102564069863
532 533 -0.9790388731137654
533 568 -0.4729743563942621
533 534 -2.4221302227649644
534 569 1.7552433141271022
534 535 -1.4861639192026268
535 570 -0.6676127476347132
535 536 0.23613170228510635
536 571 0.9572067889286778
536 537 1.25630523789815
537 572 0.24310111505647244
537 538 1.2191919787754069
538 573 -0.9167534490387944
538 539 -2.0165593510734583
539 574 1.0038630253496408
539 540 0.6143699229059736
540 575 0.40576061258243734
540 541 2.009095245790874
541 576 0.3242795059911531
541 542 -0.403309585567304
542 577 0.2817128196968643
542 543 -0.44820868936968
543 578 1.4325936255642484
543 544 -0.5504185690980596
544 579 -1.5317171643713166
544 545 -0.34160755074661453
545 580 1.2617249525114578
545 546 -0.4679258037712576
546 581 -0.18017111170090802
546 547 0.7099297465975843
547 582 -0.6716645105581132
547 548 -0.7200093070049883
548 583 0.4993471078479895
548 549 -0.9374337970217259
549 584 -0.19953755796604616
549 550 -1.3618710352361736
550 585 -0.32837623617171907
550 551 1.7720384615997504
551 586 -1.2900825482504437
551 552 0.8491291805259437
552 587 0.2079803436826669
552 553 -1.0451600793892133
553 588 1.097483487755041
553 554 0.035108317415886686
554 589 0.6775539343878058
554 555 -0.35584432958047757
555 590 -0.18349696330133983
555 556 0.27186817942845876
556 591 -1.2186717335949415
556 557 -0.6698333333665895
557 592 -1.0551020024089028
557 558 2.246731886882954
558 593 0.34379401098924256
558 559 0.04397867782502224
559 594 0.4746015219221427
559 560 1.7524445725083089
560 595 0.4901430117743042
561 596 -1.1086877063282392
561 562 -1.5022978084866234
561 595 -0.1243721918861822
562 597 -0.10748173751776444
562 563 0.08129337014434815
563 598 -0.7893714635507448
563 564 -0.47928994055986435
564 599 0.759117590916077
564 565 -1.387393605368093
565 600 -0.46389879790710337
565 566 -0.5606876200067723
566 601 0.7829184504765596
566 567 1.104535048907653
567 602 -0.5448119075670406
567 568 -1.3391358295105646
568 603 1.087735825727833
568 569 -0.8826322864099561
569 604 0.7756603976305132
569 570 1.184459476245813
570 605 0.5073344887976787
570 571 1.097720252652565
571 606 -0.5667192060760865
571 572 0.15908159881100997
572 607 -0.4006721919269625
572 573 -1.4652276108800149
573 608 0.8735528959525689
573 574 -1.490656281648714
574 609 -1.1175859599633784
574 575 -0.9579533166659192
575 610 0.3302969674100565
575 576 -0.19408365321308138
576 611 -1.4828388748495356
576 577 2.101913591863882
577 612 -1.0022031197402108
577 578 0.5477111677359944
578 613 -0.7606170455900336
578 579 0.3148391080526227
579 614 0.2532835477168996
579 580 -0.1726919007951404
580 615 -0.45856808889096584
580 581 0.1187580727220903
581 616 0.7417878735317006
581 582 0.24161346998110028
582 617 1.2201823696845069
582 583 -0.8174888211338963
583 618 0.23842529596296058
583 584 -2.767770898703991
584 619 0.9996755675925126
584 585 1.577280421446655
585 620 0.25618933836235064
585 586 0.8489187267679728
586 621 0.3563085717027146
586 587 0.32861979552457155
587 622 -0.37104451768658847
587 588 0.4630035494553352
588 623 0.0600627897619179
588 589 0.6376770366242561
589 624 -0.9231895847790096
589 590 -2.1535552668892857
590 625 -1.3479818016577583
590 591 0.3683120456802572
591 626 0.6415410321365995
591 592 0.16983023282574022
592 627 1.18809722692851
592 593 0.5597342731335191
593 628 -0.6058848535472913
593 594 -0.987697478505494
594 629 -1.10066807086179
594 595 1.4074563668970508
595 630 -0.6259541770928632
596 631 -0.060986811785340746
596 597 1.1332473196183424
596 630 1.8131767238292285
597 632 0.047772003235763305
597 598 -0.26222685177340954
598 633 2.026861952391212
598 599 0.5939497437611795
599 634 1.3144576016418974
599 600 -0.26975905695283825
600 635 -1.0773017662619067
600 601 -1.0044701716922368
601 636 -0.11628336426556764
601 602 -0.4172706946346923
602 637 -0.8860997201857743
602 603 -0.8439605265059134
603 638 -0.07471627649287363
603 604 -0.4555350270787422
604 639 -0.5368147566799253
604 605 -1.538252915760142
605 640 -0.8459450417595412
605 606 -0.16101071385615567
606 641 -0.21407528574690948
606 607 0.9247133264474293
607 642 -0.1546310264074212
607 608 -0.2676349959109491
608 643 1.380073511015006
608 609 -1.2849411591012727
609 644 0.9451302981747893
609 610 1.624562540611972
610 645 -0.7164285145828532
610 611 -0.4910763082276772
611 646 0.2499892910138039
611 612 0.5700911819833365
612 647 0.8172341971017422
612 613 -1.600067271910298
613 648 -0.8967661794162848
613 614 0.31588398655540156
614 649 -0.8816060741231887
614 615 0.3503588365307807
615 650 -0.978569473032333
615 616 -0.41015370348795205
616 651 0.010193225060849692
616 617 0.9343440010256223
617 652 -1.007937723454097
617 618 0.5324117273750024
618 653 0.5042346661090952
618 619 -0.009849938408637116
619 654 -0.1012571568546021
619 620 0.17932397190498164
620 655 0.4572689363590423
620 621 1.0685553948155722
621 656 -2.498850454753269
621 622 -0.1541955420126619
622 657 0.5746820923464959
622 623 -1.341978655679342
623 658 -0.9908882871492758
623 624 -0.7666117288697901
624 659 -1.5006056420151515
624 625 0.2703263125044435
625 660 -1.101822082790396
625 626 0.2809446371336289
626 661 0.5390573486623391
626 627 1.717461640320221
627 662 -1.5193509392342996
627 628 -0.08722802309100663
628 663 1.3088405582218157
628 629 -0.2752334074335489
629 664 0.5946473586581043
629 630 -1.290731423643983
630 665 -0.1235748422403474
631 666 1.7447373941750208
631 632 -1.3464452249618308
631 665 0.549909873713344
632 667 -0.19208805409012036
632 633 0.21563075159262082
633 668 -0.061079141151959046
633 634 1.0927428131893082
634 669 -1.0692908192348185
634 635 -1.0519484449242458
635 670 -0.22233833184413757
635 636 1.2237558194374092
636 671 0.2062884922257911
636 637 -1.4639227717116499
637 672 -0.7024000695100288
637 638 0.14659765337120367
638 673 1.4142364489911206
638 639 1.6598856306945464
639 674 -0.046023254833066594
639 640 -0.7779600541129583
640 675 -1.0326961429249923
640 641 -1.2683057295027795
641 676 -0.45120674867641547
641 642 0.8597212532425038
642 677 -1.661389311536621
642 643 -0.7120755358631294
643 678 -2.1662056815290507
643 644 0.3367349650581153
644 679 1.3622827600290168
644 645 -2.6711453961165703
645 680 0.26236521238975424
645 646 0.09592717736097889
646 681 1.9055421934796384
646 647 -0.32990088806002493
647 682 -0.14084631590381652
647 648 0.29491919126234895
648 683 0.1278551539355958
648 649 -0.5741222353448584
649 684 -0.3746991860124954
649 650 -0.26434954163010804
650 685 0.000762683533680234
650 651 1.03564696450588
651 686 -0.1716906540178533
651 652 -1.1157274415818916
652 687 1.1292915405615078
652 653 1.2458485712161198
653 688 -0.3600386958570583
653 654 -0.3071848376239795
654 689 0.3281752550012888
654 655 -0.508485381281804
655 690 -0.5093898766432864
655 656 -1.6389813837542504
656 691 0.9922525073211005
656 657 0.030115054363782166
657 692 -0.6579251263847347
657 658 0.12653697751624948
658 693 -2.2303653910394106
658 659 -0.01553546154126345
659 694 0.08785229434835408
659 660 -0.17542123194344447
660 695 -0.5006776081992806
660 661 0.20140567585367308
661 696 0.775281675785709
661 662 -0.7074755956669625
662 697 -0.6582005594912866
662 663 1.2687854968094938
663 698 -1.304416139470517
663 664 0.19765245035144866
664 699 -2.114994202083452
664 665 -0.7068653708176107
665 700 -0.7458279049380467
666 701 1.056625866215057
666 667 -1.9120080495353715
666 700 0.8329866545854093
667 702 1.4772552402038217
667 668 0.6326919464907784
668 703 -0.2891891058140844
668 669 -0.9898398211648468
669 704 -0.5864678779709898
669 670 -0.547563019141523
670 705 0.0010908840558742114
670 671 0.883111291427399
671 706 -0.22342331467600518
671 672 1.8347284342029475
672 707 -0.5421776923092306
672 673 0.8426530763957133
673 708 0.8169328249934075
673 674 -0.6419011498698616
674 709 0.6232245357941567
674 675 0.8575287195104648
675 710 -0.07025593650683039
675 676 -0.9982553428460111
676 711 -0.23018102200540036
676 677 -1.517539855520236
677 712 -1.3697014070205762
677 678 -0.8826961315228462
678 713 -1.5975599694148925
678 679 -0.8068587649415645
679 714 -1.8887364054941251
679 680 -0.3958296893179163
680 715 -0.44844952534076704
680 681 1.8807641193112647
681 716 -0.47294399071756993
681 682 0.9855438654193833
682 717 0.07048861279521787
682 683 1.2364852025477613
683 718 0.11430701568430797
683 684 -1.7314485618427278
684 719 0.2978635228332122
684 685 -2.722132800283781
685 720 0.6997890701270945
685 686 1.9902329712685582
686 721 -0.3887693604044253
686 687 0.8823572865103647
687 722 -2.156250000744453
687 688 -1.3999271444353993
688 723 0.719276471562238
688 689 -0.8882578900169196
689 724 -0.2775689441399383
689 690 0.1537420993551864
690 725 0.9665760627198888
690 691 -0.21997995635860354
691 726 1.341684451375334
691 692 -1.237567033119262
692 727 -1.0080368233029875
692 693 0.43424426685845613
693 728 0.08277675122142036
693 694 0.011024426134954763
694 729 -1.2109129281024045
694 695 -1.1801742342303947
695 730 -1.3258776209780105
695 696 -0.5924219076388808
696 731 -0.7770342690710365
696 697 0.44511897929697986
697 732 0.45723229992464903
697 698 -0.533448992593069
698 733 -1.9604139120150854
698 699 0.5098441258630447
699 734 0.48041745185757595
699 700 1.8016167144246802
700 735 0.7786282783444337
701 736 0.3979232132209585
701 702 -0.8648184667942257
701 735 0.49705134648079996
702 737 0.2315324289250538
702 703 0.7376679393092131
703 738 -0.5194492658180706
703 704 1.4502957192068766
704 739 -1.4142887691985242
704 705 -0.32805446998515186
705 740 1.1819116104197498
705 706 -0.5416689252426656
706 741 -0.011696508143932229
706 707 -2.026807050081495
707 742 0.4191980613283139
707 708 -1.2296331485649905
708 743 0.883112531396197
708 709 0.3671407539181521
709 744 -0.7578834359126834
709 710 -0.9697356595120853
710 745 0.5831391938754973
710 711 -0.6709282886102552
711 746 0.9814630762481741
711 712 0.23360532468757558
712 747 1.6765378786630647
712 713 -0.11026062025891738
713 748 -0.6376094230571149
713 714 -0.23897507099415458
714 749 -0.7191071855332306
714 715 -0.8476579590258556
715 750 -0.015892120556253345
715 716 1.5152722390972646
716 751 -0.41513642748638996
716 717 0.09141248030086106
717 752 1.4558385637668578
717 718 1.7373148333463448
718 753 -0.29123593495483097
718 719 0.351568045636463
719 754 -1.602048381930142
719 720 -0.45355189728910505
720 755 -0.8424438496043385
720 721 0.026424733539511153
721 756 0.172004372503939
721 722 0.18840610167257094
722 757 -0.4160639586064264
722 723 -1.4529450565860824
723 758 -0.059008222778384155
723 724 0.10539330468028334
724 759 0.2563786211572341
724 725 -0.42137378925548574
725 760 -1.8369497777385684
725 726 0.8479794732477978
726 761 0.5249649600829439
726 727 0.23788094288326195
727 762 -0.7164449750865579
727 728 0.08104321229417692
728 763 1.450664425362059
728 729 1.2479079639402229
729 764 0.4475530309101589
729 730 -0.8764202085151592
730 765 -1.7375529828730498
730 731 0.16135394698130512
731 766 -0.10923285279072587
731 732 0.20351903393336496
732 767 1.1026648554170546
732 733 0.6652451824677054
733 768 0.11939431224771738
733 734 -0.10108689005939601
734 769 0.8963914005666279
734 735 0.27885591631582113
735 770 1.158198593708771
736 771 1.0876942705399675
736 737 -0.7585164876523547
736 770 0.6110720325824724
737 772 -0.29419395908927354
737 738 0.5934678104158649
738 773 -1.1069444078969932
738 739 0.2669326062135721
739 774 0.6750823683877218
739 740 -0.8137317121067649
740 775 -0.7041675616162427
740 741 0.01505724880144952
741 776 -1.9234847006840978
741 742 -0.2541225601490041
742 777 0.0013590142911710722
742 743 0.12775034020050732
743 778 0.8009225838877334
743 744 -0.9821065859686041
744 779 0.13040649435965868
744 745 1.4314585454969582
745 780 -0.9815196077949534
745 746 2.061740709346353
746 781 0.7720517963448953
746 747 0.2988077143503486
747 782 -0.7617847710734018
747 748 0.964378804931787
748 783 -0.5804224922595859
748 749 0.6322974808381695
749 784 -1.0889061864807201
749 750 -0.6514388264147973
750 785 -0.8424036491125273
750 751 1.5945096107633534
751 786 -0.6450684657300302
751 752 0.5280105072286309
752 787 -0.06995930278225876
752 753 -0.6497730305875608
753 788 -0.055884583916622654
753 754 0.15519791437430197
754 789 1.9350901568772625
754 755 -0.5287662135319157
755 790 0.6035999294748016
755 756 -0.8658469584057151
756 791 0.8423752483862518
756 757 0.464568148954931
757 792 -0.4194551485147156
757 758 -0.6558250567548681
758 793 -1.09686636724681
758 759 -2.6948927184175244
759 794 0.06116215126974932
759 760 -0.2524833495975861
760 795 -1.4715909853533684
760 761 0.05723486742655988
761 796 -0.9237010573484917
761 762 1.214193412061062
762 797 -1.6055544662659544
762 763 1.6931165754290165
763 798 -0.45777836882140643
763 764 -0.45385850099455755
764 799 0.2940046256096389
764 765 0.4578064794762775
765 800 -2.2856447619596314
765 766 -0.20300713963440087
766 801 -0.08237079860031313
766 767 -1.1329612044625845
767 802 -0.4101567521660846
767 768 -1.4897370299310733
768 803 0.3842961728363249
768 769 1.5496567150929832
769 804 -0.2570180880285727
769 770 -0.13297071735573046
770 805 -0.9229315545913919
771 806 -0.6508244873750341
771 772 -0.2410297812198961
771 805 -0.18538723191911846
772 807 0.10284895569661041
772 773 0.5354971435911103
773 808 -0.44015408888605484
773 774 -0.6298312935280294
774 809 0.17718031381401395
774 775 0.6238556646739546
775 810 -0.9386560205812735
775 776 1.0835175170743523
776 811 -1.0572486577986686
776 777 -0.06251231375148616
777 812 -0.0682501315268114
777 778 0.4297894414018051
778 813 -0.9814871852776453
778 779 0.1652065587325326
779 814 1.0264512789959703
779 780 -1.1131347856195335
780 815 0.10276132093510382
780 781 -1.699809045630392
781 816 0.1347750136659619
781 782 -0.016359018071045273
782 817 -0.7391305784855472
782 783 2.077864555302588
783 818 0.7187355526928783
783 784 -1.2337059219797397
784 819 0.1010024672928618
784 785 -1.2550732528957538
785 820 -0.7949613714931448
785 786 1.287583407897182
786 821 0.29176348780713995
786 787 0.8643232140331354
787 822 1.8974971719991232
787 788 0.42932885225924067
788 823 0.10208158975125767
788 789 -0.5134081258226918
789 824 0.7720715338164967
789 790 0.6855093361561647
790 825 -1.6553284718225456
790 791 0.18570013324131135
791 826 -0.6277147833174841
791 792 -1.514766707254172
792 827 -2.131572851614454
792 793 1.3836401480518519
793 828 0.34765121250313746
793 794 -0.34221471275016996
794 829 0.4759639021028295
794 795 -0.08687216490436274
795 830 -0.455164874980777
795 796 -0.28547725062885765
796 831 0.2127712821780728
796 797 0.05832088827562901
797 832 0.1057687993445211
797 798 1.5440717806251856
798 833 -0.4933196074429601
798 799 -0.6883070691452225
799 834 1.3964580397695172
799 800 -1.926370417520165
800 835 1.6749599754022766
800 801 -1.1451090755653937
801 836 1.117255062203131
801 802 1.9132646535750075
802 837 -0.9658589841391546
802 803 -0.8389451692693111
803 838 -0.09974189109905728
803 804 0.5013301752128394
804 839 0.6310410802462892
804 805 1.2472853022307007
805 840 -1.3339481543621274
806 841 1.8020367870339098
806 807 -1.4107910830254364
806 840 0.759831140816168
807 842 -0.14803833455919976
807 808 -0.3939906687252242
808 843 -0.232503646895327
808 809 -0.2820951633707426
809 844 2.003945868569695
809 810 -0.47196693504806647
810 845 0.8290377458196444
810 811 0.7102514186564238
811 846 -1.2807787009170264
811 812 0.9964407980822817
812 847 -0.4092893025364937
812 813 0.33850511426961005
813 848 -0.13752057634528336
813 814 2.005724202522551
814 849 -1.5370299730276125
814 815 0.17355312862956218
815 850 -0.5452843443815102
815 816 1.2050242522502583
816 851 -0.12724318347517108
816 817 -1.0600881142229759
817 852 -0.763685849579369
817 818 0.968401565888372
818 853 0.21658473934962133
818 819 1.4854342769054936
819 854 0.760667920083346
819 820 -0.46003123672768803
820 855 1.381667990268145
820 821 -0.2577092097191981
821 856 0.10297946258745581
821 822 -1.0519474576633303
822 857 0.06640620027374146
822 823 0.8883458981830625
823 858 -0.013271616509264459
823 824 1.101725767891706
824 859 0.035994133967937054
824 825 -0.4309577829517559
825 860 0.0664044251732686
825 826 0.9942224841683484
826 861 0.524280353879472
826 827 0.13120800689714027
827 862 0.409439148097993
827 828 -0.19542872874999717
828 863 0.7522965918837415
828 829 -1.3272540705751716
829 864 -0.8023580362005789
829 830 -1.566737195482568
830 865 -1.6656494069794774
830 831 -1.249467355066125
831 866 -0.4402113750838785
831 832 -0.4110301153918383
832 867 -1.2745479964779425
832 833 -0.5969351517441905
833 868 -0.7038906730035358
833 834 -0.1581494339121761
834 869 -0.35103989276723707
834 835 0.19029726728373628
835 870 -0.6470083211331753
835 836 -1.473330813936114
836 871 -0.5010569719936776
836 837 -0.702435602893736
837 872 -0.479588834813658
837 838 2.0722509318536737
838 873 -0.8974011450336429
838 839 0.6666925850255111
839 874 -0.5268620576870287
839 840 0.11825932030270549
840 875 0.6544973070694994
841 876 0.6109104938654254
841 842 -0.7855834027703571
841 875 1.3638379373190948
842 877 0.01284067475487931
842 843 0.2701735177639726
843 878 0.10432003277688084
843 844 -0.9127930714223285
844 879 -1.0102043864632715
844 845 -2.0714214837246687
845 880 -0.03851738443577682
845 846 -0.5828727776909496
846 881 -0.06855866604162551
846 847 -1.1442213921978295
847 882 1.1574795831312379
847 848 -0.42842453424701593
848 883 1.6339800116178382
848 849 -0.6594715999889181
849 884 -0.9483031945381525
849 850 -0.7711901213484282
850 885 1.265672302656044
850 851 1.3520661102531548
851 886 -0.5386579950219538
851 852 -1.278092607931992
852 887 0.6042261614932765
852 853 -0.2879676327410069
853 888 0.6057522272248373
853 854 -0.036808914653979084
854 889 -0.8948515338708346
854 855 -0.3098285850923353
855 890 -0.4088105480464825
855 856 0.24557210303354865
856 891 -1.145479795032009
856 857 0.10870564799944694
857 892 1.345240547083115
857 858 0.9311630831546869
858 893 -1.3253343473790578
858 859 -0.5048716303285679
859 894 0.3830036820281344
859 860 0.17206830931778028
860 895 -1.287237971573659
860 861 -0.06177881550138202
861 896 0.5780385202679911
861 862 -0.2455115505222902
862 897 0.8405539097560913
862 863 0.08504045428960955
863 898 -0.6425171033628848
863 864 -0.09064561113244429
864 899 -0.7258622503405512
864 865 0.029767945637371482
865 900 0.09100893410312576
865 866 -1.0274188590989148
866 901 0.2809234860870618
866 867 -0.46532177841614236
867 902 -0.01212557630813704
867 868 -1.1310852809344276
868 903 0.18312781378200088
868 869 1.7213107260799583
869 904 1.3084926456431487
869 870 -1.911387314837027
870 905 0.7429159630452236
870 871 0.18471475079366237
871 906 -0.5717300317481844
871 872 -0.8135265046396035
872 907 -0.89819282108449
872 873 -3.600289867103132
873 908 0.45437551180943214
873 874 0.49354873204130706
874 909 -1.285969450160161
874 875 -0.013362966948436913
875 910 1.6999601676693459
876 911 0.25217814559173796
876 877 -1.2070368951130672
876 910 0.012761627498377651
877 912 0.7402831843687959
877 878 -0.4359087321237506
878 913 0.18198376246257353
878 879 0.11826999300575866
879 914 0.5391108303213397
879 880 -1.1334891490516934
880 915 0.12110349447197971
880 881 2.353570432415889
881 916 -0.3176712628181359
881 882 -0.12492591592461977
882 917 -0.3973843185680887
882 883 -1.0609470985750822
883 918 -0.5874797787128831
883 884 -1.3573318613575995
884 919 -0.25988405968393924
884 885 1.340223308877892
885 920 0.7361439232617525
885 886 0.3997892988353121
886 921 0.7634016495144541
886 887 -0.04458451717562795
887 922 1.2267174063564081
887 888 -0.4683360568754194
888 923 1.2620823927965479
888 889 0.5380243723857815
889 924 -0.689513653192833
889 890 0.6130568553887316
890 925 0.7734039236095692
890 891 0.8348587629006406
891 926 -0.32273320197170685
891 892 -0.06491702341734429
892 927 -0.7228985987052325
892 893 1.0126031206701538
893 928 0.6335352423147529
893 894 -1.033453716436864
894 929 1.1325213136360368
894 895 -0.6133968802290977
895 930 0.15398073222943023
895 896 0.6201532602745217
896 931 -2.157456477174465
896 897 -1.2600246272082558
897 932 0.12705698194638926
897 898 1.3742315598897725
898 933 0.43617052958462416
898 899 -1.4205465726967523
899 934 -0.21887034986686266
899 900 -0.5143384704598604
900 935 0.16538080260216484
900 901 0.9158443426538603
901 936 -1.5078577579760177
901 902 0.11230205725555802
902 937 0.46736207077466735
902 903 -0.34301295588779396
903 938 -0.5413226810129169
903 904 0.9291197733483328
904 939 -1.3497940451885935
904 905 -0.3395222703954308
905 940 -0.030833441593298854
905 906 1.286652296243315
906 941 -0.28735503675819796
906 907 1.265349146776545
907 942 -1.4563559846151435
907 908 -0.4746733928866148
908 943 1.3494768413549783
908 909 0.7173386198391991
909 944 -1.0832061862529705
909 910 -0.24118199292259063
910 945 0.7320725004164462
911 946 -0.07854302030758925
911 912 -0.24685177440672773
911 945 0.0061891615430432236
912 947 -0.15401615749231312
912 913 -0.4437168686189628
913 948 -0.8001462094311235
913 914 -0.03299054168266062
914 949 -1.0390038169410298
914 915 -0.22561374205328394
915 950 1.11784805437709
915 916 -0.34936306792809296
916 951 -2.7223225148747474
916 917 0.28108643672623274
917 952 -0.23021680178184833
917 918 0.33048658647892454
918 953 1.0109440829078016
918 919 0.6966221411190148
919 954 0.6120796380001126
919 920 -0.2824798083512707
920 955 -2.458528281498162
920 921 -1.2661106957650503
921 956 0.34115254766823966
921 922 1.197787938981971
922 957 -0.8517923052752239
922 923 1.5034210353386177
923 958 0.1373430779982865
923 924 -0.11152896989084167
924 959 -0.3888524353497062
924 925 0.06731308042420464
925 960 -1.5735348549224837
925 926 -0.13158048440252976
926 961 0.15859309157767656
926 927 0.031038817106390112
927 962 -1.8909687155053796
927 928 -1.649199061948865
928 963 -1.036728544342048
928 929 -0.33455031462258283
929 964 0.7369281721019361
929 930 -1.525034239370662
930 965 0.5644430265029518
930 931 -0.8233544347902659
931 966 0.12860581403201918
931 932 0.612415992568252
932 967 -0.341069192868302
932 933 -1.6936154184582284
933 968 -0.19388470413400916
933 934 0.8383730798004932
934 969 0.6040588688671614
934 935 -0.39212832612616033
935 970 2.256591058792222
935 936 -0.7552722634230749
936 971 1.4698606497681639
936 937 0.4757029101985659
937 972 -0.08302736637480775
937 938 -0.7564593472900818
938 973 1.2402201232557326
938 939 -1.0121098676293705
939 974 -1.2243974720956028
939 940 -0.2164330731282674
940 975 0.7178459814271378
940 941 -1.3488016345519525
941 976 -1.245957071546066
941 942 -0.18362195066736398
942 977 -0.5976459579826819
942 943 0.3196937883533273
943 978 -0.28253720498038026
943 944 1.6254851938428216
944 979 0.028659866914867185
944 945 -0.5058363990308943
945 980 0.46189347860066504
946 981 -1.7702077315565736
946 947 0.24902701766548374
946 980 -0.995091058226494
947 982 -1.9012497236355574
947 948 -1.4328591289615202
948 983 -0.8378505065681632
948 949 0.02833676428713796
949 984 -1.8033155945080568
949 950 1.114180832716969
950 985 -1.0569033519122506
950 951 -0.5442759891677986
951 986 -0.49959662344957523
951 952 0.13058825172145924
952 987 -2.7767057333270504
952 953 -1.400877901244787
953 988 0.550075540061428
953 954 0.18132653887256323
954 989 0.21349543138240903
954 955 -2.3239957015573
955 990 -1.5194814777160206
955 956 -0.44808185946875834
956 991 2.3217898221883218
956 957 -0.3028662148221647
957 992 -0.33083732630575746
957 958 -0.26106936704019784
958 993 0.10706562533396505
958 959 -0.08981760225325248
959 994 0.047210116313717645
959 960 -0.720410180158814
960 995 1.6053582106430107
960 961 0.4229388886013284
961 996 -0.5782650520821356
961 962 -0.6366240975817262
962 997 -1.346564099759288
962 963 0.29151927918417603
963 998 -0.4071003484780907
963 964 0.3532876008534117
964 999 0.6978127812302208
964 965 -1.1835955118383814
965 1000 -0.5550578243355396
965 966 1.914666975305848
966 1001 -0.857323509418148
966 967 -1.8532592258513045
967 1002 0.6373230760042152
967 968 0.1962309537751336
968 1003 1.0492282188512025
968 969 0.6054038079587011
969 1004 1.4507308387603695
969 970 0.23743873468230392
970 1005 -0.8077208425683747
970 971 0.4547961805336593
971 1006 0.5701001927207763
971 972 0.47513419225333625
972 1007 -0.27143806205721666
972 973 0.9036678547291142
973 1008 -0.7596203941293644
973 974 -1.1466884693143333
974 1009 -2.6181210819271574
974 975 1.84247729884623
975 1010 -0.14296701734220965
975 976 -0.8818938174121747
976 1011 -2.5010714517758847
976 977 -1.0344160159626887
977 1012 -0.23311671149708876
977 978 0.2340885451715033
978 1013 0.7529346297998838
978 979 1.784911212205362
979 1014 -0.588967035384423
979 980 0.09245633499338345
980 1015 0.8435453357583728
981 1016 0.980879825427564
981 982 -1.4709680104449425
981 1015 -0.3416808546859601
982 1017 1.4913338152241429
982 983 -1.4250735574843063
983 1018 -0.5619416984305311
983 984 -1.3466020048318843
984 1019 2.360313782938247
984 985 0.03541533793560135
985 1020 -1.223977454411579
985 986 0.9770630317107593
986 1021 -0.3778261353222203
986 987 0.5542317459042915
987 1022 0.1985644524533037
987 988 1.2944728661553693
988 1023 -0.12342963665876912
988 989 1.9430949794949257
989 1024 0.5168665500128734
989 990 -0.8381332305270625
990 1025 1.9825644401421656
990 991 0.5932715689001796
991 1026 -0.6547851073433708
991 992 1.5854589576178626
992 1027 1.12580237313279
992 993 -0.22654710849002352
993 1028 0.35340061700604997
993 994 1.3528456221251846
994 1029 0.33463298780742423
994 995 -0.32759370119436654
995 1030 -0.3397126049531667
995 996 1.2232946816353252
996 1031 0.2683122551690177
996 997 -0.8380382861007492
997 1032 -0.2665034543366039
997 998 -1.376445117421395
998 1033 0.8738078338451372
998 999 -1.052480741965589
999 1034 -0.12880680728049723
999 1000 -0.3457241124032277
1000 1035 1.1364255759433421
1000 1001 1.187840661340708
1001 1036 0.9732898805880431
1001 1002 -0.8790871734783596
1002 1037 0.33760199622945636
1002 1003 0.3678665445073346
1003 1038 0.10313727152910686
1003 1004 -0.08061889917747697
1004 1039 1.9773075226755958
1004 1005 0.6716706920283994
1005 1040 1.2699662899035935
1005 1006 -1.4910680339474383
1006 1041 -1.524610430470854
1006 1007 -0.0784717578694395
1007 1042 -0.15990429839099543
1007 1008 0.08521366087313728
1008 1043 -0.516331627260256
1008 1009 -0.5492348761275285
1009 1044 -0.9062618888803985
1009 1010 -0.34156007547101835
1010 1045 -0.7037431952043451
1010 1011 0.3345821447310446
1011 1046 -1.4009603309903387
1011 1012 -0.8732280978543266
1012 1047 -1.096380806039578
1012 1013 2.599233407361192
1013 1048 0.2722395321213143
1013 1014 -0.3292082783009387
1014 1049 0.9925223452041229
1014 1015 1.5106612265234758
1015 1050 -0.15441971198394897
1016 1051 1.19775524965875
1016 1017 -0.34024321516017525
1016 1050 0.3077413345468369
1017 1052 -0.6888054233225702
1017 1018 -0.4796539394424901
1018 1053 -0.2728816362634885
1018 1019 -1.053495951014404
1019 1054 0.578845264202123
1019 1020 0.5480906400802871
1020 1055 0.6334288454908011
1020 1021 -0.685516259954665
1021 1056 0.814238622773282
1021 1022 0.347071253510363
1022 1057 -0.2987361025913303
1022 1023 0.6775753900325073
1023 1058 1.9540141036937053
1023 1024 -0.2890703532141335
1024 1059 -1.131960698206992
1024 1025 -0.6331086778901456
1025 1060 0.2600108964954207
1025 1026 -0.6945138558600509
1026 1061 0.47093152630742013
1026 1027 -0.7766586363232105
1027 1062 1.763392982470984
1027 1028 1.775237321511673
1028 1063 2.1372978414291497
1028 1029 -2.43032966896048
1029 1064 1.2495079731677534
1029 1030 1.732949775405993
1030 1065 1.3704180634521521
1030 1031 0.3648180730199093
1031 1066 1.8186280674053776
1031 1032 -1.1480980257194198
1032 1067 -0.10980589021381222
1032 1033 -0.26921415243054436
1033 1068 -0.9422227535414454
1033 1034 -0.09237616858656746
1034 1069 1.2456778663821402
1034 1035 -0.6954478472804613
1035 1070 -0.10329788191802543
1035 1036 0.19779447572897696
1036 1071 -1.5689274694775581
1036 1037 0.18841580893837023
1037 1072 0.1011236660571614
1037 1038 -1.4668652108539666
1038 1073 0.34159947084044223
1038 1039 0.03308439316428853
1039 1074 1.3329296350733926
1039 1040 1.2405718348351542
1040 1075 -1.1422242315443487
1040 1041 0.24771382220575486
1041 1076 -0.08484611233638706
1041 1042 -1.9281625474230117
1042 1077 0.8460899636654744
1042 1043 -0.09398224084916611
1043 1078 0.6651175465925774
1043 1044 1.5289175502779637
1044 1079 0.3944361298237338
1044 1045 -0.7398375465161787
1045 1080 1.1482582948485087
1045 1046 -0.3798369125480207
1046 1081 0.5219682824699359
1046 1047 -0.33190252445523083
1047 1082 -0.3881012593725987
1047 1048 -1.1108597727036602
1048 1083 0.6227759382953539
1048 1049 0.9072468622516093
1049 1084 -0.012825400334123388
1049 1050 1.7276478702856082
1050 1085 -0.15317047215315568
1051 1086 -0.8816863666963064
1051 1052 0.08184202264529275
1051 1085 -0.24810633320608466
1052 1087 0.01300732130402041
1052 1053 0.646150516126587
1053 1088 0.014415035483361475
1053 1054 0.24233015699262475
1054 1089 1.136104531675728
1054 1055 -0.007365575817811727
1055 1090 0.3569816679673834
1055 1056 0.8356376606306668
1056 1091 -1.0542784739052733
1056 1057 0.30015036399843575
1057 1092 0.08271947653628285
1057 1058 0.3503004004340846
1058 1093 -1.4086720466604195
1058 1059 0.9368678267672713
1059 1094 1.2619783095055284
1059 1060 1.7182244452557267
1060 1095 -0.669524851904342
1060 1061 1.5478129251381272
1061 1096 -0.28111361006073887
1061 1062 1.256901141313215
1062 1097 -0.767287989046693
1062 1063 -0.304973924498041
1063 1098 -0.6470851537308965
1063 1064 1.1809835274690186
1064 1099 0.0751787525642019
1064 1065 0.284194862316237
1065 1100 1.274201300763709
1065 1066 -0.5521184859614072
1066 1101 -0.13228885123187134
1066 1067 0.4432996202900981
1067 1102 1.5000922156340166
1067 1068 -1.1557446661961945
1068 1103 -1.0913925235110675
1068 1069 -0.015065214097504059
1069 1104 -0.4940683416391885
1069 1070 -0.5971678061639559
1070 1105 1.2086511066744885
1070 1071 1.1977351389968285
1071 1106 -1.584358041116925
1071 1072 -0.9029265684247508
1072 1107 -1.3610083015523753
1072 1073 -0.4702202107217972
1073 1108 0.34097487764721385
1073 1074 2.642729236191228
1074 1109 1.2323890338484857
1074 1075 0.9760242919774217
1075 1110 0.4435933071762446
1075 1076 0.4820693116338408
1076 1111 -0.7532531475394205
1076 1077 -1.4062884535322926
1077 1112 0.310523489564733
1077 1078 -0.24649581279148283
1078 1113 -1.5785588407347713
1078 1079 -1.4762978754111467
1079 1114 -0.6757516327384564
1079 1080 0.026723097331585233
1080 1115 -0.33560229958365645
1080 1081 -1.3550690832514005
1081 1116 -0.34988248515166726
1081 1082 0.7762679664729256
1082 1117 -1.858229205594824
1082 1083 0.6290654084558395
1083 1118 -0.4348732538423199
1083 1084 1.3225363509452572
1084 1119 -0.380215779118201
1084 1085 -1.1330321101905878
1085 1120 -0.03247612871019273
1086 1121 0.2621830173042614
1086 1087 0.7551932706802948
1086 1120 -0.5152066888983009
1087 1122 0.32624839335911887
1087 1088 -0.25086255169937477
1088 1123 1.6376635492066651
1088 1089 -0.7302664760004443
1089 1124 -0.8905132637164117
1089 1090 0.28799450580447766
1090 1125 1.4609634331239107
1090 1091 0.2973196714144382
1091 1126 0.7469314085547898
1091 1092 1.4245348191900324
1092 1127 1.1740883139617484
1092 1093 0.8426467203882547
1093 1128 0.5776149788292788
1093 1094 -0.9478426448852378
1094 1129 0.9399877022166818
1094 1095 0.8294819163488674
1095 1130 0.29836280565223827
1095 1096 -1.4835826095870877
1096 1131 0.2745523415584957
1096 1097 -0.9812852434594584
1097 1132 0.5145325771735438
1097 1098 0.8991007493845458
1098 1133 -0.581424463298036
1098 1099 -0.025138180600210266
1099 1134 1.504376598925714
1099 1100 -0.021545614609278913
1100 1135 1.4939269004419231
1100 1101 0.916519467251972
1101 1136 -0.10376288751172968
1101 1102 1.1165640764781732
1102 1137 -0.02835562774115122
1102 1103 1.9189410188988412
1103 1138 -0.4773331147780717
1103 1104 0.35013959806829453
1104 1139 0.6588477985843513
1104 1105 -0.8225618678937457
1105 1140 1.8904168157708667
1105 1106 -1.059023140684954
1106 1141 -0.7362547595222536
1106 1107 -0.6000555396214756
1107 1142 1.6998855654334393
1107 1108 -0.42827001431449035
1108 1143 0.09557381530314281
1108 1109 -0.38335637883515394
1109 1144 -1.440623991037915
1109 1110 -0.6344745973363282
1110 1145 0.08013981809787607
1110 1111 -0.5212952389520462
1111 1146 -0.14443066606825034
1111 1112 -0.8131620140474806
1112 1147 -1.0280904346853588
1112 1113 0.4429075845247815
1113 1148 -2.3394009346372164
1113 1114 1.4969634807964778
1114 1149 1.588649576404952
1114 1115 -0.7548381215066362
1115 1150 -1.3034593528764127
1115 1116 1.287994150140342
1116 1151 -1.0830222112980419
1116 1117 -1.5332049348646422
1117 1152 0.20240568214698673
1117 1118 -1.1213510027803193
1118 1153 1.4465218862116278
1118 1119 0.691796762758119
1119 1154 -0.7944906231759947
1119 1120 -0.8601983099179354
1120 1155 -0.08124434951823548
1121 1156 -1.1257446150151036
1121 1122 -0.12037705334517272
1121 1155 1.7287342465349522
1122 1157 0.10142879841910736
1122 1123 0.3004257567197545
1123 1158 0.04384685111058366
1123 1124 0.12998845938755021
1124 1159 -0.18725125026172776
1124 1125 -0.1811304493864342
1125 1160 0.8267033128250856
1125 1126 -0.6448192781592429
1126 1161 1.3142593210624551
1126 1127 -0.7250476169228197
1127 1162 -0.1347502828429268
1127 1128 -0.2423402304595033
1128 1163 2.5950099906977715
1128 1129 0.28340732507313726
1129 1164 1.2259771566470994
1129 1130 0.09764524560115065
1130 1165 1.5607144952672123
1130 1131 -1.3542997606689378
1131 1166 0.1055600922387131
1131 1132 0.1387205179287461
1132 1167 0.04404447441931848
1132 1133 -1.33763297664493
1133 1168 -1.1457507896045052
1133 1134 0.04837190567524654
1134 1169 0.7157941275078203
1134 1135 -0.7692071419782676
1135 1170 -0.6685882507732367
1135 1136 -0.19847624961248767
1136 1171 -0.028939622708633244
1136 1137 1.3318277431178176
1137 1172 1.0744150250911249
1137 1138 0.002209081052768907
1138 1173 2.7048403018871303
1138 1139 0.14543828273578074
1139 1174 0.2878429531963686
1139 1140 -0.6152373671935785
1140 1175 0.3075369438490937
1140 1141 1.0605399040892522
1141 1176 0.473279161943539
1141 1142 1.0737537571771738
1142 1177 1.1076015792984768
1142 1143 1.5742593400701528
1143 1178 -0.43509206261920164
1143 1144 0.8187717779804473
1144 1179 0.039499785280387896
1144 1145 0.9407256911491361
1145 1180 -0.6414978841191246
1145 1146 -1.9707775361380087
1146 1181 -1.0217845649057444
1146 1147 -0.6710770696232568
1147 1182 0.33741942928294516
1147 1148 0.16078462273889935
1148 1183 -0.24093633260676314
1148 1149 1.0118295944640563
1149 1184 -0.1683871560990658
1149 1150 0.9752972791031873
1150 1185 -0.4174325666834253
1150 1151 1.8541630505897857
1151 1186 -0.5186835810046463
1151 1152 0.026555350210082748
1152 1187 -0.1783479110037204
1152 1153 -0.16642732330256213
1153 1188 0.6863177406947749
1153 1154 0.7383053111298499
1154 1189 -0.427224950930204
1154 1155 0.106374681565195
1155 1190 0.13126670208537014
1156 1157 -0.015586498334142627
1156 1190 1.642764375643057
1157 1158 -1.2560400135972116
1158 1159 0.5688751796505107
1159 1160 -0.9475476876144063
1160 1161 -0.978526037585227
1161 1162 -0.39199370919797427
1162 1163 -0.41038619451746494
1163 1164 -0.34862807321962985
1164 1165 -0.12498752296789895
1165 1166 -0.9848553646363973
1166 1167 -0.42548251353694866
1167 1168 0.6694425861012843
1168 1169 -0.4592557270866134
1169 1170 0.00047275384680106646
1170 1171 0.12372592107117468
1171 1172 0.5430451623431467
1172 1173 1.30393922722855
1173 1174 -0.14938334575424722
1174 1175 0.04356339137572956
1175 1176 2.459920961457092
1176 1177 -0.28448178595508966
1177 1178 0.5286677927935992
1178 1179 0.732325967437586
1179 1180 0.19564607318762461
1180 1181 -0.5775538439601708
1181 1182 -1.8184847047641295
1182 1183 1.2804975051443521
1183 1184 1.5358602720218006
1184 1185 -0.5125985587438747
1185 1186 -0.8198283841907882
1186 1187 -0.20694247946708552
1187 1188 0.4513951630409321
1188 1189 0.5084800772377908
1189 1190 -0.03180281872529189
