1225 2450
1 36 -1.1863564033150302
1 1191 -1.985817223823459
1 2 -0.03114004160334021
1 35 -0.8830562304611105
36 71 0.7208774777775494
36 37 -0.9640663760410143
36 70 -0.08539266002538413
1191 1156 1.6668614134863022
1191 1192 -0.6948205112828623
1191 1225 0.5085265060961233
2 37 0.14488525951032347
2 1192 2.382363229482971
2 3 1.767712784035538
35 34 1.1011281002007958
35 70 -0.4398816838739234
35 1225 -0.6466851158439192
37 72 0.7877418565201483
37 38 1.341989116624471
1192 1157 -1.5275968498982482
1192 1193 0.7536602454117464
3 38 -0.5813419632404037
3 1193 -1.2920128662855308
3 4 -0.08483267551289933
38 73 -0.5852397905912641
38 39 0.3316403104897913
1193 1158 -1.3525822180109717
1193 1194 -0.6947349862749136
4 39 0.5578254541287976
4 1194 1.4668600253436346
4 5 -0.11997015084822216
39 74 -1.7172088693963201
39 40 -2.847562555463479
1194 1159 -0.11239311213055858
1194 1195 0.22284613308184292
5 40 -0.33241163332461265
5 1195 -0.5391012824944915
5 6 -0.02671412689341346
40 75 0.8792549079836238
40 41 0.7502102203437574
1195 1160 -0.1034701873679823
1195 1196 -0.016125881860643496
6 41 -0.15522278767688616
6 1196 1.1808309647731046
6 7 -0.19177043464401788
41 76 -2.0260595656955216
41 42 1.295207157941894
1196 1161 0.6531882200184923
1196 1197 -0.41614878404428773
7 42 -1.071359019395443
7 1197 0.4668331903439558
7 8 1.537817479885082
42 77 1.8057397357796336
42 43 -0.2050134682508374
1197 1162 0.7855487219371079
1197 1198 0.19599190473510844
8 43 -0.07652723219643681
8 1198 -1.221973742803364
8 9 -0.46080279981222755
43 78 0.9377668148955091
43 44 -0.3383955855901722
1198 1163 -0.6845912260003574
1198 1199 1.026617621066152
9 44 -0.4003838157360198
9 1199 -1.0325514656865857
9 10 2.3526535534356974
44 79 -1.535981261067907
44 45 0.23356180603714313
1199 1164 -0.11208625386269021
1199 1200 1.8286724926395492
10 45 -0.7430480529165071
10 1200 0.6888007487139751
10 11 0.8957338038705597
45 80 -0.3804287418911584
45 46 0.4539302160625566
1200 1165 -0.48831085137567265
1200 1201 -1.2820990472730829
11 46 0.4177140043722941
11 1201 0.798243861284753
11 12 -2.3712026168001135
46 81 1.517079202451835
46 47 -2.293960971358237
1201 1166 1.6070676751679223
1201 1202 -0.533542903661666
12 47 0.6091994149334641
12 1202 0.7330800439713231
12 13 0.15859776670684883
47 82 1.3348267961064861
47 48 0.6072410290812073
1202 1167 -0.9729303695843547
1202 1203 -1.2880087898501442
13 48 0.32818501816404066
13 1203 0.4053634635635445
13 14 -0.2073227938197808
48 83 0.3225078014642699
48 49 -0.09232461910316501
1203 1168 -1.7019579915728116
1203 1204 0.4267947818972969
14 49 -0.05334215481361716
14 1204 0.16421483482998164
14 15 -0.6268895060004017
49 84 0.6274647389818312
49 50 1.5939730139438102
1204 1169 -1.0597300871398283
1204 1205 -0.176742520625111
15 50 -1.9737148988847095
15 1205 -0.25596953910266246
15 16 -0.8800302007997423
50 85 0.49606480396388214
50 51 0.041242953807494084
1205 1170 -0.514139308932989
1205 1206 -1.1820485782470385
16 51 -0.5562728003424898
16 1206 -1.254044557334152
16 17 1.7141043242030547
51 86 0.31786810604644433
51 52 -1.2841562245814073
1206 1171 1.6191687430651271
1206 1207 -0.8709079959570862
17 52 1.167346953800647
17 1207 -0.20681786966941448
17 18 -0.6112884531993511
52 87 -2.5065180172765325
52 53 -1.102533038629078
1207 1172 0.8193259300068254
1207 1208 1.0772726921235134
18 53 0.6014320303776148
18 1208 1.198164164578655
18 19 -2.0764281982451953
53 88 0.33567407138634875
53 54 -1.8732282068308912
1208 1173 -0.12672577294095755
1208 1209 0.5096197735712111
19 54 0.535231016019337
19 1209 1.596489713058437
19 20 -0.5153890383423461
54 89 -2.0851658882247324
54 55 -0.32045089295197104
1209 1174 1.2876859859131708
1209 1210 -1.7767780753178384
20 55 2.229210089689457
20 1210 -0.4232069168823431
20 21 1.4596885897056544
55 90 1.222889836031147
55 56 -0.51599548565537
1210 1175 0.6516492141943457
1210 1211 1.2360312495211234
21 56 0.4089671445563469
21 1211 0.5263150606920296
21 22 -0.6457270883513414
56 91 0.3946596739454986
56 57 1.5301423253169013
1211 1176 1.049978115659544
1211 1212 -0.31045182341087835
22 57 -0.41824963138949395
22 1212 -1.2167469667090027
22 23 -0.9641299132090738
57 92 0.6603200256508577
57 58 -1.424035544403944
1212 1177 0.9300605116958661
1212 1213 0.7679095223760292
23 58 -0.02948162144522261
23 1213 0.86473948948108
23 24 1.8678984957745888
58 93 1.7155557652226388
58 59 0.3572590714266131
1213 1178 -0.6798794532767394
1213 1214 -0.14979248218325217
24 59 -0.045843217127004884
24 1214 -0.5850136470143066
24 25 -0.5282177139238228
59 94 -1.0028808365192279
59 60 -0.5126625556993153
1214 1179 -0.039294758241899465
1214 1215 -1.0989299898370921
25 60 0.6499726049279675
25 1215 -0.21401343266501852
25 26 -1.804979656988604
60 95 -1.4211369631740798
60 61 -0.22371371405774704
1215 1180 0.10396802173675326
1215 1216 -0.06428123199168571
26 61 1.0081875810533785
26 1216 0.7398040475686496
26 27 2.971641032191598
61 96 -0.3057018742667081
61 62 -0.40033827273763173
1216 1181 -1.0593072827698717
1216 1217 0.45913284892694484
27 62 0.39247638248887456
27 1217 1.097751403689752
27 28 -1.872817450525648
62 97 0.0439839774586501
62 63 0.5881343810487168
1217 1182 0.36731429544743494
1217 1218 -1.2785933049393716
28 63 -0.12886920989005296
28 1218 -0.5619521488349666
28 29 -0.10020422695433746
63 98 2.0443374055088928
63 64 1.064604117460573
1218 1183 -1.0011544104156922
1218 1219 1.4765878387777136
29 64 -0.9153491399573294
29 1219 0.6231621523679781
29 30 -1.2502086896138183
64 99 1.22768212095467
64 65 -0.40381351914497476
1219 1184 1.2035183687039956
1219 1220 1.2565464161238573
30 65 1.7827218683383947
30 1220 -1.0167272046161329
30 31 1.2544498613777098
65 100 0.980846287759204
65 66 0.13188481533306953
1220 1185 -0.16379697672068433
1220 1221 0.44739716430412413
31 66 0.07702205946239994
31 1221 0.48168783574113955
31 32 0.14958956719835823
66 101 0.3216595895802718
66 67 0.9346568237898016
1221 1186 1.0556566858800585
1221 1222 0.7899035828969526
32 67 1.188244424840356
32 1222 0.726975937415261
32 33 -0.6385854974418999
67 102 0.2453654693317208
67 68 -0.9511763004559458
1222 1187 1.1678430431555922
1222 1223 0.2270873229143934
33 68 0.4205667015540439
33 1223 -0.5874557959340431
33 34 1.7118355625680821
68 103 1.0700883591456085
68 69 1.4964503780208762
1223 1188 -0.19904459050511752
1223 1224 0.3749544106754226
34 69 0.4324764128889783
34 1224 0.37457837266883093
69 104 -0.06981112339243828
69 70 2.174135043922219
1224 1189 0.3851191800430502
1224 1225 1.7827078527100781
70 105 -1.4401942160231231
1225 1190 -1.1102963480907462
71 106 -0.39310793428363383
71 72 0.8410516583816232
71 105 -0.1890702590281554
72 107 -0.1086275772606175
72 73 -1.4156495872362473
73 108 0.38340979324633234
73 74 -0.8090086700962257
74 109 0.004517060560622723
74 75 0.9415410398664837
75 110 1.0786522817742723
75 76 -0.6180694742129658
76 111 -1.1747267950119265
76 77 0.3990207855077675
77 112 1.002947657101671
77 78 -1.308191815915388
78 113 0.12048342804868065
78 79 0.3376271594668503
79 114 -0.3535548219848377
79 80 1.3017175149964568
80 115 1.1111338470288423
80 81 -0.28742148364182646
81 116 1.3934355142451076
81 82 -0.9857022716092011
82 117 0.1646689767652473
82 83 -0.4126736712280812
83 118 0.7909402740509264
83 84 -0.4145727906828797
84 119 1.1907513062357609
84 85 0.9017940209254265
85 120 -2.555322694363904
85 86 0.4683711958590607
86 121 -1.1664818001082091
86 87 0.23185167222323846
87 122 0.1658020300378741
87 88 0.9815212111183569
88 123 0.2956743571171087
88 89 0.34185965208419666
89 124 -0.12400492553370904
89 90 -0.00831235766592791
90 125 -0.7147023402963506
90 91 -1.0168039905813204
91 126 -0.6782034371761313
91 92 1.1414640591486118
92 127 0.3800646865077814
92 93 -0.2328939829541856
93 128 -0.7154118828819996
93 94 -0.734811851558122
94 129 -0.26550927481869535
94 95 -0.9654463215675799
95 130 0.26488540584549797
95 96 0.6607681087846125
96 131 0.5515280323810116
96 97 0.2610069927617074
97 132 -1.6252508026679402
97 98 -1.748945107484868
98 133 -0.8399288337619825
98 99 0.5760691289585635
99 134 -0.6737930616023342
99 100 0.15734575353522767
100 135 0.9575018518211645
100 101 1.8367397670813779
101 136 1.0285516316814305
101 102 0.7283771924564364
102 137 -0.2147637624541767
102 103 0.5205689431230306
103 138 -0.03807132353176912
103 104 -0.13652871755223142
104 139 -0.005437490539395169
104 105 -0.03184363580590768
105 140 -1.8786778694322432
106 141 1.1330989737822217
106 107 0.21183353409306513
106 140 1.3619851790878474
107 142 0.2831888864255264
107 108 -0.3490198787662756
108 143 0.4499666807404189
108 109 -2.2411071684686643
109 144 -1.4718119521804665
109 110 0.8703536764242037
110 145 0.5063468713703545
110 111 0.8561246689309007
111 146 0.6239699970248113
111 112 1.7177665996766756
112 147 0.9445732811147146
112 113 -1.4603852783284665
113 148 0.7249909359572733
113 114 -1.0998658811752635
114 149 -0.030652019842001534
114 115 -0.37307698613618273
115 150 -0.12964408079647896
115 116 0.2497614580531637
116 151 -0.6161500005265254
116 117 1.2231105855049202
117 152 0.5917100704755952
117 118 0.37931729986135165
118 153 -0.00878274885641875
118 119 0.6872673009996274
119 154 2.093400054018479
119 120 0.5024642620590686
120 155 1.645324781193255
120 121 0.48768140174981883
121 156 -1.2270386227234316
121 122 0.45664885950777356
122 157 -0.541508900087298
122 123 -2.7082346864395292
123 158 1.0065166368953462
123 124 -0.5844896682602567
124 159 1.7080759347767303
124 125 1.2067261385371884
125 160 0.6811550720616999
125 126 0.050775013118156416
126 161 0.4600353924693777
126 127 0.05092091179612342
127 162 -0.9014868705783899
127 128 -1.1003102237750486
128 163 -1.3843759750582525
128 129 -0.12557912087212483
129 164 -0.8694618428182425
129 130 0.44628739188378624
130 165 -0.22181333678003412
130 131 -0.6861019102495228
131 166 1.6302788708813825
131 132 0.7427850955902913
132 167 -0.014877398104869015
132 133 -0.039412273590226324
133 168 0.7672547843114836
133 134 2.6081405939080886
134 169 -0.8252232155968697
134 135 -0.7612217786123329
135 170 -0.6687977051155559
135 136 0.43263918069337814
136 171 1.1538756573450093
136 137 0.6408110986101175
137 172 0.4036953743695351
137 138 -0.21553306143807954
138 173 -0.3622286787781301
138 139 1.8640720472240315
139 174 0.5154564558133427
139 140 1.097161837824892
140 175 -0.6747625750742224
141 176 0.23012936981043985
141 142 0.5174257086446266
141 175 -0.19940999480886837
142 177 -1.572332348737637
142 143 2.2817748504791218
143 178 3.029749845021252
143 144 0.7394786018588315
144 179 0.04822540063720442
144 145 -1.3579195889670603
145 180 0.4963649238129151
145 146 -0.23794467480502804
146 181 -0.475393440400941
146 147 -0.9794360971413824
147 182 -1.1904582910524444
147 148 0.8055256640174102
148 183 0.17239321877806438
148 149 -1.7562420455430792
149 184 2.16875670545224
149 150 -0.04948737088056985
150 185 -0.7044270450178899
150 151 -0.34770114895202364
151 186 -1.191346692005965
151 152 1.6664813882313336
152 187 0.649916793761041
152 153 -0.29611482894952107
153 188 -0.11621841572677401
153 154 0.952063141585396
154 189 0.6978934142178451
154 155 0.3727728132294888
155 190 -0.23950962376184723
155 156 -1.4820484440047332
156 191 0.6646287745470684
156 157 -0.23739345253141678
157 192 -1.2386028056924443
157 158 -1.3959493315182276
158 193 0.3472208060546562
158 159 -0.33667564980029824
159 194 -1.1024580930122247
159 160 0.7005886534967406
160 195 -2.2113630284947
160 161 -0.1903118909096476
161 196 1.0589779311764542
161 162 -0.3855533495457855
162 197 0.2750075369965825
162 163 -0.5122635758856441
163 198 0.16293126049893622
163 164 0.37729293966377053
164 199 0.48403932889684687
164 165 -1.4415140615693516
165 200 0.2642712557816973
165 166 1.0607173535149816
166 201 0.25870651247523524
166 167 -0.8868830076691964
167 202 0.02849201507141295
167 168 0.5286438273083955
168 203 0.23143248941716915
168 169 0.12537982767758094
169 204 0.8387649623180592
169 170 0.6046304326334264
170 205 0.6977532376806003
170 171 1.102759396166172
171 206 1.0365663394851274
171 172 -0.41559067266814825
172 207 1.2034656748062207
172 173 1.5457186462093406
173 208 -1.095272760399075
173 174 -0.5899678502326817
174 209 0.7837576917012308
174 175 0.48263083720606237
175 210 1.0291091248244248
176 211 -0.4718961031990243
176 177 -0.09456823684836815
176 210 -0.2963302306875916
177 212 -1.0067900149151179
177 178 0.015537196691597147
178 213 1.574051800891733
178 179 -0.37269754141152545
179 214 0.9757397582687604
179 180 1.6852022934289013
180 215 -0.8410218032245517
180 181 -0.34001796180608884
181 216 1.4851330709822204
181 182 0.9701191573505381
182 217 -0.4441085556451156
182 183 -0.12167995622252854
183 218 -0.6217279178628554
183 184 2.039134616970124
184 219 0.7244079447870683
184 185 -0.6346952386617278
185 220 -0.14069786554022126
185 186 -0.32411560325603356
186 221 -0.07575289745903756
186 187 1.2606905692556525
187 222 0.7656608390499303
187 188 0.30045361702044043
188 223 0.5004641427706747
188 189 0.7939564394588821
189 224 -0.142464861575009
189 190 0.5138389404411483
190 225 1.0943967924088682
190 191 -0.7959512691733391
191 226 1.3963052955240953
191 192 1.505522566990458
192 227 -0.7132740885850853
192 193 0.6290257189065085
193 228 0.4301172339922278
193 194 -0.7289037919043692
194 229 0.5180077785061724
194 195 1.331420810040384
195 230 -1.303582228599371
195 196 -0.4772947360199061
196 231 -0.6816936361446163
196 197 1.1591033752707849
197 232 -0.8053123560154773
197 198 -0.6436871110215283
198 233 0.033056693359322625
198 199 -1.920370837807928
199 234 1.145740225237105
199 200 0.5501976456775409
200 235 0.9682061592662954
200 201 0.6507710289995365
201 236 0.11165709941638982
201 202 0.06671662061331998
202 237 0.5563898177037269
202 203 2.9408347310103733
203 238 1.4993807778128403
203 204 0.9177717171913788
204 239 0.7738342610423191
204 205 0.8237857948570592
205 240 1.525661104488263
205 206 3.2977122460271073
206 241 -1.4397747336126996
206 207 0.7476788290386518
207 242 0.22156893636609207
207 208 -1.8765989112284485
208 243 0.6337492082607115
208 209 -0.4420898059415741
209 244 -1.1687934719269002
209 210 -0.62704261995985
210 245 -0.8250006784699029
211 246 0.27245760195752855
211 212 -0.523986442890277
211 245 1.0190451721721396
212 247 -0.5895219171802786
212 213 0.33476484678298934
213 248 1.0852623270738322
213 214 -0.6207711412671522
214 249 0.8975398156489734
214 215 -0.11327409233189344
215 250 1.8663529374493464
215 216 -0.8145221133094563
216 251 0.8429841445272256
216 217 -0.4582697140645256
217 252 -0.350085108139598
217 218 -0.6692424198010167
218 253 0.6176163848291708
218 219 1.0007513898337252
219 254 -2.0760873924807575
219 220 0.47639355746366985
220 255 -1.11695807387902
220 221 0.43160947903584757
221 256 2.2409642350565595
221 222 -1.3509439544375281
222 257 -1.146862080979661
222 223 -0.21646467147198853
223 258 -1.2504332234551254
223 224 0.7964799104639761
224 259 -1.1959884280182913
224 225 1.201745351468617
225 260 -0.37256739683841794
225 226 -1.339069728561993
226 261 -0.10677248529951322
226 227 0.046251980097136006
227 262 -0.8775992523643498
227 228 -0.783991971347155
228 263 -1.256175507676228
228 229 0.5955544941346927
229 264 -0.8546628470570753
229 230 0.48117499519366186
230 265 1.52465738220147
230 231 0.8200709591194232
231 266 -1.4649348358550813
231 232 -0.2301271641033391
232 267 -2.13217394983998
232 233 2.0507962244538644
233 268 0.8283308477329194
233 234 -0.10447060755284752
234 269 0.34999941928496575
234 235 0.3520389815912167
235 270 0.4861321511437294
235 236 0.30878994848731967
236 271 0.9704414565697309
236 237 -0.32507605479455065
237 272 -2.4452268028522464
237 238 -1.7650846789404504
238 273 0.5179414807116254
238 239 1.6782375363807276
239 274 1.5629393511965992
239 240 0.4135811386305603
240 275 0.6676850486369895
240 241 -0.7805056010207547
241 276 -0.14240601331941877
241 242 -1.1733546403837862
242 277 -0.6301522227357894
242 243 1.0333819108650337
243 278 -0.3983272687074896
243 244 -0.56543016524753
244 279 0.15476268010528782
244 245 1.6885422084758415
245 280 -1.8779803663720254
246 281 -0.37242952010220315
246 247 -0.9574772247608591
246 280 1.7547979375601452
247 282 -1.3188672519979823
247 248 0.4959085593678813
248 283 0.03997039987506791
248 249 0.9407197859364426
249 284 -0.38581339299207384
249 250 1.7291229760705666
250 285 -0.9759692888262363
250 251 1.2545322517527806
251 286 0.2243912970197013
251 252 -0.38375631752158
252 287 1.0075149086497568
252 253 -1.3577262493348985
253 288 0.7957489002610475
253 254 0.47646888182196523
254 289 -1.149505922582993
254 255 1.7697967379318122
255 290 -0.2357611075813725
255 256 -0.09874653130868086
256 291 -0.4366119223802834
256 257 0.28041343772550853
257 292 0.13504292454976122
257 258 0.5255473918125642
258 293 1.2582940714735662
258 259 1.1552689736599424
259 294 1.4500204174097215
259 260 1.5566943375598734
260 295 -0.9952855720013404
260 261 0.2632362613126327
261 296 -0.6122409233559108
261 262 1.4509567795569758
262 297 -0.7409808632835905
262 263 0.7296818709419896
263 298 -0.808109300544745
263 264 -0.15956592515293616
264 299 0.1665957007170831
264 265 0.8820778174816287
265 300 -0.708668626320142
265 266 1.1259734744205987
266 301 -0.8293684401014205
266 267 0.5197796522219388
267 302 2.130695855641013
267 268 -0.3919056051680906
268 303 -0.26217161883012274
268 269 0.9553721615594376
269 304 0.44781363197072666
269 270 -0.3735479375834522
270 305 -0.31762437099317964
270 271 0.09474541096232189
271 306 -0.16224978706266782
271 272 0.32065233704688156
272 307 0.042220735006071715
272 273 0.25692809541186423
273 308 0.01666690266752114
273 274 -1.6666779508404985
274 309 0.6552173316633022
274 275 0.04514935838768051
275 310 0.852431253388052
275 276 -0.17721812423460584
276 311 0.7646418285715738
276 277 0.9276770939355293
277 312 0.2506113667936058
277 278 0.8057774416623962
278 313 0.6172530236179639
278 279 0.3512707751448756
279 314 0.8422605557830931
279 280 -0.8295861144790289
280 315 0.1592288933303412
281 316 -1.387024480649081
281 282 0.21979534500122766
281 315 -0.1435822783106811
282 317 1.1515797994428505
282 283 0.6017707817304031
283 318 0.3238702945570488
283 284 0.6918871334676514
284 319 -1.1026199962024261
284 285 -1.0884646161741245
285 320 0.00021418316182918455
285 286 -0.27374437361000203
286 321 -1.7615294844256597
286 287 -1.3480955560309484
287 322 0.33519999616916896
287 288 1.213514265829342
288 323 -1.533603715056324
288 289 -1.0624443904826846
289 324 2.1800347778804725
289 290 -0.8501110083864799
290 325 2.4600865067135285
290 291 1.111030757779161
291 326 0.2651079179534562
291 292 -1.0629437691725736
292 327 0.6889687103043661
292 293 -1.0606448031617648
293 328 -0.17548370746981734
293 294 0.8695085866038661
294 329 -0.054073759828831114
294 295 -2.731445178820942
295 330 -0.27279593912516065
295 296 0.574226035709826
296 331 0.6495025980309491
296 297 0.30737470554631746
297 332 -2.451319731017409
297 298 1.7929779967153023
298 333 -0.517350110093047
298 299 -0.185969129128702
299 334 1.3929450707587852
299 300 1.0188915413065593
300 335 -1.0279370033058257
300 301 1.571107835065515
301 336 0.7331216808912409
301 302 1.3465947747426943
302 337 0.5645950707956752
302 303 -1.5783211935515784
303 338 -0.7985260539199737
303 304 1.3251178284981524
304 339 0.23437277722859326
304 305 -0.16653153286585548
305 340 0.07727586293114558
305 306 0.16281337762394643
306 341 0.11470059518846092
306 307 -0.4510062565544819
307 342 -0.46873862363305696
307 308 0.7829837086109502
308 343 0.7298348637169266
308 309 0.13777778804096824
309 344 0.4562144364623487
309 310 -0.8312587395573039
310 345 -0.47502936693552417
310 311 1.4046556832693804
311 346 0.12760511086081988
311 312 0.3745386091786141
312 347 -1.1058490320491239
312 313 -0.024635734260523377
313 348 0.28045455865686036
313 314 -0.21625290546320045
314 349 -1.194463584965412
314 315 1.289647026087502
315 350 -1.0059852280715034
316 351 -0.28836787109732487
316 317 1.355269191484513
316 350 -1.408483628746893
317 352 -0.4092915961392366
317 318 1.0686640290922553
318 353 -0.18174213257071903
318 319 -0.93290834186119
319 354 0.32169891696768127
319 320 1.1733815626044044
320 355 1.8807801346436837
320 321 0.44782771465404536
321 356 -0.9833641845633065
321 322 -0.6590900874303807
322 357 0.9586871210976423
322 323 -0.7196107691810287
323 358 0.90499007782088
323 324 1.1877202729219545
324 359 2.0934708803297566
324 325 -1.2038317558754876
325 360 -1.1975260896888782
325 326 0.3769646261673247
326 361 -0.26471106235794006
326 327 -1.2369823788194532
327 362 -0.3130081328328799
327 328 0.23870418456699685
328 363 -0.2445661247131319
328 329 -0.6311426934528985
329 364 -0.7948713782295057
329 330 0.7823569285975178
330 365 0.1998931055522288
330 331 -0.4463279555224989
331 366 -0.7354535709028271
331 332 0.7528538732516877
332 367 1.507928065558655
332 333 0.2728376853578533
333 368 -0.5505538181081299
333 334 0.8909517078410393
334 369 0.13845385141665087
334 335 -0.853763251104209
335 370 -0.6027323431300232
335 336 0.17224783987394507
336 371 -1.2117636813348653
336 337 -0.8291730798012937
337 372 1.2727773431216254
337 338 -0.3507845761028288
338 373 0.13913503335976748
338 339 -2.613292526682929
339 374 -0.2237523244820064
339 340 2.0164656175465794
340 375 -2.5922993766011975
340 341 -0.29327271246512127
341 376 1.2765423453047222
341 342 0.02030615960687069
342 377 1.3152635665427417
342 343 0.019142620905505666
343 378 0.305491499809942
343 344 -1.0238625982224765
344 379 -2.403441205161347
344 345 1.0019796431498174
345 380 -0.21479761871609732
345 346 -0.028066779033532333
346 381 -1.0156228900000206
346 347 -0.25891074810602466
347 382 0.07298981894638411
347 348 -0.310099747739024
348 383 0.7233157988249664
348 349 1.8996752610922918
349 384 -0.2851943024821516
349 350 0.13476313470264764
350 385 -0.32008422196647296
351 386 0.8851407272515118
351 352 0.9775851531936208
351 385 -0.17388885100896015
352 387 0.5973506635779887
352 353 0.24675105346556997
353 388 -0.20888909476812315
353 354 0.3402553882255554
354 389 -0.06009433082952589
354 355 0.17152203181476508
355 390 0.5673218019017163
355 356 0.23423067405202308
356 391 -0.7216370511310803
356 357 1.2005222677568577
357 392 -0.7303356953558899
357 358 -0.6179857964648778
358 393 -0.6972740025470022
358 359 0.5414970803064264
359 394 0.3356632866454156
359 360 0.6267085859572826
360 395 0.7569101189861915
360 361 -0.3756003685784465
361 396 -1.166446304446778
361 362 0.6867034796885572
362 397 1.1811833342737919
362 363 -1.046585369122292
363 398 1.0751330191901025
363 364 -0.249180859982431
364 399 -0.6193862977663304
364 365 1.6428071458570865
365 400 1.413861843179877
365 366 -1.9892201604294417
366 401 1.2330448457313126
366 367 0.3039380813788352
367 402 1.4744379079694223
367 368 0.047630151843370896
368 403 2.3869706639643895
368 369 0.8931180104910411
369 404 -0.2630399680017587
369 370 -0.6007791836772427
370 405 0.1153896427014454
370 371 -1.6705642427679406
371 406 -1.3732075634473062
371 372 -0.8368952202333914
372 407 -1.1515880558699352
372 373 0.9191273944984059
373 408 0.3224626537003475
373 374 -0.8633866797694545
374 409 -0.7938111525128148
374 375 -1.390970472902867
375 410 -0.026076769972038585
375 376 1.8285569854254309
376 411 1.3973647852133348
376 377 -0.5416987063888341
377 412 0.3275024695504884
377 378 -0.3836784922868585
378 413 -0.8775785130742546
378 379 -1.124738469583656
379 414 -0.03946372226873988
379 380 0.4580465842569742
380 415 0.193726198247609
380 381 1.013722291313044
381 416 -0.747588860652665
381 382 -2.108531390484712
382 417 1.2517474123813193
382 383 -0.42444755860012284
383 418 -0.557739945246454
383 384 0.09673825375492613
384 419 1.8590523979711622
384 385 -0.27112132735963235
385 420 0.40531018250610507
386 421 1.7627910427889566
386 387 -0.03167788753949351
386 420 -0.8482861762442576
387 422 0.8971704673616747
387 388 -1.1212491624381338
388 423 -0.12189237203979944
388 389 -0.07845570827766483
389 424 -0.16800661481347992
389 390 -0.20607175616878526
390 425 0.4437536049808885
390 391 -0.6798605545308942
391 426 -0.6531234320598185
391 392 0.10191455530073176
392 427 -1.7799201900764599
392 393 -0.6972890223694915
393 428 -0.7286892806318432
393 394 0.5985893935646317
394 429 -0.07731633736479006
394 395 -1.4384642400349144
395 430 -1.0966701677763433
395 396 -0.3727417400511426
396 431 -0.3072377550542756
396 397 -0.6593739622117727
397 432 -0.700360814812836
397 398 -0.1774546865235226
398 433 0.9933321237111886
398 399 -0.44854420108140486
399 434 -1.4905971641918938
399 400 1.167515266820159
400 435 0.9098141759726666
400 401 -1.160539587912661
401 436 1.4928157124907215
401 402 -0.3212525691132821
402 437 0.022276882020932514
402 403 0.18515649178277063
403 438 -0.2424651885543673
403 404 -0.012487816128869275
404 439 -0.679206924433504
404 405 0.17246235470433727
405 440 -0.3392243742509195
405 406 0.9522729369093174
406 441 -0.9310804900882489
406 407 -1.0362570905399173
407 442 -0.2643115322558786
407 408 -1.8086584797318275
408 443 0.045026401143854
408 409 -1.8535889035067368
409 444 -1.3031165255566561
409 410 -1.3067397567977463
410 445 1.302075843686895
410 411 -0.48002584722815667
411 446 0.0188461110115824
411 412 -0.6798177146600395
412 447 -0.10693868612112292
412 413 -0.02437790490591911
413 448 1.9769497857331733
413 414 0.21250460824509304
414 449 -1.0846613198319413
414 415 0.7859725989998511
415 450 -0.6564222925974521
415 416 0.8770967431347323
416 451 0.7515526805873284
416 417 1.1430923558051727
417 452 -0.6212345843172438
417 418 0.18093256490432091
418 453 0.041305232466418304
418 419 -1.4185282704212474
419 454 0.5043118670845532
419 420 -0.7436722737270073
420 455 1.9650932795136316
421 456 0.053319548968977074
421 422 -0.13552886462841612
421 455 -0.859746977368095
422 457 0.288429153899897
422 423 -2.069990959959117
423 458 1.5388406617437145
423 424 0.022905536693825883
424 459 2.634011643895103
424 425 0.9966785228646369
425 460 -0.7256334752488336
425 426 -0.7739257694071223
426 461 0.03507024045001463
426 427 -0.043184407364210545
427 462 0.09935915136971149
427 428 -0.5275738414069603
428 463 -1.8400761583710592
428 429 -0.4849812959128067
429 464 0.6341738496199952
429 430 1.0607448163167221
430 465 -0.5707040262838916
430 431 -0.9964937654552701
431 466 -0.8284359447170981
431 432 -0.40181963356673983
432 467 -0.7390327792750637
432 433 -0.054391809939923916
433 468 1.1262182396677112
433 434 0.20258799396306046
434 469 0.838625387274085
434 435 1.0705274909372036
435 470 0.8177707331508881
435 436 1.7467122537026167
436 471 -0.30520014832594156
436 437 -1.1712064790623342
437 472 -1.4724182734337596
437 438 -1.253336711876658
438 473 0.47042084857391014
438 439 -0.25945540277576823
439 474 -0.5265676585825589
439 440 -1.3086062946109174
440 475 -0.7367899378692172
440 441 -0.41818863256478
441 476 0.829593852970078
441 442 1.5294499296009558
442 477 -0.3525775572160833
442 443 1.233233308170978
443 478 -1.0018623626363068
443 444 -1.2352328982057348
444 479 0.08039375529899111
444 445 0.7428515446015015
445 480 -0.5695631833175222
445 446 -1.000329157359124
446 481 -1.409415828125751
446 447 1.2510429054651042
447 482 1.0043788919238452
447 448 -0.8138007006384648
448 483 -0.5299552944215247
448 449 -0.4708533903235245
449 484 -1.3744058067538554
449 450 0.3418524205053074
450 485 0.10606672511214778
450 451 1.4519581089861748
451 486 1.8587949423426953
451 452 -0.7402549984885775
452 487 -0.1027947461344439
452 453 -1.157026499674624
453 488 -1.1405581505850664
453 454 -0.6326627531989596
454 489 -1.1432868381753392
454 455 -1.0514918689803598
455 490 -1.7358146626754773
456 491 0.28349478901263386
456 457 -0.25202869501264713
456 490 -0.17039912321679967
457 492 0.2011322521345174
457 458 0.12385830850585478
458 493 1.2912628089157836
458 459 -0.16868245568567644
459 494 -1.2300989756445766
459 460 0.7777922959013642
460 495 -0.5034982768720898
460 461 0.7815878188884748
461 496 -0.4085134611121504
461 462 -1.9013289614712383
462 497 -0.6683556147389922
462 463 -1.1851682048699244
463 498 0.35784831916665
463 464 -0.4937708841653141
464 499 -0.3080924827778378
464 465 -0.9092249449570408
465 500 0.7536157321297074
465 466 -1.3078995969757423
466 501 0.007443739498791984
466 467 1.1480077374935223
467 502 0.1877110836857487
467 468 0.35779364272457176
468 503 0.10850463530509454
468 469 -0.9108336401714491
469 504 -0.7241728936931425
469 470 -0.7400269170574093
470 505 0.2224142985820688
470 471 -0.5660091640061077
471 506 0.1662751656099196
471 472 -2.192461607619864
472 507 0.7866307000234712
472 473 0.9836711510756369
473 508 -1.3823070282990175
473 474 0.4255241315488545
474 509 0.22884149451687813
474 475 0.2590453455414595
475 510 0.4658823282955017
475 476 -0.9885250725734894
476 511 0.08408024711541788
476 477 0.48465598150364997
477 512 0.09394406856255039
477 478 0.4327773201790117
478 513 0.6391845755237615
478 479 2.4922835354358783
479 514 -1.0943794778340956
479 480 1.931714570921958
480 515 1.6172264611441876
480 481 -0.4603679056761235
481 516 0.21580389978505973
481 482 -2.025241839167604
482 517 -1.0578549342263746
482 483 0.5646584793709801
483 518 -0.8755918911222551
483 484 0.0004300962526635865
484 519 -1.4500215655924737
484 485 -0.052162075181865185
485 520 1.5163805876305092
485 486 -0.509012461645367
486 521 -1.3636577312049738
486 487 -1.0387999272006083
487 522 -0.029526426924208607
487 488 -0.314832718890133
488 523 1.2790506699919457
488 489 2.6028867776415776
489 524 0.595536232094982
489 490 -1.4513316326475736
490 525 -0.40578082870442106
491 526 -0.9008891416201483
491 492 -0.41212142451265854
491 525 0.39839476110200095
492 527 0.4893568065946486
492 493 1.3436828504366953
493 528 0.6084133883267655
493 494 0.35858132799604514
494 529 -0.012605042226793109
494 495 -0.2604949509863615
495 530 -0.9562698077162074
495 496 -0.7546595680176463
496 531 0.011211772547314765
496 497 0.2369953399821846
497 532 0.2732629404143067
497 498 -0.4008136755161648
498 533 -1.2045522897083376
498 499 1.9614445895092663
499 534 0.17257580956518775
499 500 0.33315408076406045
500 535 0.21457265251063246
500 501 0.4692034589611436
501 536 1.3476957731708405
501 502 1.6573256180039877
502 537 0.08989237207279081
502 503 2.3447286935755787
503 538 0.521811757423193
503 504 0.32415723180380773
504 539 1.0037766575234965
504 505 -0.24958948404195216
505 540 0.6162061015459188
505 506 -0.4081766970963926
506 541 -2.1011527950981916
506 507 -0.23591991657859285
507 542 0.3091074766356387
507 508 -0.48116930237191596
508 543 0.23867508268824705
508 509 0.19449800609498158
509 544 0.21684731761326415
509 510 -0.40767854943641363
510 545 1.542478368065538
510 511 -2.0036932869698996
511 546 2.1515809629781173
511 512 0.12839997870616263
512 547 2.459043926961083
512 513 0.08406007983159286
513 548 -0.05698011242571419
513 514 0.8517424664536506
514 549 0.9960349023232488
514 515 0.4102289446286174
515 550 1.3798920930633993
515 516 -0.8842152254479969
516 551 1.0670763269767918
516 517 1.6253747380319359
517 552 0.41371551038300575
517 518 1.044594276726404
518 553 0.6887749435448236
518 519 -0.7638629592451271
519 554 -0.1856749547890149
519 520 0.6850857652501875
520 555 1.2540054934726181
520 521 -1.354409889890969
521 556 -0.5730746253705485
521 522 0.5179649913182777
522 557 1.087650978508649
522 523 0.41501770956677325
523 558 -0.5089012884878469
523 524 -1.6174004144472658
524 559 -0.5073336386283926
524 525 0.0322836097210233
525 560 0.7935795843028015
526 561 1.8541261858458122
526 527 0.46266285152390324
526 560 1.6576982273885221
527 562 -1.2088702314806337
527 528 -0.7685200818566561
528 563 -0.7526637292014108
528 529 -0.1463958704824485
529 564 0.18246954187273629
529 530 1.1225994453735322
530 565 -0.36210634387806706
530 531 0.3859068115285807
531 566 1.523531659382348
531 532 0.5438534218513624
532 567 0.35252468397455583
532 533 0.46815868118518156
533 568 -0.5803020484665752
533 534 1.2954023791992413
534 569 -0.8124831606656814
534 535 -1.671472965024645
535 570 0.8138307643183169
535 536 0.5291990831762571
536 571 -0.6902635739716757
536 537 0.3678772901942894
537 572 0.17642343958157508
537 538 -1.1092934441430382
538 573 0.5469685227754781
538 539 0.12994342844229992
539 574 -1.8335870899376234
539 540 -0.6739346281774596
540 575 0.9334284608394126
540 541 1.194018874308309
541 576 -0.9541486604384773
541 542 -0.9763905612982505
542 577 0.7099863532084085
542 543 0.5299554231382748
543 578 -2.116927247177206
543 544 0.24993750294333597
544 579 0.6183338778095191
544 545 -0.14877120201508906
545 580 -0.7649211550363906
545 546 -0.5467328474116304
546 581 -0.510668990780465
546 547 0.9059829883792166
547 582 -0.8530922907446069
547 548 -0.7617361633903303
548 583 1.924349862911715
548 549 -1.1756960081061898
549 584 -0.27953191146158957
549 550 -0.49724289649926723
550 585 0.40902755780431765
550 551 1.6508510809188675
551 586 -1.8499570831538668
551 552 -0.08517111715715123
552 587 -0.41449970572929457
552 553 1.2763674043477642
553 588 -0.9194162630159383
553 554 -1.34138477728192
554 589 -0.9345353130981593
554 555 0.6627612672809171
555 590 -0.619337766598415
555 556 -2.0405885149148157
556 591 0.6016630199588884
556 557 2.1452146627147064
557 592 -0.19224717473570102
557 558 0.40874264441841884
558 593 -0.14439935218221014
558 559 3.07684454307435
559 594 -1.3560058035345706
559 560 1.597287943330019
560 595 1.9751360551509496
561 596 0.7129933393295387
561 562 -0.5132485946866449
561 595 -1.203584454113337
562 597 -1.8873184739965447
562 563 1.4398935865261773
563 598 0.29391266472314803
563 564 -0.38016951869221244
564 599 -0.20782891519053753
564 565 -0.38996053394620184
565 600 -1.7921982469446949
565 566 0.38474931412718
566 601 0.16209005213344221
566 567 0.3813600187809901
567 602 -0.8780787253672635
567 568 0.33163660367291137
568 603 -0.7059103452414816
568 569 0.4647607731515485
569 604 -0.5803374709598708
569 570 -3.5477955023902
570 605 -2.304696072375457
570 571 -1.1802796217088138
571 606 1.1477311853956238
571 572 0.3868764329570392
572 607 -0.6865817110029557
572 573 -0.03608834748344555
573 608 1.921367326828898
573 574 1.4675298239619716
574 609 0.25959546718057713
574 575 -0.8941346407709717
575 610 -1.0147307540849178
575 576 0.161870901097388
576 611 0.6724900780593042
576 577 1.864714181116948
577 612 -0.13667724853614518
577 578 -0.8197574372723392
578 613 -0.18469469241605363
578 579 1.1760817726266233
579 614 -0.6522188131022179
579 580 0.2144994440695719
580 615 0.974182870593653
580 581 1.6590826871232596
581 616 1.9507778198680747
581 582 1.039323258829051
582 617 1.0537725308230081
582 583 -0.9329909992450757
583 618 -0.7981502935760721
583 584 0.4282189479429686
584 619 -1.2758180089719677
584 585 -1.5480083826255797
585 620 0.8702774006238675
585 586 0.2050397470920961
586 621 0.6003318131180325
586 587 1.3508652695729606
587 622 0.10787222841276883
587 588 -1.2873970323074515
588 623 -0.4185922536993762
588 589 -0.41253149896767055
589 624 1.1984726706127755
589 590 -1.4166151524866768
590 625 -1.0103584503340044
590 591 1.2688702862130545
591 626 -0.9197862515514234
591 592 0.02721151044081789
592 627 -0.15117522685749848
592 593 0.22495902264682333
593 628 0.776930665428171
593 594 0.4818553635506412
594 629 -1.3853969224973313
594 595 0.7674670883237276
595 630 -1.2828040025660126
596 631 0.617081359379136
596 597 -1.148976469657385
596 630 1.2162192163046095
597 632 -0.5482859755828522
597 598 -0.8968843190385264
598 633 1.5828959717684872
598 599 0.08982925921893073
599 634 1.4866417185218879
599 600 -0.26493176185453576
600 635 0.10821785684805303
600 601 1.4013167878699342
601 636 1.1042221126635556
601 602 0.37273665078005397
602 637 -0.4324143014384159
602 603 -1.5810116140920025
603 638 1.4989696673181783
603 604 -1.5042651073694397
604 639 0.564859924312104
604 605 0.09844451744340481
605 640 0.6619887745788251
605 606 0.769508056537829
606 641 -0.2248309542622148
606 607 -1.120913895651202
607 642 0.864260080958765
607 608 0.24762958145348563
608 643 -1.4090496120126879
608 609 0.19413716363168582
609 644 -0.9642271535806148
609 610 -0.9912529424598302
610 645 0.6951235581939519
610 611 -1.000461983130311
611 646 -0.4007069578142229
611 612 1.7562992894183906
612 647 -1.0108911487403036
612 613 -1.164276252695291
613 648 -0.4852647724248398
613 614 -0.7306918466326683
614 649 1.838429415751396
614 615 -0.5814946019228071
615 650 0.2965275717413631
615 616 0.8585929111920424
616 651 0.5490113995361552
616 617 -0.045729983718630254
617 652 -0.35835234210202915
617 618 0.3688947262059165
618 653 -0.8972204112168473
618 619 0.12154040854836565
619 654 0.464554679425436
619 620 -0.6222541564705757
620 655 0.9746968670548628
620 621 -0.8634660031381134
621 656 -1.5309838884260343
621 622 -0.3490544845697949
622 657 0.9494509112133205
622 623 1.027930252754006
623 658 -0.5063285841763153
623 624 -0.6597787923321563
624 659 0.6097820199439814
624 625 0.7748426903661673
625 660 0.5692701579745673
625 626 -1.4185614605064185
626 661 0.3790120846183179
626 627 0.27508962992860203
627 662 -0.12817174561559255
627 628 0.5610950500951466
628 663 0.9678330684098145
628 629 1.93504409232974
629 664 0.20134789515857454
629 630 2.0548641255426126
630 665 0.32392212383674984
631 666 -0.27585007816089935
631 632 0.22716177200416152
631 665 -0.030418472723387338
632 667 1.0258200769242882
632 633 0.19715399628205266
633 668 -0.8358472294231337
633 634 0.18617205463305098
634 669 0.5431359159732382
634 635 0.14444834717771676
635 670 1.0522794325987423
635 636 0.4786365710475097
636 671 0.16711383138079755
636 637 1.2941994357876434
637 672 0.6453785802819706
637 638 -0.5865709689911123
638 673 -1.2880474833031548
638 639 -0.07596886178591257
639 674 -1.5677268938084303
639 640 2.133303406018119
640 675 2.0560360658124472
640 641 0.1422031602316642
641 676 -0.24936319970242807
641 642 0.811419299549596
642 677 -0.42981990224302036
642 643 -0.12189936998534254
643 678 -1.1560056047883271
643 644 0.3304308240559283
644 679 0.02753322488719635
644 645 0.09689347084218568
645 680 1.4396813338637207
645 646 -1.2722444994223367
646 681 2.399641160405744
646 647 0.5391858772536869
647 682 0.4173641864301184
647 648 0.7030915346085633
648 683 -1.5540570523189345
648 649 1.7705515831591898
649 684 -0.43672225661822933
649 650 -0.37872378888772
650 685 0.36975004103604936
650 651 0.010640502614861646
651 686 0.11249521625041128
651 652 -0.32986900736461644
652 687 -0.27040495466582143
652 653 -1.1907840980372848
653 688 0.5656081057282327
653 654 0.5162472891976059
654 689 -0.4342937135042912
654 655 1.150356857937307
655 690 1.319818579167729
655 656 -0.709923735284716
656 691 -0.09762169479283918
656 657 -0.9106500610730863
657 692 -0.5049010468244302
657 658 -0.15819056681090873
658 693 1.6072375334462554
658 659 0.325246574421862
659 694 -0.3280010083906157
659 660 -0.9654469201802012
660 695 -1.5662635878452738
660 661 0.7487597528274256
661 696 1.3038283618297706
661 662 0.6130778047379806
662 697 -0.22053718373732809
662 663 0.03578924355007099
663 698 -1.001584208211283
663 664 0.3602047449929666
664 699 0.5084963334232382
664 665 0.7574508387855794
665 700 -0.21466878133311054
666 701 -0.3438465616340786
666 667 -0.25996275766137017
666 700 -0.18675288132990184
667 702 -1.0855947666908126
667 668 -0.13529529065726653
668 703 0.7630488943118546
668 669 -0.038754592526805555
669 704 -0.527633632535999
669 670 0.8055622749679269
670 705 0.07555679365725378
670 671 0.4137314366603474
671 706 -0.08733130100220529
671 672 1.380228185314592
672 707 0.046743289686846164
672 673 -0.42902898769189
673 708 1.488256749830841
673 674 -1.0757317843614507
674 709 -0.013537989237028139
674 675 -0.7343072561612001
675 710 -0.4132601198688721
675 676 0.9816522190601207
676 711 0.8717708676402044
676 677 0.8053495542657256
677 712 -0.3402477932461329
677 678 -0.0890403832130509
678 713 -1.7901377654112807
678 679 -1.178730148780048
679 714 0.31132166726428717
679 680 -0.5200584293872724
680 715 0.10655353503109939
680 681 -1.6847922596007014
681 716 -0.6237916131441728
681 682 0.04632167511079912
682 717 -0.2809518842317809
682 683 -1.082923082932453
683 718 -0.12978516664815867
683 684 -0.13753968906948982
684 719 0.41444257400760415
684 685 -0.62230754628694
685 720 1.310303514291789
685 686 -0.5953320450271586
686 721 -0.9087426766528385
686 687 -0.7716245361149352
687 722 0.7847511738373407
687 688 -0.9856331020125423
688 723 2.137928116830339
688 689 0.8849441438949116
689 724 0.9237818326761044
689 690 -0.7223960107598397
690 725 1.4107696532712657
690 691 -0.46947038229831484
691 726 0.8937721808729794
691 692 0.8226707024161906
692 727 1.626126651530356
692 693 -0.07228225206152093
693 728 -0.5140065174798758
693 694 -0.6972650739929713
694 729 0.9280448122134201
694 695 1.0587628096620056
695 730 0.26424862197259835
695 696 0.258340833851453
696 731 -0.1520353699842562
696 697 0.26985607868171047
697 732 -0.340642916734277
697 698 0.6046983402308485
698 733 1.229600616946366
698 699 -0.7889874470368562
699 734 0.34475623796879185
699 700 1.5389538922404613
700 735 0.09052553196679153
701 736 -1.2505456170031126
701 702 -0.16177243706446442
701 735 -1.6504419487159219
702 737 -1.9120029630342448
702 703 -0.18916230527448155
703 738 -0.7342781432823656
703 704 -1.3104300727236813
704 739 -0.9056800387761552
704 705 -0.8093212816815055
705 740 -0.9877727938859315
705 706 1.1748861540123774
706 741 0.4577391430535436
706 707 -0.8380855132791414
707 742 -1.3637273429208168
707 708 -0.271079532755696
708 743 0.6152449250774459
708 709 -0.8802501248579917
709 744 0.4219313884291595
709 710 0.4872071286405447
710 745 1.876713706501232
710 711 0.3032096732102929
711 746 0.07459925961906938
711 712 -1.9897026112170573
712 747 0.7405686604485738
712 713 -0.4312203093296091
713 748 0.013270638262847745
713 714 -0.18677643035649483
714 749 0.3928667580708043
714 715 0.176085989343682
715 750 -0.21723640982446824
715 716 0.18237407653972598
716 751 -0.6702480268379356
716 717 0.5468197174771271
717 752 -0.808643663030846
717 718 1.0349038306893836
718 753 0.5888323729526376
718 719 0.10822117336752107
719 754 -0.4885269654512716
719 720 -0.6354806814851331
720 755 -0.854625338136618
720 721 -0.7654499208687169
721 756 0.28075636289985445
721 722 -0.7840692815457295
722 757 -0.0810368123175833
722 723 0.2669285474986739
723 758 0.053356221023908766
723 724 -0.7357638293115728
724 759 0.08257905291718165
724 725 1.7620670420938103
725 760 -1.2113247128221079
725 726 -0.06452997482038027
726 761 2.683003206361905
726 727 2.615360142665918
727 762 -1.546288193383828
727 728 0.8242990160535622
728 763 0.21588941638950274
728 729 -1.7164024801372244
729 764 0.7171362658861085
729 730 1.2924799062444545
730 765 -1.4964547887617876
730 731 0.10356608554365102
731 766 0.28045692693387325
731 732 -0.43180390481866476
732 767 -0.4432872782296421
732 733 -0.7164692477382182
733 768 1.2127433094053326
733 734 0.64896294694343
734 769 0.49144097025714945
734 735 -0.9435508308309923
735 770 -1.7903529761230188
736 771 -0.4315736803854849
736 737 -0.39730761744101134
736 770 -0.1859246404583886
737 772 0.9429023841257889
737 738 0.3422253622466163
738 773 -0.6145399328917414
738 739 -1.5733079904991196
739 774 -0.40193856190304766
739 740 0.24916851677703403
740 775 0.4071407155521364
740 741 1.6324553032933613
741 776 -0.6490085322705226
741 742 -0.6919394259295149
742 777 -1.5196481075612551
742 743 -0.35887858783181553
743 778 -0.8590389022758225
743 744 0.22864729807771794
744 779 -0.7735663796061477
744 745 -0.24184321310129706
745 780 -0.9764025362689395
745 746 -2.159354175223187
746 781 -0.1141427584068509
746 747 -1.5251621609359156
747 782 0.48510965481178087
747 748 0.260906834067132
748 783 -0.927189323133371
748 749 -0.6318350712830567
749 784 -0.4840426065865754
749 750 0.20800361158199948
750 785 -1.3095459831875946
750 751 0.8127563663318076
751 786 -0.3959959259187421
751 752 0.003085820339008306
752 787 -0.2962260866533127
752 753 -0.4252058494112938
753 788 -0.6283307072687405
753 754 -0.8973589490493892
754 789 -0.20973569615560295
754 755 -1.0301442563437027
755 790 -0.9912188414705356
755 756 0.3749389195470492
756 791 -0.01473935531245078
756 757 0.18023471104487232
757 792 -0.0034589572734140986
757 758 -0.6077804634586055
758 793 -1.2378768664366275
758 759 -1.5442042157869855
759 794 1.354972893997671
759 760 0.9706228237304859
760 795 0.34306806484861446
760 761 -1.4255976558793324
761 796 1.0827817201478775
761 762 0.30079838449099217
762 797 -0.5270169398822299
762 763 -1.7194034454776517
763 798 0.5294769716947809
763 764 -0.6721104023930927
764 799 -0.28065676391557265
764 765 -1.4294402639641117
765 800 0.47644529731578655
765 766 0.21998473201209096
766 801 0.403262317109195
766 767 1.7842937272327837
767 802 -0.355597809726248
767 768 0.19093645163341563
768 803 -2.013988087398656
768 769 0.4081466037080009
769 804 0.1769411896057167
769 770 0.3593359676927982
770 805 0.20932590551181463
771 806 1.2743499083763248
771 772 0.3991753692115878
771 805 0.3223099427742575
772 807 1.0688947288257256
772 773 2.157225103610131
773 808 -0.3900802895719578
773 774 1.0984848194875207
774 809 1.653680650880251
774 775 -0.6929238211309462
775 810 -1.6748518222794841
775 776 0.1334696689230082
776 811 -1.080804447875142
776 777 -0.6510474912220233
777 812 0.731775835886754
777 778 -1.3179174616498026
778 813 0.2820870718311031
778 779 -0.8302879125964852
779 814 3.55640203248363
779 780 -0.7842321230544378
780 815 0.4876922610882807
780 781 0.3418003963660794
781 816 0.7283687727921474
781 782 1.306061460522974
782 817 -0.2256976949454172
782 783 -0.1374591818365592
783 818 1.8312807031905678
783 784 0.5370651747317216
784 819 -0.6391956025873503
784 785 -1.3192926548012331
785 820 1.2455801556202477
785 786 -1.1182897339641635
786 821 -0.28182580793323647
786 787 -0.009968577831114508
787 822 -0.5279936041973505
787 788 -0.7556878645852679
788 823 0.37899549901625745
788 789 0.8628830354499807
789 824 0.1644743004908234
789 790 -0.36048239076470046
790 825 1.8584328753588721
790 791 1.187235537115478
791 826 -0.35923518572438007
791 792 -1.960072015107133
792 827 -1.9601285956139125
792 793 0.5553040052327227
793 828 0.5601551198963908
793 794 -1.264567306360922
794 829 -1.1931344519266907
794 795 -0.6078714816580352
795 830 0.4043406689703116
795 796 2.3247345150550434
796 831 -1.1281424086962502
796 797 -0.15747149921507186
797 832 -0.046221278067895805
797 798 -0.27210823922989424
798 833 0.7800189869826936
798 799 0.3347361998618458
799 834 -0.7997144690026569
799 800 0.022006346510083007
800 835 0.36761079264834234
800 801 -0.21366287480204263
801 836 -1.3868945273697348
801 802 0.5531831553362427
802 837 -0.30454771134337294
802 803 1.3828732629943845
803 838 -1.284557928109342
803 804 0.04194452726505541
804 839 0.7662412836476413
804 805 0.11521659408459639
805 840 0.7710734320407021
806 841 -1.5470541032572196
806 807 0.6819165839503402
806 840 -0.14482863859740255
807 842 -1.468237619158081
807 808 0.9009231905379517
808 843 -0.22400108383821313
808 809 0.9648689437814599
809 844 -1.0948953567199164
809 810 -0.839518989279664
810 845 -0.6822216656507163
810 811 1.0581936367308475
811 846 0.037445908663877606
811 812 -0.6317905417756501
812 847 0.3457589527917326
812 813 0.649422193182369
813 848 -0.4357776546886355
813 814 -0.018696964772608616
814 849 0.20476806956728932
814 815 1.7707076183334516
815 850 1.624141729754897
815 816 -1.863523123247893
816 851 1.0996057036179763
816 817 -0.9845758410220674
817 852 1.075797189462918
817 818 -0.3438053029925124
818 853 1.4182461469107992
818 819 1.0689306720022573
819 854 0.37293179400805654
819 820 -0.8026165284287166
820 855 -1.699526852856832
820 821 0.7968708461467721
821 856 -0.694183256280452
821 822 0.6707250233180907
822 857 -1.842558307256592
822 823 1.54215648583475
823 858 0.887918858757191
823 824 -0.9766409112649846
824 859 0.11772314552117147
824 825 0.12602546257915176
825 860 -0.2797819264277692
825 826 -0.2899908982841869
826 861 -0.880933966739227
826 827 1.2259859745012411
827 862 -0.7186346668112022
827 828 1.7020719985727681
828 863 1.1538291792716135
828 829 0.5332869052301994
829 864 -1.7496017774108155
829 830 -1.2469120532818139
830 865 0.5914984001014798
830 831 -0.40931916490146036
831 866 0.42208639144184423
831 832 0.9564864858075298
832 867 -0.2949705394987758
832 833 -0.2227292249295055
833 868 -0.4646100735817423
833 834 -1.1766848749319962
834 869 0.6367460589867635
834 835 -0.5816959371744147
835 870 0.366446791502086
835 836 0.0016432716033831741
836 871 0.7558037169070804
836 837 -0.32902399359667184
837 872 0.34645942593867246
837 838 -0.6186427542791311
838 873 -0.019810356353679896
838 839 -0.9302848939093011
839 874 -0.07109041295626244
839 840 -0.7042475480226184
840 875 1.1359555742066283
841 876 -0.38669318955370413
841 842 0.7858925611187068
841 875 -0.03126408184808847
842 877 1.133993868618889
842 843 -1.4239137787809184
843 878 0.04033824395494923
843 844 0.4500243666245411
844 879 -2.3672718442351512
844 845 1.1915405950998226
845 880 0.8838818980855737
845 846 0.20137858264780545
846 881 0.6492827536865352
846 847 0.8494944689676004
847 882 -1.2694289389213103
847 848 -1.3384898094915054
848 883 -0.45662792504094757
848 849 -0.4773119527353262
849 884 1.6518806721712225
849 850 -0.4000536333357674
850 885 0.3166977755201964
850 851 -0.5024364539962813
851 886 1.1906659697030466
851 852 -1.531408356990723
852 887 1.655248612494761
852 853 0.6656781330787608
853 888 -0.5209675028608718
853 854 -1.0799281279202821
854 889 0.2247266792081939
854 855 -0.2617722484830078
855 890 0.4445231483014145
855 856 0.7808524591343802
856 891 0.9820042299091448
856 857 -0.043470767663302795
857 892 -0.6796474116506402
857 858 0.4018561291555956
858 893 -0.5796583481304703
858 859 0.5414285888134708
859 894 1.6518648926516701
859 860 1.0605779917804934
860 895 -0.33020984680177756
860 861 0.34475974795848574
861 896 1.0507244817241157
861 862 0.9888224772344978
862 897 -0.5163206732767793
862 863 2.6095720445559305
863 898 -1.9679182427186939
863 864 -0.6950996934210952
864 899 1.5917986120334235
864 865 1.3609406311514178
865 900 0.9701055033510111
865 866 -1.5938794731949653
866 901 -0.14248549864312926
866 867 0.39274531601339147
867 902 1.2363054042334498
867 868 -0.5676673629734342
868 903 0.04226208229801883
868 869 0.732507375936114
869 904 0.06656577424308849
869 870 0.40844662128580567
870 905 -0.11969911548302023
870 871 0.8486226184348783
871 906 0.589354050398808
871 872 -1.5593008469200402
872 907 2.2188520906350786
872 873 1.149315868544017
873 908 -0.26962853962141514
873 874 0.08394963952153874
874 909 -1.5588377619413203
874 875 -1.5551102531877048
875 910 0.7811404503634898
876 911 -0.9624444662936301
876 877 -0.6262825530991201
876 910 -1.1796261102619898
877 912 0.10846482628219574
877 878 1.880267192081573
878 913 0.6376904436903971
878 879 0.579004543782912
879 914 -0.08445760399313122
879 880 0.560933786556548
880 915 0.5564756366181476
880 881 -0.7032985998526103
881 916 -0.017942015671391982
881 882 0.512311494007152
882 917 -1.482217576617227
882 883 0.48884513281013825
883 918 1.0472072087082607
883 884 0.4690650744837651
884 919 0.5731957292670901
884 885 -0.7050261661297591
885 920 1.6551144646443112
885 886 0.8362649845526308
886 921 -0.9295160505142991
886 887 -0.44326108588839425
887 922 -0.4407321180396421
887 888 1.045657893389087
888 923 -0.5044352636331004
888 889 0.18221897852694866
889 924 0.6886948761638536
889 890 -1.621274130982892
890 925 0.3162079967866525
890 891 -0.24417135294735087
891 926 0.559723509628128
891 892 -0.8016698047866052
892 927 -1.5787805688739331
892 893 -0.5631387299671705
893 928 -1.2683218590702405
893 894 0.9136313097107455
894 929 0.6940021068825217
894 895 -0.8465453761562
895 930 1.2029178936385567
895 896 0.6997172281459351
896 931 0.39646813858971336
896 897 0.09733111211115744
897 932 0.2599162564853859
897 898 0.4372008255018188
898 933 0.5554727780835342
898 899 0.911778608510657
899 934 -0.11940738261870308
899 900 -0.6261113925601034
900 935 -0.3920115528164184
900 901 -0.4780085802461794
901 936 0.670836238250603
901 902 0.3699319878193109
902 937 -0.011613912148091394
902 903 -1.0304571197049717
903 938 0.7318704890848301
903 904 0.8974351882980357
904 939 1.7539976813832618
904 905 0.632391892510659
905 940 3.0934385156947393
905 906 -0.80239490554022
906 941 -1.784642526192542
906 907 -0.4509022535116625
907 942 0.5937787576798135
907 908 0.7739777239289848
908 943 -0.7143689137289942
908 909 -0.1645270296657033
909 944 -0.6143750855530881
909 910 -1.6796321519136492
910 945 -0.6321030677502975
911 946 -1.2602505925978111
911 912 -0.458774070948813
911 945 1.2681803748856302
912 947 -0.3449467791945643
912 913 1.70866220973211
913 948 0.9810158972786994
913 914 0.3215572890789682
914 949 -1.6489662035486794
914 915 -1.0872498433308224
915 950 1.1514327142805103
915 916 -2.1774313371989718
916 951 0.3738185646946668
916 917 0.40621355626907624
917 952 -0.30238542984166344
917 918 0.6677651506217593
918 953 -1.0775601893117794
918 919 -2.4979370483239927
919 954 -0.0771979110436149
919 920 -0.1028001116476129
920 955 0.4186969778773912
920 921 -1.6671605668409895
921 956 0.06839327325426164
921 922 1.129494050766233
922 957 1.6353685177963546
922 923 -0.7368321508082485
923 958 0.23614182481728238
923 924 -1.7588291364595692
924 959 -0.6082681388739005
924 925 0.4300030565060538
925 960 -0.28134782134936726
925 926 -0.9413522767279812
926 961 0.7202686351037335
926 927 2.3120710972303202
927 962 -0.6611836464262593
927 928 0.8397774394352253
928 963 -0.7822124293834057
928 929 -0.21787650070907935
929 964 -1.9020131399943725
929 930 -0.3185036459250189
930 965 -0.8392517484651032
930 931 -1.118359676122339
931 966 0.5642159176674014
931 932 0.12709763539241262
932 967 1.3117903902638695
932 933 -1.4703221806385771
933 968 -0.19392597314108245
933 934 -1.1075616151897587
934 969 -1.818349598682054
934 935 -0.7072039465045086
935 970 -1.5025911198574502
935 936 -0.11640758223648062
936 971 -0.548428525876175
936 937 0.338316349381261
937 972 0.2622942763651773
937 938 0.049471720009782255
938 973 -0.6549044829193063
938 939 0.3172355180767017
939 974 0.7905009688506893
939 940 0.5887126022769172
940 975 0.48181399784696866
940 941 -0.8705407520937616
941 976 0.15669454595385768
941 942 1.067702385884894
942 977 0.6889808284126386
942 943 0.3653312110582464
943 978 -0.4304196377129558
943 944 2.3300489928708585
944 979 0.3375426925342409
944 945 -0.6317098410685779
945 980 0.585791684784778
946 981 1.4197713125777813
946 947 -0.34664111069127185
946 980 -1.3238434957546406
947 982 0.5772610093189592
947 948 -0.48512701824181415
948 983 0.01634690578864919
948 949 -1.0220548324532202
949 984 0.21510997899122808
949 950 0.7730809715923735
950 985 -0.7573278578762386
950 951 1.0288778923099808
951 986 -0.9141495833845668
951 952 -0.2607745369440514
952 987 0.37498336444768815
952 953 -0.7022628875576752
953 988 -0.4146019998446889
953 954 -0.47088462321832225
954 989 0.5279452186308576
954 955 0.6623476506646555
955 990 0.5304465119820087
955 956 -1.8113481888352305
956 991 1.0794659918570035
956 957 0.2596063861675634
957 992 -0.3904715936922456
957 958 1.5351962085444586
958 993 -0.3178075647237767
958 959 0.060381611444869296
959 994 -0.5666863642317699
959 960 0.38226748869840077
960 995 0.08035653615297092
960 961 -0.2731723681647483
961 996 -1.7762819583917866
961 962 -0.5243365394782151
962 997 -1.5658387141348704
962 963 0.7834193465381764
963 998 -0.3277980478800088
963 964 0.007086542716966571
964 999 0.12916477288186173
964 965 -0.17552623327235847
965 1000 -1.5863056144150622
965 966 -0.36203442980084094
966 1001 -0.6000588735431551
966 967 -2.0031159364216475
967 1002 0.6432713521474018
967 968 0.8150418433575624
968 1003 -0.2750551117473248
968 969 -0.06985970908393918
969 1004 -0.4402667822152905
969 970 -0.5205563978494785
970 1005 -0.5630042777202804
970 971 -0.9241122609491889
971 1006 -0.5319932758055538
971 972 0.31227486238809243
972 1007 0.476716095616194
972 973 -1.8379891614499266
973 1008 0.4664725738034329
973 974 0.38481294697779184
974 1009 0.1991190352597819
974 975 0.276810885720143
975 1010 0.29725874459975227
975 976 -0.6328272281699253
976 1011 0.49798526648985636
976 977 -0.49527716354493806
977 1012 -0.4784381546798674
977 978 -1.3960026380074846
978 1013 -0.1687011169235539
978 979 0.3752802779638921
979 1014 -0.5336159430145572
979 980 0.1163899920954676
980 1015 2.514012265898159
981 1016 -2.855612419065088
981 982 -1.001165941101298
981 1015 -0.31200765769045324
982 1017 -1.0457671322172257
982 983 0.4146309581804256
983 1018 0.399011085554813
983 984 -0.40488296408012603
984 1019 0.9307194007619248
984 985 -0.2515304206146069
985 1020 0.7871613997938471
985 986 -0.436555434046005
986 1021 -1.3677783137948676
986 987 0.8879504389249987
987 1022 1.5894330442728963
987 988 0.4509116658884058
988 1023 0.006504028534864295
988 989 0.8569518275469841
989 1024 0.9525585986849717
989 990 -0.22702180569158134
990 1025 0.9231664563225909
990 991 -0.7580668773769612
991 1026 -1.6700078178641702
991 992 1.9915631949030927
992 1027 -1.3474082517389754
992 993 -1.7935797111933367
993 1028 -0.6904569632465616
993 994 -0.1903429968131562
994 1029 -0.04896771117654773
994 995 -0.5133385943728008
995 1030 1.3746603757198086
995 996 0.31274956335610166
996 1031 1.9748442570592044
996 997 -0.6059979515433408
997 1032 1.3009965030385016
997 998 -0.4725978301049642
998 1033 0.7197352235601431
998 999 -1.5474238634664579
999 1034 0.2870203796504738
999 1000 1.335447471110997
1000 1035 -0.25590860390872955
1000 1001 0.611521075031929
1001 1036 1.0591178459852746
1001 1002 -0.9713736978087567
1002 1037 -0.14895385071287334
1002 1003 -0.32379258932043836
1003 1038 -0.7411499702507449
1003 1004 0.5131038821523634
1004 1039 -1.0962774157223407
1004 1005 -0.07914821589126408
1005 1040 0.9320145549449081
1005 1006 1.241767292729136
1006 1041 1.210011347645352
1006 1007 0.09085371596793598
1007 1042 0.3990633500375642
1007 1008 -0.7627621248963359
1008 1043 -0.2227132283392052
1008 1009 -0.4013720655356792
1009 1044 0.002507464094927265
1009 1010 0.19119621633784203
1010 1045 0.7318328980910813
1010 1011 0.5355793277652173
1011 1046 0.008447082743849414
1011 1012 0.20124511226531894
1012 1047 0.0814251765931227
1012 1013 -0.15477668882844262
1013 1048 2.271556120214645
1013 1014 0.10764557162456478
1014 1049 1.3590890378980205
1014 1015 0.5974556323505931
1015 1050 0.3021743982768449
1016 1051 0.5413135412938771
1016 1017 -0.9170822286381888
1016 1050 0.6221680609086384
1017 1052 -0.8074057161633988
1017 1018 0.2655201868621068
1018 1053 0.0011741173461474327
1018 1019 1.5751026913738848
1019 1054 0.359536412269636
1019 1020 -1.9353893365185455
1020 1055 -0.18954840111670168
1020 1021 -0.6664407679434076
1021 1056 1.0973748598510955
1021 1022 -0.43012434287608203
1022 1057 -1.2380929791902227
1022 1023 -0.9231858787328154
1023 1058 -1.9370754408948059
1023 1024 -0.6903632233410044
1024 1059 -1.1500977020966408
1024 1025 0.825946296684908
1025 1060 1.4820934212507868
1025 1026 0.25654561265893716
1026 1061 -0.6965153469542017
1026 1027 -0.5247650117934015
1027 1062 -1.2387867547333964
1027 1028 1.9130326874262171
1028 1063 1.1451546224877927
1028 1029 -1.0942115351273407
1029 1064 -0.12396753033876526
1029 1030 -0.0531113189906074
1030 1065 -0.6563943989594644
1030 1031 0.3583020342434494
1031 1066 0.7286968182506331
1031 1032 1.0087978428099693
1032 1067 -0.8015575009940128
1032 1033 -0.10419462609451867
1033 1068 -1.6858286209642557
1033 1034 0.5901599716244308
1034 1069 -0.28660381448435834
1034 1035 0.015714905305068354
1035 1070 -1.390605992469862
1035 1036 -0.002619062448869365
1036 1071 -1.2681852638908524
1036 1037 -0.43575167962344513
1037 1072 -0.633477260283856
1037 1038 -0.6372057692273627
1038 1073 0.9170577901425272
1038 1039 2.056644887897815
1039 1074 0.7304266740249903
1039 1040 -1.9536325944209594
1040 1075 -1.3951246687641534
1040 1041 -0.5191538154475622
1041 1076 0.6276666154104339
1041 1042 -1.5655048810612595
1042 1077 -1.0471538101751048
1042 1043 -0.17376063275372855
1043 1078 -0.04756237000530475
1043 1044 -1.2411814959071843
1044 1079 -0.5269643489912182
1044 1045 -0.11731443546332782
1045 1080 -2.2674724782790805
1045 1046 0.18202417618099193
1046 1081 -0.49545119563326406
1046 1047 -0.8256970840516124
1047 1082 0.3214561469456831
1047 1048 1.3488006196912377
1048 1083 -1.2015612544946608
1048 1049 -0.6489142516257517
1049 1084 -0.566963954265002
1049 1050 -1.5267785237116824
1050 1085 -0.8408517541673101
1051 1086 -1.4147060099322144
1051 1052 -0.09841318621684814
1051 1085 0.624874414417728
1052 1087 0.8411506032999123
1052 1053 -2.1545683627827827
1053 1088 1.53251516553225
1053 1054 0.026082187500546496
1054 1089 -0.13990773102543447
1054 1055 -2.0304930809896797
1055 1090 -1.9247445316354361
1055 1056 -0.6196080872285761
1056 1091 -1.3972573606015362
1056 1057 -0.23963385482529626
1057 1092 0.3246438085051032
1057 1058 0.6683618327011606
1058 1093 -0.41516783261924184
1058 1059 0.1346711858311111
1059 1094 1.7519442943588461
1059 1060 0.3869107051958247
1060 1095 1.3510391385971219
1060 1061 0.4887347536407838
1061 1096 1.2123071240551908
1061 1062 1.6770600994623557
1062 1097 0.5549313029021177
1062 1063 1.1421298102695396
1063 1098 -0.8167191996479723
1063 1064 0.9356431806054322
1064 1099 -1.3694997673160292
1064 1065 -0.35894942664728463
1065 1100 1.7964045034922889
1065 1066 0.20541882810273301
1066 1101 0.6521745059856769
1066 1067 1.0154339239970027
1067 1102 -1.1195265888263497
1067 1068 0.9229440183380402
1068 1103 1.2459845943866852
1068 1069 1.1135080070737102
1069 1104 1.5086275299130367
1069 1070 -0.3864713341783097
1070 1105 0.046453596170345376
1070 1071 0.3773299660324799
1071 1106 0.4827186014266236
1071 1072 -1.4814248397205907
1072 1107 0.2733007064559573
1072 1073 -0.4905317625768386
1073 1108 -0.12952814605569832
1073 1074 0.5240336687822043
1074 1109 -1.0011806474870228
1074 1075 2.7103087708810576
1075 1110 -0.877322615781904
1075 1076 0.6857070342878643
1076 1111 -1.3460460108850656
1076 1077 -1.4431492917800166
1077 1112 -0.32190991193654006
1077 1078 -1.1564282635383523
1078 1113 1.040653204911367
1078 1079 -2.0388080017282535
1079 1114 -0.18325300744520287
1079 1080 0.48861168139371447
1080 1115 0.17566803592605004
1080 1081 -0.6945197135894543
1081 1116 -0.40452047599078594
1081 1082 -0.7602570511309523
1082 1117 0.5389814566481635
1082 1083 0.9410897053369827
1083 1118 -0.6747920811269927
1083 1084 -1.4142062124130377
1084 1119 2.1320322321281093
1084 1085 1.4991436464135128
1085 1120 -0.06824640618372481
1086 1121 0.02476448147621286
1086 1087 -0.5342979919169948
1086 1120 0.14792049416685513
1087 1122 -0.21284974442383817
1087 1088 0.2320385409944661
1088 1123 -0.3453627758302577
1088 1089 1.1945421942070107
1089 1124 0.718418534648945
1089 1090 -0.13862426775059508
1090 1125 0.5492523614820174
1090 1091 -0.12827332080641918
1091 1126 -0.06997608572524544
1091 1092 -1.3034232183587653
1092 1127 -1.1338071535574272
1092 1093 -0.729851420866162
1093 1128 -0.7080135175694913
1093 1094 -1.0438757788437283
1094 1129 1.4505600924848738
1094 1095 -0.10177371504490773
1095 1130 -0.5205737110187456
1095 1096 -1.4406973155862368
1096 1131 -0.24660959548596612
1096 1097 -0.02013355072896388
1097 1132 -1.208631620526315
1097 1098 -1.060716285409106
1098 1133 -1.4171520182479165
1098 1099 0.8483527458784331
1099 1134 -0.6605724879801408
1099 1100 -0.7112882488586787
1100 1135 2.022171626600651
1100 1101 1.2835087692375793
1101 1136 -0.7527674022919881
1101 1102 0.8269546402287441
1102 1137 -0.6415742734214243
1102 1103 -0.27075204857473056
1103 1138 0.130364123288297
1103 1104 -0.2634312894108583
1104 1139 0.5019025539518525
1104 1105 0.21164127169733343
1105 1140 0.2907902461010172
1105 1106 -0.4463330896238399
1106 1141 0.07882499972510991
1106 1107 0.5960020514816271
1107 1142 0.7485674246436151
1107 1108 0.8522944871753276
1108 1143 -0.31753431345009564
1108 1109 1.552921998429328
1109 1144 -0.6732469451131692
1109 1110 1.8070446952130605
1110 1145 0.09272442265057924
1110 1111 0.955586121241337
1111 1146 1.7247966616545245
1111 1112 3.1359097018868995
1112 1147 0.5218080084386258
1112 1113 -1.289592287034995
1113 1148 0.3322710012400778
1113 1114 -0.7348838168625506
1114 1149 -0.1864089319788172
1114 1115 -0.9052138851580076
1115 1150 0.7310419311630185
1115 1116 0.3263147755654306
1116 1151 -1.9003703699464853
1116 1117 -0.7836118738311181
1117 1152 -0.9699964243039706
1117 1118 -0.9734414004974504
1118 1153 0.8407093599726181
1118 1119 -0.19394679736036874
1119 1154 1.3395491397615513
1119 1120 -1.3501989643011962
1120 1155 1.1773754007486998
1121 1156 0.13576884316274884
1121 1122 -0.4533164961670573
1121 1155 -0.7303571718940675
1122 1157 -0.22858477074211528
1122 1123 -0.40921020094252747
1123 1158 -0.7788462133113404
1123 1124 0.1132248661256756
1124 1159 -0.45579220778711116
1124 1125 0.9405698632350814
1125 1160 -0.5216760942742824
1125 1126 -1.790039646356444
1126 1161 1.6053718065073614
1126 1127 -1.334205817941629
1127 1162 -0.34837284231475224
1127 1128 0.17147649718888788
1128 1163 1.183293782496461
1128 1129 -2.236593758537509
1129 1164 0.4024807772699992
1129 1130 -0.43064006159251894
1130 1165 -0.10853141718930834
1130 1131 0.4713328013941496
1131 1166 1.218137182484773
1131 1132 -0.7763376718278251
1132 1167 0.39706811278147996
1132 1133 0.6009576953246569
1133 1168 0.6493598362741322
1133 1134 1.2843703147922318
1134 1169 0.07991330147126252
1134 1135 0.4600792297953542
1135 1170 -0.6098078451678827
1135 1136 1.7240093203623392
1136 1171 0.5885826667096701
1136 1137 0.41930751447675624
1137 1172 -1.0486744141249194
1137 1138 -0.3604488857732785
1138 1173 -1.977948664580064
1138 1139 0.3604096567030725
1139 1174 1.551937627748554
1139 1140 -0.822531243128084
1140 1175 -0.051440352073680924
1140 1141 -0.28820151263153015
1141 1176 -0.5838489304445855
1141 1142 -1.7873345509823804
1142 1177 -0.13597657007596467
1142 1143 1.6048230345233419
1143 1178 0.6318987053385839
1143 1144 2.1581536706661493
1144 1179 0.32549866305500086
1144 1145 -0.6623574223939104
1145 1180 -1.7131403896798882
1145 1146 -0.022407146530349593
1146 1181 0.6926078930872571
1146 1147 1.0962867131335439
1147 1182 0.24178093095156722
1147 1148 -0.4577471522378496
1148 1183 0.38764577641384423
1148 1149 1.5290418046673797
1149 1184 0.131706185814044
1149 1150 0.4572989085862519
1150 1185 -2.308394644322277
1150 1151 0.29055137234536904
1151 1186 -0.14314064132145984
1151 1152 -0.16050252143201676
1152 1187 -1.3802160697484125
1152 1153 -0.5808622232420424
1153 1188 1.013331812265035
1153 1154 -1.6577412118385229
1154 1189 -0.472451266449202
1154 1155 0.3768513809116032
1155 1190 0.3272524373764566
1156 1157 0.44450387965844906
1156 1190 -0.5139793054008119
1157 1158 -0.8365692785197437
1158 1159 0.4901175860664526
1159 1160 1.0767881681159457
1160 1161 0.6338477489498271
1161 1162 0.5996427446328488
1162 1163 -2.1192075357712286
1163 1164 0.9676787932064789
1164 1165 1.088719123283213
1165 1166 -1.6014105123722235
1166 1167 -1.5252881225118833
1167 1168 -1.0853012709878775
1168 1169 -0.7572162616783855
1169 1170 -2.144656712450071
1170 1171 0.6381310862766465
1171 1172 -0.2604712250719545
1172 1173 -0.3830901269376399
1173 1174 0.25706816562987983
1174 1175 -0.26196426061856
1175 1176 0.9696979554067683
1176 1177 -0.16928379124814955
1177 1178 -0.20490523263390936
1178 1179 0.6996187093906134
1179 1180 1.0894139655359203
1180 1181 0.870657616950027
1181 1182 0.044632322209063484
1182 1183 0.17795622807136677
1183 1184 1.2158201277789804
1184 1185 1.5250558514950614
1185 1186 0.3479934874119226
1186 1187 0.5238412873648913
1187 1188 0.8087946600297814
1188 1189 0.6109484970391492
1189 1190 1.4354636060556227
