1225 2450
1 36 0.8745913694051974
1 1191 -0.629322285421398
1 2 0.2602082589215715
1 35 -2.1936862900248153
36 71 -0.6230672285195193
36 37 0.2777664905441402
36 70 0.7336504488198532
1191 1156 -0.7898955995426892
1191 1192 -0.5400629500062795
1191 1225 -0.7512356663292378
2 37 -1.7126635359874545
2 1192 1.40424714616286
2 3 0.7180620472643444
35 34 0.5554416130823394
35 70 0.49505506335355665
35 1225 -0.9674145275906273
37 72 -0.12612619248055837
37 38 -0.9688694850826685
1192 1157 -1.0589145015821235
1192 1193 -0.8322819674897306
3 38 0.0647026157290308
3 1193 0.3360368948438303
3 4 0.024598257271394253
38 73 0.8131737487073807
38 39 -1.5082481207276124
1193 1158 -1.130202514097222
1193 1194 -0.7398813586794459
4 39 0.6154754794717473
4 1194 0.014055581366997683
4 5 -0.06979039699170668
39 74 -1.017820613206359
39 40 0.9630225168466493
1194 1159 0.7645788033178491
1194 1195 -0.40479680518534933
5 40 0.02693450725602409
5 1195 0.6005855184731592
5 6 1.4332228406585485
40 75 -0.17502404245314973
40 41 -2.3443496736106364
1195 1160 -0.7064668794527506
1195 1196 -0.6846781175714935
6 41 -1.7177810965246743
6 1196 -0.9381143778545691
6 7 0.7115190572225526
41 76 0.9666147102003989
41 42 -0.8909590037696626
1196 1161 -0.21871124467835854
1196 1197 -0.1945877477636312
7 42 -0.021757386879795112
7 1197 -0.7453329388337188
7 8 -0.16780432696194697
42 77 -0.7896403462340943
42 43 0.8097913325136923
1197 1162 1.235846491770801
1197 1198 -0.16249066406537485
8 43 1.6129468192642467
8 1198 0.3523676213231797
8 9 -1.6381308678286095
43 78 1.1757269197277482
43 44 -0.20243202236824928
1198 1163 0.41774812547827567
1198 1199 -0.8910174622877812
9 44 0.7050969593085712
9 1199 -0.6874059896164053
9 10 -0.182295586154742
44 79 0.45380830028954544
44 45 0.33968507073520254
1199 1164 -0.2814404655362849
1199 1200 -0.5443827326851548
10 45 -0.12913260129083523
10 1200 -1.5630787655770684
10 11 0.78035760455123
45 80 0.49387483775334395
45 46 -0.759974261906929
1200 1165 -0.8893236105904557
1200 1201 0.07865964412060938
11 46 0.14247419890161814
11 1201 -0.546430607758747
11 12 0.8742182047625103
46 81 1.518682684840372
46 47 -0.8458465625326165
1201 1166 -0.14708573444748227
1201 1202 0.5853685004593148
12 47 -0.44225896870030884
12 1202 -1.217436988006206
12 13 -0.6835483738260283
47 82 0.0990395723839926
47 48 0.6575892130427043
1202 1167 -2.0964546899314165
1202 1203 3.1530891309642377
13 48 -0.632420316464889
13 1203 -0.2396420584557783
13 14 0.03705891228018805
48 83 -1.7666967265566438
48 49 1.0121030479510882
1203 1168 -2.9069323294856306
1203 1204 -0.8597788326449199
14 49 -1.5049233946751854
14 1204 -0.4631932784150958
14 15 -1.8638751389694421
49 84 -1.3791387136907738
49 50 0.5987297128253388
1204 1169 -0.06666887599427054
1204 1205 -0.7570613913859222
15 50 -0.2935035354753045
15 1205 0.5490365611490289
15 16 -1.1230449890052543
50 85 -0.4863147525877805
50 51 -0.0712488239762356
1205 1170 -1.0883093190240827
1205 1206 1.9155092722975544
16 51 -0.4324935442085449
16 1206 -1.8594308240471606
16 17 0.49334526836126597
51 86 -0.9876498783311906
51 52 0.29453709194560423
1206 1171 -2.0053257529590898
1206 1207 0.947999224757676
17 52 -0.9161552058068417
17 1207 -0.43198403345670944
17 18 -0.490977936527534
52 87 -0.1530258916751319
52 53 0.49214605285284024
1207 1172 2.1454943479743585
1207 1208 -0.12335833997880304
18 53 -1.2120478752520916
18 1208 -0.005373898981277866
18 19 0.038091331864462126
53 88 0.265179046065081
53 54 -1.5472798891376673
1208 1173 -1.539357075290913
1208 1209 0.0071505238621772695
19 54 -0.13902416382781863
19 1209 0.5847725500188353
19 20 1.4959815236860843
54 89 2.3026011135723388
54 55 1.355056371662404
1209 1174 -1.3494947058904976
1209 1210 0.8963064535998382
20 55 0.1291462898749544
20 1210 0.34068224048961415
20 21 0.5466621256223352
55 90 -0.5041632559295117
55 56 -0.8817459169179431
1210 1175 -0.5152446202858678
1210 1211 0.26938499050392334
21 56 -1.3220745042171504
21 1211 0.9727942856166718
21 22 0.38203947666070387
56 91 -1.0200253327289903
56 57 0.43900543372253126
1211 1176 1.5633905716836718
1211 1212 -0.28945795104791455
22 57 -0.07038058660675102
22 1212 -0.01312203062257608
22 23 -0.5457204775549226
57 92 -0.16994528073863352
57 58 -0.7695577872483597
1212 1177 -0.6570029820384699
1212 1213 0.46425802584487347
23 58 0.8346753426277674
23 1213 -0.1587262078467739
23 24 0.7238414067449224
58 93 1.502533313469921
58 59 -1.2519038089404964
1213 1178 0.9504753407162482
1213 1214 1.349293075672597
24 59 1.1869985351610952
24 1214 -1.5251806246546387
24 25 0.10702220507531114
59 94 -1.1693453638119349
59 60 -0.3123072051634417
1214 1179 0.5930402299066065
1214 1215 1.2084153452091342
25 60 0.5243561571150732
25 1215 -1.0594356533748441
25 26 -0.27723387026817
60 95 -0.2635921536971505
60 61 -0.02834747779317358
1215 1180 0.3381080202060438
1215 1216 0.13299861970671115
26 61 0.49644747000564377
26 1216 1.025172021276919
26 27 0.3781745017295061
61 96 -0.23492175557458328
61 62 -0.23998728200421632
1216 1181 1.819100503896205
1216 1217 0.00029246605611791887
27 62 0.28848314363997285
27 1217 -0.6972604291478548
27 28 -1.0871640974632906
62 97 0.9498369282581957
62 63 -1.5072133646106958
1217 1182 1.9694727764305746
1217 1218 -1.4761233828220068
28 63 0.5008551129868412
28 1218 -0.7447050971857928
28 29 -0.38834118279617685
63 98 0.2688975246267387
63 64 -0.23588174569495748
1218 1183 -0.05290766034052688
1218 1219 1.628826526735435
29 64 -0.5261640846009054
29 1219 -0.4740294155747752
29 30 -1.1085006012097651
64 99 -0.6880498131577651
64 65 -0.36142918735910057
1219 1184 0.7016610356736748
1219 1220 0.3189563709890478
30 65 0.7606254011809749
30 1220 -0.6646915093109437
30 31 0.6120461569622461
65 100 1.1502051474593789
65 66 -0.21081667103097668
1220 1185 -0.2922691061129426
1220 1221 0.4591723703286208
31 66 -1.9229075276446717
31 1221 -1.0498214072836236
31 32 -0.18861791337983902
66 101 0.400363214026296
66 67 1.8643511036409073
1221 1186 -0.19560855307368194
1221 1222 -0.7314754905467731
32 67 0.2527503594660981
32 1222 -0.24360640595445546
32 33 -1.3062672326469595
67 102 -0.8105780685196552
67 68 0.750977402369734
1222 1187 -0.2552037734047332
1222 1223 -0.9865698869765374
33 68 0.18733179474533615
33 1223 -0.36183268908156674
33 34 -0.5257271639731429
68 103 1.439703139571842
68 69 -0.46849729009483104
1223 1188 -0.6097521986862373
1223 1224 -1.1363879090222475
34 69 -0.14193787287800233
34 1224 0.45690469568917363
69 104 -0.9805427488588083
69 70 -0.34395666140312003
1224 1189 -0.3477863975270928
1224 1225 -0.3889507240828337
70 105 -0.5323987560109305
1225 1190 -1.6589322233154673
71 106 -0.7163245428685807
71 72 0.6502590602263771
71 105 -0.3109121995112825
72 107 0.19818900921446814
72 73 -1.2330897956112152
73 108 -0.35613540985732617
73 74 1.0734565781948462
74 109 -0.9624485911558619
74 75 -0.6986416036960488
75 110 -0.9722957880105417
75 76 0.3576025788001722
76 111 -0.18127368406987132
76 77 -1.4882549717390543
77 112 -0.49468389413818936
77 78 -1.7415774806897506
78 113 1.6272744040488967
78 79 -0.05587214105154101
79 114 0.5600785377504257
79 80 -0.8077365497195373
80 115 1.336848121239308
80 81 -1.5725738872143789
81 116 0.3810953091066276
81 82 -1.1474015908124726
82 117 -0.2445426619348923
82 83 0.486274778385569
83 118 -1.654380086607777
83 84 -1.0649641154571556
84 119 -0.31527262323629635
84 85 -0.020462922055704123
85 120 -1.3025275288328182
85 86 -0.35142818004389476
86 121 1.184040839721966
86 87 -1.2635309759844007
87 122 0.3229265968534349
87 88 0.4326839122170172
88 123 -0.869625464592064
88 89 0.9025404813436312
89 124 -1.056281460982154
89 90 -1.000423494151759
90 125 1.0215447565896545
90 91 0.19069835630399185
91 126 -0.2498166326098232
91 92 1.356982966157595
92 127 -0.3065946044575688
92 93 0.604686505631737
93 128 0.25290158483821684
93 94 1.2750121628321014
94 129 -0.05787678684545655
94 95 -1.2389651447356123
95 130 0.6135861148844782
95 96 1.798409422615451
96 131 -0.1368564155320128
96 97 0.18500134582747121
97 132 0.2675403990295262
97 98 -0.5218545345768909
98 133 -0.3327813491453901
98 99 0.08504033902163693
99 134 0.8623541101871425
99 100 0.09002437184647392
100 135 0.049402080719337604
100 101 -0.00623095886452537
101 136 0.7878686874001557
101 102 -0.22893877080693742
102 137 -0.9277269953870301
102 103 1.6449515754774096
103 138 0.9379562962669806
103 104 1.2754677615431473
104 139 -1.1515961249529598
104 105 -0.41109243264920664
105 140 0.5777896360039962
106 141 -0.8517310272970922
106 107 0.2271641693788305
106 140 -0.3271324366869303
107 142 2.6825668744455613
107 108 -1.8806279930047394
108 143 0.9433007568208207
108 109 -1.1593182830711501
109 144 1.0069729071257012
109 110 -0.004093731763856655
110 145 1.108258334038045
110 111 0.9645721551069747
111 146 2.090405108750765
111 112 -1.246239246862834
112 147 -0.9834318803508835
112 113 0.3244239277735262
113 148 -1.0121516476604655
113 114 0.3978936756051449
114 149 1.5814432848835978
114 115 0.8265832771672759
115 150 -1.3005539835634379
115 116 1.1555277349834536
116 151 -0.07095042142511222
116 117 0.9100362865878306
117 152 -2.1021284730999352
117 118 2.1735392126502484
118 153 0.5635125127764499
118 119 0.9362152484289014
119 154 -0.24710340015295335
119 120 1.2586337838156119
120 155 0.43828227706108547
120 121 -0.2469624983876359
121 156 -0.16289942727787635
121 122 0.6673869071267199
122 157 -0.10882745359793587
122 123 0.8361476427321872
123 158 0.2642816807500227
123 124 0.8989328170249281
124 159 2.4743251560394603
124 125 0.40241564980869216
125 160 -0.29804757428990886
125 126 1.6324758500662033
126 161 -1.205942628136712
126 127 0.859890738657325
127 162 -0.9888036062374798
127 128 0.7978282248933055
128 163 -1.311279164107591
128 129 0.1833666307795356
129 164 -0.356756605795025
129 130 0.49100316927139503
130 165 1.6290142187386996
130 131 1.3587262851614568
131 166 0.9857151588760017
131 132 -0.5317698642045194
132 167 0.753053708781563
132 133 2.276026936307292
133 168 -0.8339778882144541
133 134 -0.7041663763228648
134 169 1.0846222712246618
134 135 0.8335095502491077
135 170 0.24319649651002126
135 136 1.2962583238570435
136 171 -0.7732797854743435
136 137 -0.07326823941497632
137 172 0.9005145663770149
137 138 -0.48637419509156854
138 173 0.8731301230665697
138 139 0.2966596999555082
139 174 1.587771401423592
139 140 0.867040809901151
140 175 -1.581147214008395
141 176 0.5947710795367755
141 142 1.3785896198967647
141 175 -1.9067234976298169
142 177 -0.2912117919969856
142 143 0.022006396865373513
143 178 1.1055728842507206
143 144 -1.0276687681265835
144 179 0.2505234383314286
144 145 -0.41750424067454983
145 180 0.18109004527958486
145 146 -1.6502048805457126
146 181 1.7665561718377019
146 147 0.8739700081940239
147 182 0.1268683381646253
147 148 0.2147127029532431
148 183 1.8602132164040397
148 149 -2.63633455259665
149 184 -0.21571412487138897
149 150 1.4160575230089263
150 185 -0.5817027798703284
150 151 -0.23341852200146201
151 186 0.5700638198473483
151 152 -0.5157324029845951
152 187 2.323565199354527
152 153 -1.1603440722819167
153 188 0.8598229112949984
153 154 0.33233872209206317
154 189 0.904204489917651
154 155 -0.4270815634101216
155 190 0.22529327438930272
155 156 -0.411377546724716
156 191 0.2397119609387206
156 157 -1.1103238317848731
157 192 -0.051819329933977254
157 158 -0.1767964229010457
158 193 -0.6171109075522803
158 159 -0.34390431246361614
159 194 -1.2464603244499142
159 160 0.5787300263745649
160 195 -0.09954549653475148
160 161 0.13334670248327413
161 196 0.6440707134461161
161 162 0.8744362777833083
162 197 -2.710262451740101
162 163 -0.4788260765002823
163 198 -0.8827175208008766
163 164 -0.5417925242942231
164 199 0.2257592425933069
164 165 -0.43711149903871527
165 200 0.8203024207513476
165 166 0.6443139607436227
166 201 0.2638204351613338
166 167 0.7513667238185918
167 202 -0.28402730209122196
167 168 -0.0849530581027598
168 203 0.5396415559379423
168 169 0.10686723398267518
169 204 -0.455877692883245
169 170 0.2951636905337606
170 205 -0.08245520003548343
170 171 0.8300377963501641
171 206 1.3037445570658188
171 172 -0.00392862187982281
172 207 -0.7736564715651981
172 173 0.7820169947998137
173 208 -0.5621276820215106
173 174 -0.3727656662649494
174 209 0.01670438802061027
174 175 0.9873797170061551
175 210 -0.8137732966229275
176 211 0.6971642553201213
176 177 -1.0467891699067113
176 210 -1.4650881877783235
177 212 -0.27748653744534124
177 178 -1.4652596962265072
178 213 1.117056383577969
178 179 -0.03651829900074619
179 214 1.0576405871783063
179 180 -1.3113798798182357
180 215 0.5610031996164433
180 181 0.19479322549283448
181 216 0.9676568976274494
181 182 0.12452647857022225
182 217 1.236747346344169
182 183 1.0344376221444325
183 218 0.776663575246175
183 184 0.07265213562480552
184 219 0.0703347792490404
184 185 0.11088765044165269
185 220 -0.19963331298372594
185 186 -0.13416133545001516
186 221 0.8381951665973701
186 187 -2.1772497832928415
187 222 0.5379028996626929
187 188 0.30426929621390136
188 223 -1.1100418801692673
188 189 0.8244582321176911
189 224 -0.828341474554848
189 190 0.6316288383646045
190 225 -0.6198246042036986
190 191 0.6722201337196342
191 226 -0.13128188982893021
191 192 0.1645759768340461
192 227 0.24258063906000932
192 193 -0.7311482873041425
193 228 -0.4378521884440581
193 194 3.0340447601430705
194 229 0.9566330235192451
194 195 -0.057779908276480205
195 230 0.5741594659596307
195 196 0.7074930546122135
196 231 1.5995816139783383
196 197 -0.5144608525964793
197 232 -0.5702390218371433
197 198 -0.4739698817056296
198 233 1.2910878558477985
198 199 -0.9137809589082017
199 234 0.5213379793035873
199 200 1.5663531783015332
200 235 -0.21986694559350733
200 201 -1.0792341908743426
201 236 0.4082685012626178
201 202 1.4972402296160277
202 237 -0.41202738659957067
202 203 -0.7864542812126074
203 238 -1.4541799605907726
203 204 -0.8881329793087852
204 239 0.524230625147315
204 205 0.8045827873601821
205 240 -0.3488226401530603
205 206 1.0604558781862659
206 241 -1.5700132636635424
206 207 -0.3214431085412832
207 242 -0.4393651078079709
207 208 1.2236399284405186
208 243 -0.908644504272937
208 209 -1.9851777320281323
209 244 0.6610301240422376
209 210 0.19934355075130095
210 245 -0.15748850867765243
211 246 1.3373387499654332
211 212 1.8817358865857163
211 245 0.28837326150205067
212 247 -1.1866501774796125
212 213 -1.980277548416706
213 248 0.36451436416581234
213 214 0.7901276650059552
214 249 0.5189397278338865
214 215 0.6059636749694466
215 250 0.949471748510392
215 216 1.4583202253189471
216 251 -1.6148253698427177
216 217 -1.5575473589952995
217 252 -0.3041314655845178
217 218 1.4068832033370122
218 253 -0.20006014004795628
218 219 -0.3170382286290939
219 254 0.23810782326891647
219 220 -0.06465933084959195
220 255 -0.6073112199369727
220 221 0.48749825188857365
221 256 -1.4822920149776577
221 222 -0.8903120061622419
222 257 -0.7040773713865254
222 223 1.5555842120849186
223 258 0.6495816476571504
223 224 0.38670321870889857
224 259 -0.7060694816488253
224 225 -0.16309876561825604
225 260 0.21896411209431238
225 226 -0.49873770947456453
226 261 1.145650900510852
226 227 0.12495530537317298
227 262 0.20332486308326908
227 228 1.1648058455316246
228 263 0.7961087963013952
228 229 0.7437698131768802
229 264 1.4703237515730654
229 230 1.343990566036247
230 265 0.3847104433910908
230 231 1.4930966006252373
231 266 -0.625974439459915
231 232 0.5781865266272268
232 267 -0.5659705049164454
232 233 0.18259605725916986
233 268 -3.046402295150589
233 234 2.101489121687222
234 269 0.892709195101897
234 235 1.126172458238957
235 270 -0.7820743024197083
235 236 -0.7209176187232957
236 271 -1.4857086381841955
236 237 -1.3353578447744834
237 272 -0.3898604608432204
237 238 1.9203195837478808
238 273 0.869000411388984
238 239 0.6567577741808226
239 274 -0.38493831999448824
239 240 0.6491005656799607
240 275 0.1353832497546839
240 241 -0.23674235098192326
241 276 0.11225849562858832
241 242 0.3277134529966909
242 277 -1.2660553051177366
242 243 -0.543483673375624
243 278 -0.28382924505155427
243 244 1.4050520266161706
244 279 -0.9422408492338359
244 245 -0.2785749203968967
245 280 0.1708183976798795
246 281 -0.4548375262282076
246 247 -0.5715154648130237
246 280 0.14293496141460937
247 282 0.2293981324424373
247 248 0.10144673048272446
248 283 0.6873492237827235
248 249 2.0204401111019776
249 284 0.10414552912351598
249 250 -1.5258798514108984
250 285 0.9228701633788985
250 251 -0.1042683750982774
251 286 -1.2113520099926742
251 252 0.08781745372909434
252 287 -0.9255462603552729
252 253 2.2609621168875504
253 288 1.3234078393387199
253 254 0.230848462319618
254 289 1.980835580023348
254 255 1.0442081648594383
255 290 -2.0344516793878977
255 256 -0.7358824419080839
256 291 0.0204923285427164
256 257 1.0383828042183754
257 292 1.4395668676566358
257 258 -0.7705215707135539
258 293 -0.605009509356391
258 259 -1.4812742984332319
259 294 -1.3165960088286186
259 260 -0.8714123898721511
260 295 -1.1624359998516007
260 261 0.4134107064366884
261 296 -0.8450307234710338
261 262 0.11114674297729125
262 297 -1.9227694884007593
262 263 0.33847751249607005
263 298 1.4198078463194395
263 264 -0.12317918499578344
264 299 -2.9460303570852795
264 265 0.3389333704773428
265 300 -1.4541232664182424
265 266 0.11627862226130072
266 301 -1.2215696162797713
266 267 0.5835652249865718
267 302 1.6990637860192492
267 268 0.8549698623597823
268 303 0.45574608042756454
268 269 -1.6251307465479345
269 304 1.9457491716433297
269 270 1.4040921705035874
270 305 0.4941708717779244
270 271 -0.7538776811538478
271 306 -1.2716537029809893
271 272 -0.0469454111734878
272 307 0.8865122522294558
272 273 0.001637222504145267
273 308 -0.4255105416879949
273 274 0.2599899667656223
274 309 0.4495565847438894
274 275 -1.6819972826719864
275 310 -0.33648003248413355
275 276 1.1046359015327367
276 311 0.6756297237216848
276 277 0.02567324199799469
277 312 -0.49317341105044205
277 278 0.3767675185496908
278 313 0.15962884555559922
278 279 0.6384313562010223
279 314 0.4774652677622774
279 280 -0.8452851749640758
280 315 -1.0668189595822108
281 316 0.422018544157216
281 282 -0.20044278655077766
281 315 -0.5654396750739629
282 317 -1.0883492074162202
282 283 0.15983482951851852
283 318 0.1658793412366405
283 284 -1.3795408378505245
284 319 0.04422490344190932
284 285 1.5709792806560035
285 320 1.478039504673977
285 286 -1.833728718513083
286 321 0.3839428582672334
286 287 -0.005022756066343647
287 322 -0.5151846860216447
287 288 0.3661998529847595
288 323 -0.3831372493848475
288 289 1.2257944841406736
289 324 -0.02619439664842405
289 290 -2.22863104759223
290 325 -0.41072633490282645
290 291 1.2779818310994446
291 326 0.46361153380636977
291 292 0.32492829659230427
292 327 -1.7923524408240166
292 293 1.964139347819581
293 328 -0.6587670631759893
293 294 0.23730835919719404
294 329 -0.7181972391205428
294 295 -0.30169579191570167
295 330 -1.1303562466985242
295 296 0.46549677535244544
296 331 -1.4940336758768815
296 297 -0.4900480982305651
297 332 2.503347450644185
297 298 -1.0828316485391427
298 333 -2.3169779497433556
298 299 0.033458137661376196
299 334 0.7208459704820054
299 300 -0.2822202283102172
300 335 0.906027634824441
300 301 -1.1499835555556543
301 336 -0.5924394112205618
301 302 0.7068454414280477
302 337 -1.3927053219246002
302 303 1.3053911555437816
303 338 -0.3046579780707177
303 304 -0.5536180769931309
304 339 -1.277960451532638
304 305 0.34879337971278074
305 340 0.6175989720369458
305 306 1.1663854741096151
306 341 -0.5194819469250183
306 307 1.0842821629329422
307 342 -0.6571454877641028
307 308 -0.6711728313490779
308 343 -0.7195511891329759
308 309 0.12633825071969157
309 344 0.38461316104575277
309 310 0.25775131994252076
310 345 0.2932381277921943
310 311 -1.4951064476200469
311 346 0.09292832256219212
311 312 -1.161284449282116
312 347 0.39262855358514986
312 313 0.20764193638938105
313 348 -0.6312482908357462
313 314 1.273114750995789
314 349 -1.1956617235094462
314 315 0.5888379971210908
315 350 -0.7900434025128892
316 351 -0.15104980928073153
316 317 -0.5858509076964616
316 350 0.24876612503691387
317 352 -0.21834610036337182
317 318 0.2638168390780764
318 353 1.731749067322579
318 319 -0.012860856207628876
319 354 -0.49892688094068066
319 320 -0.2667507119428598
320 355 1.2958376590524898
320 321 2.0567604105306736
321 356 -0.756859463933368
321 322 -0.2521602551911612
322 357 0.05833702291975065
322 323 0.3528129746707502
323 358 0.6781608922939376
323 324 0.2533357940647529
324 359 0.4319249690098979
324 325 -1.9055835441353806
325 360 -0.1374431659084897
325 326 -1.76978620269601
326 361 -0.8837318014656097
326 327 0.18681682067530586
327 362 0.7188665623440806
327 328 0.027624850640990416
328 363 -0.14314778416751633
328 329 -1.1068143729732163
329 364 -1.2180048063595692
329 330 -1.6680146839084276
330 365 -1.4167498560008505
330 331 0.7846242930906043
331 366 -0.7087032911468863
331 332 1.0340489293976654
332 367 1.720494731604531
332 333 -0.20618267857789155
333 368 -0.04337070859940981
333 334 -0.22756533098321924
334 369 -1.1167814476550812
334 335 -0.3990678500205287
335 370 0.9747469396533449
335 336 -0.2935836725476384
336 371 0.6566114821648427
336 337 0.03516206517199598
337 372 1.1015791365938388
337 338 0.9676684141880396
338 373 -0.13773599047726276
338 339 0.0802583769962259
339 374 -1.1180710517528472
339 340 0.4736864632647363
340 375 -0.6913937224929921
340 341 0.4610391886167478
341 376 0.5136242041799056
341 342 -1.3721640162236675
342 377 0.8639463085801998
342 343 -0.42907559603083245
343 378 -0.1461211159782219
343 344 0.4946816141508098
344 379 -0.47275052612903656
344 345 0.5733199533975382
345 380 -0.07168881430624759
345 346 -2.2725596158874364
346 381 1.503979520680937
346 347 0.4059641673387274
347 382 -0.6172702675972791
347 348 -0.8952582416746977
348 383 -0.8020785354096686
348 349 0.08301380001856017
349 384 -0.5331556283199204
349 350 -0.6080399186493168
350 385 2.5583231295730413
351 386 0.660253452578922
351 352 -0.0011607169605994047
351 385 -1.0242022468157008
352 387 -1.3753047079437781
352 353 1.255417679605134
353 388 -1.1585757187199677
353 354 -0.7605661535180372
354 389 0.9914378348727555
354 355 0.2577731238255571
355 390 0.08288373679648538
355 356 1.1513094344701544
356 391 -0.18948786049183555
356 357 1.6209029769736003
357 392 -1.478462514657316
357 358 -1.702497416169934
358 393 -0.09591829290869817
358 359 -1.9701350191944005
359 394 0.42862550443235803
359 360 0.5311666539709587
360 395 0.4213939997026971
360 361 0.2812892747867197
361 396 -0.18332590734745813
361 362 0.28351809402302436
362 397 -1.2984080947439662
362 363 -0.09021790337529582
363 398 -0.5629233880701678
363 364 -0.29866226453197986
364 399 -0.13276248677613336
364 365 -1.7100919269716683
365 400 -0.18751644880369686
365 366 1.1737094566935662
366 401 0.31081828682557044
366 367 1.8894756026605988
367 402 -1.1240890052077952
367 368 -1.18551631079876
368 403 0.5311168896758531
368 369 -0.08500366116491485
369 404 -1.3206305446834274
369 370 -1.7306844736737368
370 405 1.1627921026937156
370 371 0.45942252148538704
371 406 1.2576693178461005
371 372 0.07918094757530691
372 407 0.1391539668127042
372 373 -0.16036370722409732
373 408 -0.42471201880319215
373 374 -1.3489247318395146
374 409 -0.2710976195654598
374 375 0.7701692545903368
375 410 0.29241910331224547
375 376 0.6926948355881464
376 411 -0.6411369774324842
376 377 -1.603314690140317
377 412 -1.350979161967111
377 378 0.2780689078082177
378 413 1.7087008231495624
378 379 0.4260382482569893
379 414 -0.4825104991381885
379 380 -0.520897668515579
380 415 -1.1740509184656736
380 381 -1.42715062542329
381 416 -0.014041327629683489
381 382 -0.23453765122104184
382 417 -0.8418018024387021
382 383 0.39871552309052355
383 418 -0.7011044808674369
383 384 -0.9819270500799717
384 419 0.44652659241838094
384 385 0.8389555483111559
385 420 1.5013022850015896
386 421 -0.5460134943738565
386 387 0.36986353352735307
386 420 0.2609165066718779
387 422 -1.1386189601839762
387 388 -0.9424011362561645
388 423 0.713684225186999
388 389 -1.7280784514379766
389 424 -0.16281409834468275
389 390 -1.534175479815739
390 425 -0.6983013510817921
390 391 0.3492847893727223
391 426 -0.29298783238293574
391 392 1.0669816426985914
392 427 -1.2022442602230754
392 393 -2.5460644900006373
393 428 -0.8206992202971103
393 394 -0.07922469336959301
394 429 0.009854016379205613
394 395 1.4584502889025432
395 430 1.311638396334101
395 396 0.3169009134067571
396 431 0.8269322278460228
396 397 0.3805186416419514
397 432 0.5368858975544542
397 398 1.2423726597735092
398 433 -1.6951021720158554
398 399 1.3837436798824625
399 434 0.7582050150510874
399 400 0.6868498308100359
400 435 1.9265106786584232
400 401 0.0853018839325452
401 436 0.5840447521701866
401 402 -1.5936916771131922
402 437 -1.136582358215071
402 403 -0.5859019353987347
403 438 0.6695424878091645
403 404 0.32996931132953605
404 439 -1.092517593721743
404 405 1.27003034896337
405 440 1.022477343069895
405 406 -0.10041756098419355
406 441 -0.1580257777115656
406 407 -0.8685053603612517
407 442 0.10216116448244626
407 408 0.237332678610474
408 443 1.9734075778356592
408 409 -0.017652790805557553
409 444 1.4566893998264663
409 410 0.5003634530227171
410 445 -0.8603145330545281
410 411 -0.2805370424454946
411 446 -0.05535803326027283
411 412 -0.23770864031639763
412 447 -0.16142401892511657
412 413 -0.8176525573239762
413 448 1.3291059072096327
413 414 -0.6021412766095047
414 449 -2.547900573283705
414 415 -0.3972660974530401
415 450 -0.7195727471826133
415 416 0.40947773426134865
416 451 -2.7143165295635243
416 417 -0.21209571973449698
417 452 0.6669854328241857
417 418 0.30555170233914286
418 453 -1.253815614217667
418 419 0.10416336062935909
419 454 1.015071765594635
419 420 -0.6712386312627167
420 455 1.9183048448821254
421 456 0.030735718994836764
421 422 0.8591430742843577
421 455 -0.40156932750985236
422 457 1.7152245040698753
422 423 0.6163000255642826
423 458 -0.15998481502827222
423 424 -0.7401182762796702
424 459 0.2762710797319245
424 425 0.3108135171319024
425 460 0.9100722149652349
425 426 1.308265548687833
426 461 -0.22666704661430964
426 427 -0.8664935917455313
427 462 0.7233925937222714
427 428 -0.1388893347635464
428 463 -1.4581576256436342
428 429 -0.9313802391769624
429 464 0.25187360379939766
429 430 1.0810848966502844
430 465 0.7818636074796129
430 431 0.008188103992785621
431 466 0.36548305295489986
431 432 0.5195186857074018
432 467 -1.0273289551094054
432 433 0.35873023155023026
433 468 0.6382850781898682
433 434 -0.5283668105622987
434 469 0.5804095654420965
434 435 -0.018127694097698103
435 470 0.7884106438181014
435 436 0.4031455106000712
436 471 0.3907476539026336
436 437 0.08373231270656929
437 472 -1.4523070697036546
437 438 0.34193018938920183
438 473 -0.5183140864610738
438 439 0.8347661291591009
439 474 2.2198266005102387
439 440 1.2173432979285876
440 475 -1.0647679580486578
440 441 0.6306367683924937
441 476 -1.3593572859107568
441 442 1.3908053074580853
442 477 0.5744351393781035
442 443 -0.7874107890511144
443 478 -0.19042343152499422
443 444 -0.1678433111387936
444 479 0.19846806168301742
444 445 -1.7547254979404712
445 480 0.24377205599361856
445 446 0.5677274252373199
446 481 0.6219302743961836
446 447 -0.26185737488784944
447 482 -0.4277297984531785
447 448 0.2914318461003158
448 483 -2.461785886313676
448 449 -0.19974656857547898
449 484 0.984034455827469
449 450 1.098236145733144
450 485 -0.7999427570738763
450 451 -1.1846884822464792
451 486 -0.2914620169999352
451 452 -0.7993156585147413
452 487 1.4009347420258862
452 453 0.9566259531738776
453 488 -1.7265126502156911
453 454 -2.4576825361854544
454 489 -1.9527121614612954
454 455 1.3539766141360012
455 490 -0.2219785429040357
456 491 0.2425790392006112
456 457 -0.2928526232549327
456 490 -0.43327471438413206
457 492 -0.9114069338495715
457 458 -0.732457046861086
458 493 0.5980761882816652
458 459 -1.6440048831784868
459 494 0.07209730949331197
459 460 0.0017568975187717219
460 495 0.9572912042126239
460 461 0.4022709522907041
461 496 0.3400160704316732
461 462 -0.31558186491026496
462 497 -1.6614716155393443
462 463 0.09686309496091867
463 498 2.2729982253840126
463 464 1.2905707575063246
464 499 -0.49583444975691193
464 465 -2.385778606344527
465 500 -0.7193379883793871
465 466 0.8880285304534183
466 501 -0.24905451160368816
466 467 0.4802756570696366
467 502 -0.4393950658668086
467 468 0.20126852245180013
468 503 -1.2885249922416224
468 469 -0.3163771441947367
469 504 2.178069613202448
469 470 -0.5260866773510268
470 505 -1.3361322010827408
470 471 -0.09625251675980526
471 506 -0.3411747195167424
471 472 -0.6136475290469878
472 507 0.6351559853719229
472 473 1.6591648104150747
473 508 -0.13415247100206776
473 474 0.6356029469929758
474 509 0.9704827053384025
474 475 1.5426402294148296
475 510 0.25976288901683187
475 476 -0.03402007439253895
476 511 1.0126233439728967
476 477 0.13178581304610731
477 512 -1.8714377636805197
477 478 -1.1510012122939435
478 513 -1.5227219619004753
478 479 -1.0632709167843497
479 514 0.021566093223214185
479 480 0.6516672652279237
480 515 0.19989705439684477
480 481 0.6801172363057368
481 516 -0.16123289821755998
481 482 -0.07040652242614776
482 517 0.30891615487810226
482 483 1.2979609782378132
483 518 0.02457793057414283
483 484 0.5076520753116343
484 519 -0.03623485292680077
484 485 -0.23455487250311877
485 520 -0.13179556802824804
485 486 -0.5387349163969327
486 521 0.7580220503977482
486 487 0.17148105221226537
487 522 0.022524273163526395
487 488 0.8000529995708144
488 523 -0.8900091316958361
488 489 -0.1496980443241231
489 524 0.7581412162495133
489 490 0.13878494012207837
490 525 -0.3829473006963737
491 526 -0.2520664569714233
491 492 1.0248124927529993
491 525 0.7441067111379129
492 527 -0.7407396191754013
492 493 -0.5223182065925925
493 528 -1.3533884941484493
493 494 -0.4265957409328384
494 529 0.23889535400209336
494 495 0.6284084169503701
495 530 0.1327343411638834
495 496 -1.3935134536712876
496 531 -0.13959394116875357
496 497 1.0637243950966855
497 532 0.8559638343302334
497 498 -0.6532404981003384
498 533 1.5805068184292221
498 499 -0.6478169121352657
499 534 2.6286410476724904
499 500 0.7039389251240747
500 535 0.6369008431716521
500 501 -1.95459749271984
501 536 -0.04714404290514313
501 502 -1.4439462360665256
502 537 -0.3042607826755492
502 503 1.3147924990016029
503 538 -1.7028860200863973
503 504 0.8864606479750794
504 539 -0.4787375090457628
504 505 -0.08655869010883906
505 540 -0.9580865415372344
505 506 1.7911967609836634
506 541 -0.7287318517038083
506 507 -0.1300466383456035
507 542 1.3519334471264026
507 508 -0.5832900717843478
508 543 -0.1476125167513774
508 509 -0.7021086987131957
509 544 2.4966100743300803
509 510 0.3818125879771942
510 545 0.6349902135975604
510 511 -0.9217155551408404
511 546 -1.1815695994377025
511 512 3.272490380864068
512 547 0.6191919453713232
512 513 0.6055580100676102
513 548 0.13613558326902503
513 514 0.5445881259454857
514 549 0.8962143498036104
514 515 -1.6913958027453413
515 550 0.04177363811078561
515 516 -0.37897016624041474
516 551 0.4875717486335613
516 517 -1.5858434111877573
517 552 0.7735155948799196
517 518 0.655802566141075
518 553 -0.2555059500330106
518 519 0.6561902694407012
519 554 0.9649822392464825
519 520 0.6183874083128568
520 555 -0.6731958553006074
520 521 0.621781104567455
521 556 0.27498260741912584
521 522 1.7243968953913338
522 557 -0.742371913718492
522 523 -0.8797358322120147
523 558 -0.7626812134723182
523 524 -0.18559274456006153
524 559 -0.09534120827982068
524 525 -0.16038244048463493
525 560 1.712130925666701
526 561 0.4868822689674571
526 527 -0.8113220017061531
526 560 0.026934440327146338
527 562 -0.32488220093521136
527 528 0.4123501810478523
528 563 -1.1515596501979215
528 529 -0.3806158472492284
529 564 0.9441724286916698
529 530 -0.5691310739097161
530 565 -1.166262287769872
530 531 -1.0644954150556951
531 566 1.5195856413805053
531 532 0.4871728451550716
532 567 -1.5733650377892556
532 533 2.147113339762842
533 568 0.3238127271342737
533 534 -0.16456400097507848
534 569 -1.6087150284499676
534 535 0.23169526982548633
535 570 -0.5670162356100694
535 536 -0.40783794963038095
536 571 -2.122490175624627
536 537 0.44852024335816104
537 572 0.5897545153645699
537 538 0.22091800587639643
538 573 0.10925255592068223
538 539 -0.38102739821769077
539 574 1.5085875212820852
539 540 -0.14104019531247908
540 575 -0.3615022790388166
540 541 0.20302389571853197
541 576 0.9344552242499143
541 542 -0.3703831514740409
542 577 -1.4411143232060988
542 543 1.2696976066107721
543 578 -0.6566275000559822
543 544 -0.06034101034897983
544 579 1.8924953587468023
544 545 -0.9271247826206553
545 580 -0.5388627047815729
545 546 0.2650175184060036
546 581 -2.0203364285748475
546 547 0.474198610101694
547 582 0.8395701288112745
547 548 0.17219208761042568
548 583 -1.42888846261485
548 549 -1.146597800132123
549 584 0.7892290582641268
549 550 -0.5306827828968463
550 585 1.273335377117533
550 551 -0.04865030077269155
551 586 -0.5914722837593283
551 552 0.7599574351655298
552 587 -1.0200333233438692
552 553 -0.40202985430780347
553 588 1.0998335912599175
553 554 -1.3028803411381833
554 589 -0.8554323418186922
554 555 1.5148104019779678
555 590 -0.8354232862297655
555 556 0.04799594173463906
556 591 -0.0045013823304043766
556 557 1.2897835279800194
557 592 1.247135860980945
557 558 -1.5555455959709665
558 593 -1.2578270836623755
558 559 0.7900651913372475
559 594 -0.1730328520654228
559 560 0.4626625911599891
560 595 -1.7593222576486867
561 596 -0.29465232780448375
561 562 0.07414946526742316
561 595 -0.9318920957212115
562 597 0.9363290715708947
562 563 0.3409117142230365
563 598 0.51978094659251
563 564 -1.7728749235427146
564 599 -0.8583585524774191
564 565 -0.7967248567247761
565 600 0.3182061524220605
565 566 0.05305827355952411
566 601 0.9568439873986369
566 567 1.2632818370816894
567 602 1.2655074044256094
567 568 0.8705270610359302
568 603 1.725511117404578
568 569 0.9242497081282741
569 604 -0.6154388520051344
569 570 -1.6180463419779767
570 605 1.3172353112947879
570 571 0.6753871069813074
571 606 -0.9890317511895513
571 572 0.40799146523177
572 607 -2.6093983492527637
572 573 -0.9298088322048123
573 608 0.44554087688951716
573 574 1.521395113308659
574 609 0.26774924441330517
574 575 0.04951266379518576
575 610 -1.262047566878454
575 576 0.3863692211485526
576 611 -0.22612865818442526
576 577 0.3757949260597201
577 612 -1.6219342639892331
577 578 -0.22420066572511865
578 613 -0.13519909038109051
578 579 0.29406152441746386
579 614 -1.232625710975419
579 580 -1.7035596083786664
580 615 -0.2794822413035632
580 581 0.429093714414058
581 616 -1.328383022069573
581 582 -1.4888159638204668
582 617 0.8951038913514194
582 583 1.11944802652637
583 618 -0.741697877404174
583 584 -2.3537985389497753
584 619 0.26124665764534255
584 585 3.1197779945164266
585 620 0.02574249396837532
585 586 -1.7739222560548162
586 621 -0.23939098938507133
586 587 -0.3190355583571216
587 622 1.1528588268549735
587 588 1.4269532791665214
588 623 0.5185107926462589
588 589 -1.404412852720859
589 624 -0.33532337917412747
589 590 -0.7571972228379058
590 625 0.7203986120940501
590 591 -0.9179913150914657
591 626 0.2514782660043079
591 592 1.1743652607565334
592 627 -1.8951190212560756
592 593 -0.6815112443847163
593 628 -0.3378884716732404
593 594 1.0039647955705389
594 629 -0.4772092595419847
594 595 1.5704245730657382
595 630 -0.08996904838112743
596 631 -1.9946898530319088
596 597 -0.368092564665268
596 630 0.3852699790174223
597 632 1.519330340144057
597 598 0.30337528575630934
598 633 0.6555173346673713
598 599 0.08599188978189776
599 634 -0.04207824445103625
599 600 1.1305808424059072
600 635 -1.1211203462185737
600 601 0.8227786046213444
601 636 -0.22408581473081818
601 602 1.9429199684732599
602 637 0.43353855976006944
602 603 0.010257360287183872
603 638 -1.385007502590304
603 604 0.48660618150154605
604 639 1.5367780003136513
604 605 0.23303323481475516
605 640 -0.5561447629231804
605 606 -0.6252310026843567
606 641 1.0352065127147883
606 607 2.108894420496365
607 642 0.7794612237160348
607 608 -0.7355043787772167
608 643 -0.09886017433457518
608 609 0.8015577438818254
609 644 -0.25672655983142034
609 610 -0.8321181339938403
610 645 -0.5128529072707408
610 611 -0.38624034298256027
611 646 0.8628518064708521
611 612 -0.4518440745996471
612 647 1.851041178521791
612 613 -0.3449173952728954
613 648 0.7207098369894837
613 614 -0.6727198924780262
614 649 1.900050424874449
614 615 -0.206276326963516
615 650 0.6600699141719132
615 616 -0.08472366728281713
616 651 -0.7575520124183441
616 617 -0.4990646231779878
617 652 -1.428538404849934
617 618 0.5264810995188998
618 653 0.2103058549431561
618 619 0.7516141975386513
619 654 1.4252366252822275
619 620 0.604263795064162
620 655 -1.2862448500046015
620 621 0.5001433605792306
621 656 1.173603940284015
621 622 -1.0637091548834408
622 657 -1.2505696603841765
622 623 0.9984534435310076
623 658 -1.1055834155513522
623 624 2.552879700651211
624 659 1.5620763819219075
624 625 0.005347179368227508
625 660 -0.45151904718138414
625 626 -0.9130430786323174
626 661 1.246376552064933
626 627 -0.8086291039773269
627 662 -0.624518803047716
627 628 -1.2935936182293886
628 663 0.5409567159107789
628 629 -1.613202500849261
629 664 -1.4924718938345778
629 630 -0.6806291555815777
630 665 1.6337933256198547
631 666 -0.6733695070260874
631 632 -0.4698285953430832
631 665 0.612575241698135
632 667 1.766714230757356
632 633 1.3676269812458424
633 668 -0.8341717277520153
633 634 -0.11787105075563295
634 669 1.674535342117857
634 635 -0.14842438272918107
635 670 -0.356437991057539
635 636 1.120294604781422
636 671 0.683713383957306
636 637 -0.8261307091024482
637 672 -0.37228170126397825
637 638 0.6148561205703111
638 673 -0.8264224771351417
638 639 0.9675784817301586
639 674 0.24925722479416895
639 640 -0.38908288553424036
640 675 -2.1701786240732717
640 641 -0.7488397837693824
641 676 1.6785724098984145
641 642 2.1583847880192857
642 677 -0.8635222206211637
642 643 -0.937661584916323
643 678 -0.27570516647165977
643 644 -0.4048345783751022
644 679 -0.10784812203432953
644 645 0.9568561516471552
645 680 0.031711944494483515
645 646 0.29570349043634375
646 681 -0.11209562622298709
646 647 -0.06352835640336688
647 682 1.2074921299145147
647 648 2.3566840300707597
648 683 -1.1045078987562114
648 649 0.03401565764048381
649 684 -1.1356606582454538
649 650 -0.16956659990885026
650 685 -1.6044065734336015
650 651 0.8303589342225725
651 686 -1.2557962583017843
651 652 0.15052815155640156
652 687 -0.0016107489245603002
652 653 -0.4162730846355641
653 688 -0.42893412155253813
653 654 -0.1395251600279128
654 689 1.5430883831489364
654 655 -0.31588412067425786
655 690 0.926984470762268
655 656 0.7473622436166276
656 691 0.1940190227020454
656 657 -0.1931253528275794
657 692 1.261012977381057
657 658 0.7947573471678969
658 693 1.1862607134884249
658 659 0.04739034606073334
659 694 1.9790665942016692
659 660 0.5305432058387836
660 695 0.15611191137377703
660 661 1.1074218030915273
661 696 -2.329391946962597
661 662 0.04836977523813271
662 697 -0.016733703816884295
662 663 0.12633012759595716
663 698 1.2702062534331546
663 664 -1.1125542755791495
664 699 -1.8877829756546785
664 665 -0.6054424233828873
665 700 1.393864894782762
666 701 -1.4612108831336714
666 667 -2.6244867885987286
666 700 0.043055134265104704
667 702 0.7715708726084716
667 668 -0.7502418787059327
668 703 -0.3247314870165617
668 669 -0.09520154175085306
669 704 -0.13801654643183214
669 670 2.396115623842939
670 705 1.0605266877694037
670 671 -1.0714542327568621
671 706 -0.278911480990486
671 672 0.2891125433488085
672 707 1.707131946630754
672 673 -0.4965272291347687
673 708 0.6730769714502054
673 674 0.4802362350272172
674 709 0.5890573915457096
674 675 -0.1898799303628961
675 710 0.9012749503568304
675 676 -1.0436515412867335
676 711 -0.05411043451232175
676 677 0.050531425990347746
677 712 -0.6072190689008182
677 678 0.6251254481336813
678 713 1.615677329050787
678 679 0.17698194609645104
679 714 1.0115211357719325
679 680 -0.2720041848968784
680 715 0.676507770246441
680 681 -0.1849837326692653
681 716 -0.3827769207557353
681 682 0.3792230825546133
682 717 -0.8892795700223901
682 683 0.6449232682762241
683 718 -0.05874942564123693
683 684 -0.5074925566461733
684 719 0.17756008815978028
684 685 -0.37197270589140197
685 720 0.06025958977171977
685 686 0.43539838526216956
686 721 2.0536961041801307
686 687 -1.213543344393268
687 722 -1.1365662479775422
687 688 0.16857111452308982
688 723 -0.9572789061746629
688 689 2.462039792508749
689 724 -0.9756213338400788
689 690 0.3069520791211734
690 725 0.9255546464414695
690 691 0.821557314132738
691 726 -1.5071066102247026
691 692 -1.1138116502291298
692 727 -0.9325358173917527
692 693 1.7436901823571234
693 728 -0.7415734244521495
693 694 -0.5295548956306219
694 729 -0.05898847694216181
694 695 -0.05103005869217911
695 730 -1.0412512299608845
695 696 0.7064187991277213
696 731 0.05769983706094276
696 697 1.5254655571088658
697 732 1.1317096907537536
697 698 0.9067066414750399
698 733 -0.2967978992955804
698 699 -0.7470153795465455
699 734 -0.13636162727549592
699 700 -0.8738555027830116
700 735 0.09724808001113111
701 736 0.5783995311321242
701 702 0.7690951719257331
701 735 -0.7858450231266033
702 737 -1.1431003849770758
702 703 -0.6704727095993857
703 738 -2.1847282820321317
703 704 0.38729869459313704
704 739 0.32264944486110203
704 705 -0.8880633378150043
705 740 -0.003153760652727059
705 706 -0.7671920924317499
706 741 0.7925995137008208
706 707 -1.0511360088465214
707 742 1.4516720666194856
707 708 -0.6092904179712413
708 743 -0.2495011648625987
708 709 -0.13021983531604198
709 744 0.29377371674395103
709 710 0.10255001606148971
710 745 0.15244199835214364
710 711 0.8850062642916459
711 746 2.616839394932667
711 712 -0.7290849504596723
712 747 0.38788662155144976
712 713 0.5267480893392248
713 748 -0.5738250286034876
713 714 -0.0654836029930908
714 749 -0.13309620273741737
714 715 0.8795998034422476
715 750 -0.34427427230752833
715 716 -0.21978561298398966
716 751 0.9379933393703241
716 717 1.1563304021582483
717 752 -1.3119084789511637
717 718 -1.524905065037122
718 753 -1.4721875178186348
718 719 -1.0766707238886486
719 754 0.5451309634406011
719 720 -0.9603802140024963
720 755 -0.13717676728160025
720 721 -1.380746121199357
721 756 -1.4980401476847973
721 722 0.2003519772060913
722 757 0.9807846200102913
722 723 -0.8011209029367218
723 758 0.5364975773799548
723 724 0.07737293182883871
724 759 0.17378246781294507
724 725 0.10393587411371509
725 760 0.47448463983283146
725 726 1.945708635003653
726 761 -0.8234145583384402
726 727 0.5259453327585263
727 762 0.487609080982604
727 728 0.6145605520031214
728 763 0.2241642699117821
728 729 0.32981774086248933
729 764 0.6597173326493196
729 730 -0.3705103731006076
730 765 -0.28410618671614996
730 731 -1.7958652284779935
731 766 -0.15792421428817122
731 732 2.1637234985812173
732 767 -1.993163511747046
732 733 -1.103929873624096
733 768 0.7286911928623715
733 734 0.18692234908598068
734 769 1.2027795089181315
734 735 1.7132758341596708
735 770 0.1582560048052293
736 771 0.08311673467121529
736 737 -0.10060248312994982
736 770 -0.0005921592579617703
737 772 0.7781263098606213
737 738 -0.3759104899747988
738 773 -1.8359167041264592
738 739 1.9341027775833322
739 774 0.6452230566914111
739 740 2.2292955323253505
740 775 0.21147918118318995
740 741 -0.18919315230685665
741 776 1.2350806012418447
741 742 0.5262936776646373
742 777 -0.479768654950078
742 743 -1.5989785190440315
743 778 -0.5306176351214907
743 744 0.6635481245323158
744 779 -0.5445804970143803
744 745 0.533586977494657
745 780 -0.2849766939861995
745 746 -0.052294548250114724
746 781 -0.2618807164965327
746 747 1.0228097208547602
747 782 1.0910050842713683
747 748 -0.30437444232216476
748 783 0.6969437340521777
748 749 -0.11361698912751751
749 784 -0.26525548543161265
749 750 0.46345415427984027
750 785 0.8634315454736029
750 751 0.17036652132371866
751 786 -0.5447802143236289
751 752 0.07842794165917323
752 787 -1.6114695847574314
752 753 0.6310097014454537
753 788 -1.2316835089935079
753 754 0.03401139113288435
754 789 0.0034537925716948
754 755 0.858437407943803
755 790 -0.048284313737867665
755 756 -0.6726875868945253
756 791 0.4729359873105302
756 757 -1.6345307456354303
757 792 1.4150436651207412
757 758 0.9477818986085248
758 793 -0.705325316490827
758 759 0.48779512949097514
759 794 -0.046192096462815295
759 760 -0.7183147410683544
760 795 -0.3724318919791197
760 761 0.4318353806714314
761 796 0.9080919625255441
761 762 -0.008889033604596936
762 797 -0.05462891831436513
762 763 -1.2727368390677225
763 798 -0.17887290290094346
763 764 0.04145432833207647
764 799 -0.972958671915433
764 765 -1.8465616948987609
765 800 -0.08959491854473091
765 766 -0.592119983997528
766 801 -1.4457238160593247
766 767 1.0643171672382234
767 802 0.13778748146559666
767 768 -0.5844044551949484
768 803 -0.9557307844519722
768 769 -0.0847821778072488
769 804 -0.8865302731468745
769 770 0.7273497012117377
770 805 -0.443764526424462
771 806 0.14873898899195664
771 772 0.8113239005325913
771 805 0.13360178604465187
772 807 0.2367605707048395
772 773 -0.8779968892295509
773 808 -0.8726930267293889
773 774 -0.19297447336386475
774 809 0.6762289392557272
774 775 2.1993454434526716
775 810 -1.1075821246090174
775 776 0.2858664690762016
776 811 -0.5640475126317973
776 777 0.1545482225255709
777 812 0.06636420640960582
777 778 0.014165779985780886
778 813 0.22803543220694994
778 779 0.06368725872494148
779 814 0.20842136508294126
779 780 -0.12640475043685057
780 815 -0.4850626667368782
780 781 1.9452628252573845
781 816 1.342261866669239
781 782 0.9371385873306485
782 817 0.5008367015807211
782 783 -1.2735486441824313
783 818 0.3719587630167862
783 784 -0.14022758862866336
784 819 0.3429518415555578
784 785 -1.0432078876283943
785 820 1.7709942085865609
785 786 1.0735842988263387
786 821 -0.09631484345592858
786 787 -1.3260130958136833
787 822 0.4972188170164075
787 788 -1.9049592708394238
788 823 0.6087755466588879
788 789 0.964809072086181
789 824 -0.14138589721104386
789 790 -0.5716621722048288
790 825 0.3622998210204735
790 791 -0.8834547650556618
791 826 -0.2306420951635586
791 792 -0.3999373784532179
792 827 0.36336963634592145
792 793 1.271920582723936
793 828 -1.617507219117911
793 794 -0.637190050063295
794 829 0.20873918618454212
794 795 1.0450591132233904
795 830 0.9065106589881241
795 796 0.316296703766825
796 831 1.449306777390798
796 797 -1.0248756987135457
797 832 1.2082260951029316
797 798 -1.2082191706377863
798 833 -3.3604130652371165
798 799 0.9380066821952805
799 834 -0.24138602068675905
799 800 -0.5852759470074829
800 835 0.8100980374759488
800 801 1.536258126068928
801 836 1.0860077166767153
801 802 -0.22869169864209993
802 837 0.054335617798517435
802 803 0.5813473212078281
803 838 0.7485129574850008
803 804 0.7097691186813156
804 839 0.43946616317525944
804 805 0.5851457497951205
805 840 -0.5091139010770194
806 841 0.7089457260071796
806 807 0.7780109004601166
806 840 -1.1780109258437388
807 842 -1.118635688802137
807 808 1.0378232482295915
808 843 -0.2350233079674282
808 809 -0.6821809199886125
809 844 -0.19370049297211067
809 810 -0.0057218123652592635
810 845 -0.4663709836371094
810 811 -0.009466628979514594
811 846 0.35944859561461084
811 812 -1.830414324032478
812 847 0.8405131578503093
812 813 0.36739380679545897
813 848 0.06133011389602532
813 814 0.28010487810316786
814 849 1.5317839754826732
814 815 -1.6788967244015724
815 850 -0.14172346441216088
815 816 -1.6351024151900853
816 851 0.4608089766781264
816 817 1.0022185914670212
817 852 0.07159156602526419
817 818 1.3524775712860853
818 853 -0.26794529292319746
818 819 -0.5040996410336029
819 854 0.9762253157508555
819 820 0.4734697451467958
820 855 -1.3637256590523246
820 821 0.946628446267287
821 856 -0.8436793901762106
821 822 1.3269294458180723
822 857 0.8396226057854391
822 823 -0.04623873345495905
823 858 -0.2683272984866566
823 824 -1.348699307335294
824 859 -0.9668295634737979
824 825 0.47454179127767704
825 860 -1.7530405126223965
825 826 -0.06303440286626462
826 861 0.12245985678244935
826 827 0.6456477631009521
827 862 0.8342228699749026
827 828 0.347353154372623
828 863 -0.639100195199592
828 829 0.6008226896537878
829 864 -0.08680532940078813
829 830 1.5184921245003586
830 865 -0.575839183781565
830 831 2.661749797814163
831 866 -1.0571844998984208
831 832 0.6389702030484317
832 867 -0.8698997532878625
832 833 -0.96623470717291
833 868 -0.25258202773228583
833 834 0.91833305374168
834 869 -0.6937146380004162
834 835 0.4386228658347649
835 870 -0.32096554859480975
835 836 1.2912223045159386
836 871 -0.9796987357518591
836 837 0.3599073659404929
837 872 -1.7815615072412792
837 838 -0.2414337745831121
838 873 -2.143034534455464
838 839 1.8674944168552294
839 874 1.0166518333122343
839 840 -1.7919845703570227
840 875 0.7775836993285158
841 876 -0.14214512808929314
841 842 1.3692375922389441
841 875 -2.765584959682714
842 877 0.8830132613218256
842 843 -0.37893844532814036
843 878 0.41246035598531694
843 844 0.5304861569741396
844 879 -1.1150013193997663
844 845 0.9119566916661377
845 880 -1.8190755140497774
845 846 0.044522212140437584
846 881 0.11539280027657946
846 847 0.0951667488447748
847 882 -0.07438709040503963
847 848 0.8093234141617531
848 883 1.2440460404446279
848 849 -1.645206286536109
849 884 0.8715858989200125
849 850 -1.956821357862092
850 885 -1.0597525771036367
850 851 -0.15564568277838806
851 886 -0.6166591071253469
851 852 1.9799924526022716
852 887 1.3212365807023412
852 853 -0.3722492913700719
853 888 0.625081400003782
853 854 1.03082634446048
854 889 -0.29183641807256094
854 855 1.002646957843058
855 890 -0.45429193282788854
855 856 -1.8634779703720556
856 891 -0.7458274098497617
856 857 -0.5980264237909853
857 892 0.13203497491439695
857 858 -1.290883070710463
858 893 -0.05432392736244111
858 859 0.43493358990636083
859 894 -2.1825895866384344
859 860 2.2957850746017288
860 895 -1.243699896491872
860 861 1.001474454081816
861 896 0.09780730826416738
861 862 -0.5981497882764144
862 897 -0.5061076387077109
862 863 -1.5996355026909275
863 898 0.4482098873016157
863 864 -0.2389020006270655
864 899 0.016967757817511107
864 865 -0.5466105265869305
865 900 -1.415888542929142
865 866 0.6154146208783324
866 901 -0.7623913046149516
866 867 0.9057408280974718
867 902 -1.6907789654702383
867 868 0.6302595891501804
868 903 0.25380396781535985
868 869 -0.7811858583217924
869 904 -0.8500820158936709
869 870 0.9810378936778459
870 905 0.2663883789696585
870 871 -0.052554497442588465
871 906 1.1980723282484937
871 872 1.9329847410001613
872 907 -0.27508746365763564
872 873 -0.10428437693537959
873 908 1.0303210300530832
873 874 2.1155903894645207
874 909 -2.6159728598839473
874 875 -1.1716767294485304
875 910 0.23267812457893713
876 911 1.066089804171436
876 877 1.4625966977927782
876 910 -2.1819788359445527
877 912 1.9103853676931004
877 878 -0.49744551108402324
878 913 -0.9559820411322514
878 879 0.4526913945524607
879 914 -0.552029948839886
879 880 -0.7237676878606984
880 915 -0.8838110394641
880 881 0.2730540108974556
881 916 -0.8029194867330336
881 882 -0.6259904065323016
882 917 0.6657895375137843
882 883 0.0454863442935301
883 918 -0.41111230123839354
883 884 0.03763147585582294
884 919 0.9767966147504537
884 885 -0.39591834923834324
885 920 2.5730978479605993
885 886 0.9652230343247455
886 921 1.3361806821097424
886 887 -0.3896413450617847
887 922 -0.6327388286476802
887 888 0.3372642092682151
888 923 -0.9576367789285787
888 889 0.071535492079839
889 924 0.12254284404762697
889 890 -0.3354955886914176
890 925 0.13143313208102103
890 891 1.4820161538131205
891 926 -0.8192892967416915
891 892 1.3506582153084763
892 927 -0.3057190831177173
892 893 1.873138012384711
893 928 -0.7787461966258434
893 894 0.5298619569906874
894 929 1.2562375084512742
894 895 -0.4114008227738401
895 930 -0.8183497524311312
895 896 -0.07280854652592078
896 931 -0.5620379822211895
896 897 0.7056835765223644
897 932 -0.4928773047370462
897 898 0.34763267880601817
898 933 0.6829998637238891
898 899 1.051773459521305
899 934 0.19589481308507067
899 900 -0.8536185956979605
900 935 -0.38290961900294007
900 901 0.25667958444733147
901 936 -0.10844149832603465
901 902 0.9193140407919875
902 937 0.655277640107602
902 903 -1.5094942632893515
903 938 -0.1473576175670603
903 904 -0.00015473017352132806
904 939 -0.22518807094055412
904 905 0.880847812329468
905 940 -1.1593176137563317
905 906 0.987800036789983
906 941 0.5518916857249756
906 907 -0.5426375116017087
907 942 1.332010148366845
907 908 0.9646866877722555
908 943 -0.6531574915285956
908 909 1.0032862257190278
909 944 2.0163111914108733
909 910 3.207127817800087
910 945 0.6650785263197404
911 946 0.04416103461673043
911 912 0.4107972549203428
911 945 -0.5544352201119823
912 947 -0.3442320309969259
912 913 -0.018314278971415823
913 948 -1.8921478877602085
913 914 -0.42275545139046555
914 949 1.4175692221245402
914 915 1.3482740651035245
915 950 -0.7341546389600974
915 916 0.002912775938419416
916 951 -0.6475732968532677
916 917 0.767765286868975
917 952 2.171921478182127
917 918 -1.6396330885084633
918 953 1.7615745026336114
918 919 1.0309498195999132
919 954 1.8240928140589918
919 920 0.6949296895996584
920 955 -0.5278450259286298
920 921 2.161420982731293
921 956 0.6749903921444184
921 922 1.0927253588378136
922 957 -1.3034562435748782
922 923 0.38085060358478295
923 958 -0.0585113568641474
923 924 -0.35332152993120747
924 959 0.05841824105510787
924 925 -0.9889846053930026
925 960 -0.18819875647046538
925 926 1.4908760561332968
926 961 -0.9580661184926618
926 927 1.01523074960153
927 962 -1.1512288824068904
927 928 -1.3458437664398042
928 963 -0.6089823750991107
928 929 0.3383741048242859
929 964 0.025174218432084706
929 930 -0.41775647130657284
930 965 1.0678693747004457
930 931 -0.9583068967160749
931 966 -0.7652155543307918
931 932 -1.1715679587041814
932 967 -1.022915334618724
932 933 -1.615156091548567
933 968 -2.1223728422309396
933 934 -0.163637949268391
934 969 2.081012628246543
934 935 1.0278185091452738
935 970 -1.5112754448628822
935 936 -0.26018699392568606
936 971 -0.5422285326435748
936 937 -0.36835535971728744
937 972 -0.33152128372612455
937 938 -1.7941622900789678
938 973 -0.8255894722103015
938 939 1.1505189509408038
939 974 0.7813612924677835
939 940 0.9824954444040338
940 975 0.7013750512813516
940 941 -0.9455886138611116
941 976 0.2368241850993073
941 942 -0.9800022525949692
942 977 0.20253365230450887
942 943 -0.853183020806186
943 978 1.3804088011989823
943 944 -0.5397135317851991
944 979 0.415500919046371
944 945 0.12390645858018809
945 980 -1.1200424558968203
946 981 1.305298074541536
946 947 -1.4525405608697415
946 980 -0.48865867489513387
947 982 0.07317355483129113
947 948 -0.5868772145161809
948 983 -0.46809548272392093
948 949 -0.22527269354234547
949 984 0.37036457171070514
949 950 1.1737669223724116
950 985 -2.1010213693095254
950 951 0.7126465258459089
951 986 1.3161645342052861
951 952 -0.4080308409722467
952 987 -1.7452675771969621
952 953 -0.042042756346639946
953 988 1.8651682467420923
953 954 0.5030328723930648
954 989 -0.2804066755726043
954 955 -0.12397134880505142
955 990 0.7487585522838442
955 956 0.5238035239419471
956 991 -1.0456944814408777
956 957 0.6061258383134653
957 992 -1.2039189184354444
957 958 -1.3445786551051364
958 993 -1.8319652902807442
958 959 -1.3591664048347314
959 994 -0.18174413319981716
959 960 0.6231269896865493
960 995 -0.17877462848035086
960 961 -0.9894056522038598
961 996 0.6512848573608939
961 962 -1.654773431147438
962 997 -1.6921210875905233
962 963 1.2261987355135315
963 998 -0.4617859897685696
963 964 -0.0027466969593998884
964 999 -0.9589856494823973
964 965 1.5909144115255085
965 1000 0.04795858946760229
965 966 1.6484051137505953
966 1001 -0.7057134809831692
966 967 -1.744510063013529
967 1002 0.35884376233923176
967 968 1.8041047219439956
968 1003 1.5837575632001175
968 969 -0.18752391883369413
969 1004 -2.3692460622687825
969 970 -0.5083314058377558
970 1005 0.031588167595157854
970 971 0.3798676676470423
971 1006 -0.15326290726101327
971 972 0.42554159150696874
972 1007 1.7536722124195059
972 973 0.6133749211668824
973 1008 1.282103663239046
973 974 -3.011717460347216
974 1009 1.4503272795956357
974 975 -1.4778843789871359
975 1010 -0.606672263579902
975 976 0.11895316708305542
976 1011 -1.411302681849359
976 977 -0.8156146975133175
977 1012 0.10700357136821848
977 978 2.539303227415999
978 1013 1.2869216778319794
978 979 0.9186768212547923
979 1014 -0.5027433598787603
979 980 -0.21372328256091477
980 1015 -0.17879515022190684
981 1016 0.42269012713232895
981 982 0.7977105665262438
981 1015 1.714865617359445
982 1017 -0.9230266091099384
982 983 1.9474384330499936
983 1018 -1.7176313962440373
983 984 0.7697600682403638
984 1019 1.2497987514879663
984 985 -1.279939265050778
985 1020 -1.2480958837305873
985 986 -0.3125214172541806
986 1021 0.915602176897668
986 987 -0.4754333945737702
987 1022 0.48367800032061936
987 988 -0.3174574387692026
988 1023 -1.008223228707508
988 989 -0.2863200364720983
989 1024 2.233253047198468
989 990 -0.8917303492468925
990 1025 0.3412712506660408
990 991 0.673404298134982
991 1026 0.9200708897126386
991 992 0.07247210265485386
992 1027 1.2669750892284715
992 993 -0.048376261672074206
993 1028 -0.5054471317942948
993 994 -1.111757854544178
994 1029 -0.7282892171752632
994 995 -0.5016232900683382
995 1030 2.0479950287806767
995 996 -1.1795989729915224
996 1031 -1.2391055237255884
996 997 -0.628075206502202
997 1032 -0.5673501716211878
997 998 -1.3191915564726253
998 1033 -0.9586150148214099
998 999 -0.43897827087720886
999 1034 1.6376545985399884
999 1000 -0.3044702880802269
1000 1035 -0.9179134914715716
1000 1001 1.2641774003874127
1001 1036 -0.06532608166380044
1001 1002 0.21582492854349578
1002 1037 1.9030048823272974
1002 1003 -0.35820372778295406
1003 1038 0.06445385590631626
1003 1004 0.3713919956852738
1004 1039 -0.04266518735154457
1004 1005 0.3729029624573668
1005 1040 -0.37457541588659427
1005 1006 -0.5499340314882277
1006 1041 -0.5718917416455025
1006 1007 0.44756906458667856
1007 1042 1.0205199593245275
1007 1008 0.0002101160603309058
1008 1043 -1.8461107820471132
1008 1009 -0.3923013509947794
1009 1044 1.7741301963680336
1009 1010 0.9908986537106362
1010 1045 0.10025713413365979
1010 1011 -1.1141349933167255
1011 1046 0.8476317418867236
1011 1012 1.5300861488106683
1012 1047 1.2820028462803872
1012 1013 -0.8360809790653981
1013 1048 -0.15815122575885113
1013 1014 0.7976846244298657
1014 1049 -0.62785404044719
1014 1015 0.3736099950600377
1015 1050 -0.141552503013652
1016 1051 -1.576374153124434
1016 1017 0.6332225800023693
1016 1050 -1.8553775110279558
1017 1052 -0.9692134706273619
1017 1018 0.2652649353967478
1018 1053 1.0505886759000265
1018 1019 -1.5672732765962956
1019 1054 -0.7085568592025541
1019 1020 -0.1946546864425575
1020 1055 -0.8871960280435784
1020 1021 0.621897547517619
1021 1056 0.04042322206610703
1021 1022 1.7312457990179544
1022 1057 0.11030157177253602
1022 1023 -1.58599559542245
1023 1058 0.9698256850005468
1023 1024 0.45571621750215263
1024 1059 -0.5466762910424934
1024 1025 -0.3264114777374248
1025 1060 -2.818365435024069
1025 1026 -0.017850451031004008
1026 1061 -0.3088098373312829
1026 1027 -0.8358546454471824
1027 1062 -0.5462210340558544
1027 1028 -0.9925926491612452
1028 1063 1.4023693615132118
1028 1029 1.164836503854567
1029 1064 0.43829934256278724
1029 1030 1.326640474083959
1030 1065 -0.9126726680523571
1030 1031 -0.6121358767618215
1031 1066 -0.7486969706964773
1031 1032 -0.4102895274027305
1032 1067 -0.4065266300466967
1032 1033 -0.8868878146484077
1033 1068 -0.5372184239309514
1033 1034 -0.38198224242202133
1034 1069 0.01653152719233402
1034 1035 -1.1449196512588768
1035 1070 -0.10466194044651148
1035 1036 -0.6360618065398815
1036 1071 0.2992607952954655
1036 1037 -0.06340277907224592
1037 1072 0.05526612395256495
1037 1038 0.018318538137800162
1038 1073 -0.4542501140643259
1038 1039 -0.12996003771493247
1039 1074 -0.14518095465676487
1039 1040 -1.1042573539224432
1040 1075 0.5223243268188874
1040 1041 -0.22978818544964477
1041 1076 -1.304996182707039
1041 1042 -2.897231442759083
1042 1077 0.3376193806620775
1042 1043 -0.3518513669642252
1043 1078 0.2955144968200029
1043 1044 0.15836366162320833
1044 1079 0.7445017760967293
1044 1045 0.16269171482763908
1045 1080 0.37680941044734073
1045 1046 -1.2127744102737057
1046 1081 -1.0401764431528446
1046 1047 -0.3846445547110711
1047 1082 0.9024070945486509
1047 1048 -1.4373351474586735
1048 1083 -3.5604524910317843
1048 1049 0.744918224973335
1049 1084 0.05091088777570292
1049 1050 1.694279384143535
1050 1085 -0.8784678046896706
1051 1086 -0.5339975917014482
1051 1052 0.2676727817057985
1051 1085 -0.0022514662101385083
1052 1087 0.6374702195815822
1052 1053 0.2174800360549736
1053 1088 -0.20540967799377152
1053 1054 -0.24885330433215164
1054 1089 -0.6441607203981208
1054 1055 -0.04486528736685648
1055 1090 -0.6476702088387648
1055 1056 0.6003720649592723
1056 1091 -1.242344129448537
1056 1057 -1.0283814245414595
1057 1092 -2.541520093576294
1057 1058 -0.12696781988550085
1058 1093 0.12735827712801304
1058 1059 1.0423796068039173
1059 1094 1.1879951092398964
1059 1060 0.6549297827284167
1060 1095 -1.861347870748382
1060 1061 0.49792742887324615
1061 1096 0.7564691679761216
1061 1062 -0.4807622303187327
1062 1097 -0.5758943499143507
1062 1063 0.5662897445405846
1063 1098 -0.2976382181834422
1063 1064 -0.6717185589678715
1064 1099 0.11631975339492867
1064 1065 0.26842948756738344
1065 1100 0.8159079872901899
1065 1066 1.1748563983495837
1066 1101 0.1274045193227548
1066 1067 -1.0721916382250034
1067 1102 -0.565587550321654
1067 1068 0.6480744555198
1068 1103 1.2038631870485517
1068 1069 -0.5895871093439399
1069 1104 -0.422486622516759
1069 1070 1.6806407191086727
1070 1105 -1.3785311666504638
1070 1071 0.005452930593085284
1071 1106 -0.06291328707764134
1071 1072 0.028198975011181238
1072 1107 -0.8081593653627669
1072 1073 0.15221298819529488
1073 1108 -1.3413314319291803
1073 1074 -0.5534934647661411
1074 1109 -0.46536087848679447
1074 1075 0.7108515393912838
1075 1110 -0.8805927884065565
1075 1076 -1.6638719378203475
1076 1111 -1.1711821009487728
1076 1077 0.7895000309272739
1077 1112 -2.0135497575560586
1077 1078 0.16405777019303136
1078 1113 -0.17994672532047742
1078 1079 0.21223686345008166
1079 1114 -2.0461277528626076
1079 1080 0.13757510851057367
1080 1115 -1.9546801293692766
1080 1081 0.3346015569520201
1081 1116 -1.4728393410006948
1081 1082 -1.307536487113953
1082 1117 0.828144023924414
1082 1083 -1.5075106869033668
1083 1118 0.8458247355200784
1083 1084 -0.40174985478695013
1084 1119 1.1176462022319928
1084 1085 2.3364070421620142
1085 1120 -0.11022771586774263
1086 1121 -0.5459035252016753
1086 1087 -0.3553862457433254
1086 1120 -0.7730637265453769
1087 1122 1.086803324823481
1087 1088 -1.3962348384064434
1088 1123 1.0903719956754832
1088 1089 -1.3581286835466753
1089 1124 -0.4467531439052296
1089 1090 0.9481407144410253
1090 1125 0.20688406264040102
1090 1091 1.2664173116207358
1091 1126 -0.3422929859209735
1091 1092 0.7294494519805097
1092 1127 -0.863462244521295
1092 1093 0.4776409877171643
1093 1128 -1.5182834503311127
1093 1094 1.1522333606881217
1094 1129 -0.4976800622022912
1094 1095 -0.32603105081469463
1095 1130 0.3625138174163924
1095 1096 0.9124132548193958
1096 1131 0.7212283874606059
1096 1097 0.4478735461229682
1097 1132 1.2935474406869685
1097 1098 -0.9785973411803833
1098 1133 -0.5439473779244055
1098 1099 -0.6579436297966833
1099 1134 0.7216930580703147
1099 1100 0.3326489831960525
1100 1135 -0.8929312136972947
1100 1101 1.1106137082845913
1101 1136 -0.2060893838503052
1101 1102 -0.5234037410705037
1102 1137 0.1911832247152791
1102 1103 -0.4099969394870375
1103 1138 -0.7496511095400207
1103 1104 0.13268524642725613
1104 1139 -1.227632937513452
1104 1105 0.0521560857269873
1105 1140 0.6262940736312355
1105 1106 -1.298653304988254
1106 1141 0.3137962513727389
1106 1107 1.0801032573411193
1107 1142 0.672201832871454
1107 1108 -1.1084265746880717
1108 1143 0.30178454441453095
1108 1109 0.06973325076977809
1109 1144 0.8267712933506973
1109 1110 1.4488830102861419
1110 1145 -0.01962213610034357
1110 1111 0.853343834313243
1111 1146 -0.6780029173530947
1111 1112 -0.451417775634187
1112 1147 -1.5059987294843582
1112 1113 0.5025620675344844
1113 1148 0.9659058400561574
1113 1114 -0.4940184909613691
1114 1149 0.3841567571803832
1114 1115 0.7280544720860822
1115 1150 -0.2552194781090594
1115 1116 0.4484019094138191
1116 1151 -1.7998204887373732
1116 1117 -0.727148615272097
1117 1152 -0.22488179858893118
1117 1118 0.025643778555075138
1118 1153 -1.776047011953134
1118 1119 1.2894531755638083
1119 1154 0.010002921791806046
1119 1120 1.0646494333630725
1120 1155 -0.8968973864876825
1121 1156 0.5734809757414703
1121 1122 0.05534185652020467
1121 1155 -0.7314063883889915
1122 1157 1.0028381469217609
1122 1123 -1.059803070332406
1123 1158 1.4159701693236502
1123 1124 0.45999182276378264
1124 1159 -1.513953165895214
1124 1125 2.0262372077494333
1125 1160 -1.0578002581149097
1125 1126 -1.8857790163138928
1126 1161 -0.04267906634063376
1126 1127 -1.9227355450992576
1127 1162 -2.5431884668120404
1127 1128 -0.7972414141728913
1128 1163 2.063471874036536
1128 1129 0.23793228142419248
1129 1164 -0.4807497443107046
1129 1130 0.15797152716378035
1130 1165 -0.029289138935282427
1130 1131 -0.3083368346448374
1131 1166 1.2690588062094796
1131 1132 0.6191060565143259
1132 1167 0.9739630143755531
1132 1133 0.5030254523222968
1133 1168 -0.3572021214066175
1133 1134 1.1412388909478266
1134 1169 0.026762950415205378
1134 1135 2.5889045389105676
1135 1170 -0.5823804084468139
1135 1136 0.5055469120217717
1136 1171 -3.7787180391154704
1136 1137 0.8710803071275643
1137 1172 -0.022317054991676993
1137 1138 0.19734608720786323
1138 1173 0.9008481438659162
1138 1139 0.48288688790529094
1139 1174 -1.0896583615209154
1139 1140 -0.28539024543965275
1140 1175 0.9778742054118059
1140 1141 0.09591941844784072
1141 1176 0.6198949019285946
1141 1142 -0.627674366711646
1142 1177 -0.10245296398827616
1142 1143 -0.32846721278553637
1143 1178 1.320120243951746
1143 1144 -0.880740944736604
1144 1179 -0.25764109437280164
1144 1145 0.759503333391436
1145 1180 -1.2844969963900708
1145 1146 -1.3623533897186504
1146 1181 -0.7799870288399245
1146 1147 -0.3500716894002475
1147 1182 -1.5859466063248284
1147 1148 0.32477163652778207
1148 1183 0.46311161047159083
1148 1149 0.8921451407092711
1149 1184 1.1211096952258608
1149 1150 0.26879108918717876
1150 1185 -1.0649282329389032
1150 1151 0.7969255217565063
1151 1186 1.6785291804627676
1151 1152 -0.43575689152306285
1152 1187 -0.8931585423585997
1152 1153 0.14614195082428377
1153 1188 2.1414008178040214
1153 1154 0.5851406234107506
1154 1189 1.4034633685483275
1154 1155 1.468103103582704
1155 1190 -1.460965023426362
1156 1157 1.1452656036774558
1156 1190 1.9292640520806674
1157 1158 -0.3198550043060991
1158 1159 -0.14584334540264807
1159 1160 -0.29542649551895883
1160 1161 0.3883290273411435
1161 1162 0.9839765917253975
1162 1163 0.09132971279620539
1163 1164 1.7005276071710123
1164 1165 1.2741190335195223
1165 1166 -0.9945868495107201
1166 1167 -1.3968979627747817
1167 1168 0.6681920629277392
1168 1169 1.0931937394670916
1169 1170 -1.0041535898505707
1170 1171 1.568089284044786
1171 1172 0.6590364692859891
1172 1173 -0.06239608793211529
1173 1174 0.026133029325439153
1174 1175 -0.02634971165831633
1175 1176 -0.2109511558564689
1176 1177 -0.3971175337887465
1177 1178 -0.31984981360494946
1178 1179 1.5322448934353687
1179 1180 0.9521655812873951
1180 1181 -1.4891733765474597
1181 1182 0.7256465063863503
1182 1183 -1.4908759685675979
1183 1184 -3.139560964773151
1184 1185 0.44558481766725655
1185 1186 -1.0232547044024642
1186 1187 0.60590619399439
1187 1188 0.1603140719615121
1188 1189 1.373784043463514
1189 1190 -0.32440433694271686
