1225 2450
1 36 -0.16615323978515853
1 1191 0.33780000610420446
1 2 2.6529750514268353
1 35 -0.24742113304653454
36 71 -0.2770560196954762
36 37 0.42861989326686517
36 70 -1.0977125297170587
1191 1156 1.2655708394129699
1191 1192 0.08872959687412066
1191 1225 0.2409027594814595
2 37 0.30792485400508796
2 1192 0.32257686419619114
2 3 2.154630256271864
35 34 -1.5326472070246213
35 70 -0.9459916912764761
35 1225 0.02490248346393602
37 72 0.7413290837235471
37 38 -0.8923401211857768
1192 1157 -0.7873299115005168
1192 1193 0.5111467984116075
3 38 0.9265130809513996
3 1193 -0.14487119953311314
3 4 -1.3971607364353573
38 73 -0.9790517940885554
38 39 0.241990976516036
1193 1158 -0.7744309179127457
1193 1194 0.5627119793148171
4 39 -1.716267731706054
4 1194 -0.5857409165468098
4 5 -0.7944787511754231
39 74 -0.7039366668969409
39 40 0.895586707278499
1194 1159 -0.1754977225966677
1194 1195 -0.17616577513321707
5 40 0.05979789188609457
5 1195 0.3549713822578451
5 6 1.6239750558230923
40 75 -0.6914248092841978
40 41 0.776401776968391
1195 1160 0.9532848004080292
1195 1196 -0.49491629423568667
6 41 -1.309705739137046
6 1196 0.6750091035921879
6 7 -1.4185885900458632
41 76 -1.6106459461525418
41 42 -0.5355651902357003
1196 1161 1.8695522392301733
1196 1197 -0.34774262515485105
7 42 1.0624455100879733
7 1197 -0.35560710941311596
7 8 0.5743644548950274
42 77 1.111990263690799
42 43 0.4580371402282602
1197 1162 -0.19204027654329936
1197 1198 0.6232103479416439
8 43 0.7141296678750277
8 1198 0.3533109129992207
8 9 -0.44075348955156
43 78 -1.0072766500288126
43 44 0.19655148003069323
1198 1163 -1.091619772220118
1198 1199 -0.7769897393371045
9 44 1.2043552451270043
9 1199 -0.4010072066047909
9 10 0.9007724931977922
44 79 0.32992319056145236
44 45 1.1056260815414636
1199 1164 -1.8771579354483894
1199 1200 0.04638135685671556
10 45 -0.43514286222113296
10 1200 0.3201936805606815
10 11 2.949439514353948
45 80 0.2693283746628585
45 46 1.1097915404713397
1200 1165 1.491065645407739
1200 1201 -0.451719402297007
11 46 1.0662038057327938
11 1201 -0.4692354204582558
11 12 1.2878850677932112
46 81 -1.2708011979867995
46 47 1.8546232420038329
1201 1166 -0.5554125993861989
1201 1202 1.354684854318415
12 47 0.1678648952516566
12 1202 0.2927488134104646
12 13 0.6908333384948195
47 82 -0.4447366985411258
47 48 -0.6568822581232093
1202 1167 1.2510952731693394
1202 1203 0.012172401345017913
13 48 0.3882942287351876
13 1203 1.114353835290211
13 14 -0.6044836832294964
48 83 0.2594564804611642
48 49 0.33026405704202727
1203 1168 -0.15786376482024242
1203 1204 -1.9106483150737295
14 49 1.310753902952296
14 1204 1.1869407350183139
14 15 -1.2340675535266945
49 84 -0.16318464221465165
49 50 0.1469297885960388
1204 1169 0.332303664343204
1204 1205 1.274540817843633
15 50 -0.6789883359663359
15 1205 -2.226204533427305
15 16 -0.12681691770991174
50 85 -1.0874494974752862
50 51 -1.9442660805643486
1205 1170 0.4135419332750044
1205 1206 0.5638776908273305
16 51 -3.0038157968861747
16 1206 0.01901610590703388
16 17 0.7491954487771553
51 86 -0.8920413673918457
51 52 0.5006121252838976
1206 1171 1.606223390786665
1206 1207 -0.5658303878382934
17 52 1.5595564753112223
17 1207 0.8893198082190987
17 18 -0.839401121013569
52 87 -0.5266528881382931
52 53 -0.024706022617394886
1207 1172 -0.05527619364888201
1207 1208 -0.2707694315966613
18 53 -0.4485482577036963
18 1208 -1.7435749318185128
18 19 0.49170288850145805
53 88 0.17990673069990704
53 54 -0.545688791797052
1208 1173 0.19002308396884682
1208 1209 -0.01043104780227521
19 54 -0.7634493357050273
19 1209 0.8530079321867563
19 20 -0.41143232769993565
54 89 0.004650585581989853
54 55 1.0430791781043511
1209 1174 -0.10096809531264234
1209 1210 -0.38837452658513744
20 55 2.2013732458403976
20 1210 1.6097570575879208
20 21 1.3454490571193687
55 90 -0.2597570171464691
55 56 -0.10006323709465145
1210 1175 -0.7810898844777343
1210 1211 0.29758197616383514
21 56 -0.38497949331373216
21 1211 -0.34141786352615083
21 22 0.5062832475602798
56 91 -0.4668646946714206
56 57 0.8649170040332227
1211 1176 -1.3739977276437698
1211 1212 1.2769301259843546
22 57 0.19594928368489226
22 1212 -0.8142877849322335
22 23 -0.6613776326383033
57 92 1.5885810177326616
57 58 -1.0525702920407516
1212 1177 1.9360848774174697
1212 1213 -0.5139335551576999
23 58 -0.2555067398305538
23 1213 -0.09275192891369535
23 24 0.3210977487265079
58 93 0.5711695719128335
58 59 -0.5254683563151945
1213 1178 -1.0441053358941368
1213 1214 -0.33159363366314304
24 59 0.8608203640502768
24 1214 -0.26103986586453376
24 25 1.139916530703578
59 94 0.03491350213800267
59 60 -0.04704741210035133
1214 1179 -1.897271827493284
1214 1215 -0.26984605860300087
25 60 1.2957667505503105
25 1215 -1.1025568732662259
25 26 -0.955589867523486
60 95 0.15314196846197176
60 61 -0.3113078482369905
1215 1180 0.04905137616923461
1215 1216 0.7871732384409573
26 61 -0.14417631435305928
26 1216 0.5581991175176779
26 27 -0.751923921943505
61 96 0.7909994088708133
61 62 -0.3984042381085233
1216 1181 -0.7145667024766204
1216 1217 0.6864637966783331
27 62 -0.779292572540491
27 1217 1.4775496956020435
27 28 -0.4081442676726793
62 97 -1.3384451444812486
62 63 -1.6647472122568963
1217 1182 -1.9887633229186579
1217 1218 -0.637109644429353
28 63 -0.09629848446368362
28 1218 0.1653323546103632
28 29 -1.3299634537829468
63 98 -0.1854562423169384
63 64 -0.6878606595440794
1218 1183 -1.8651221268821203
1218 1219 0.5584845692528807
29 64 0.07789952900899196
29 1219 0.2700006457396517
29 30 0.9744942227145957
64 99 -0.10940906367167012
64 65 -1.1946339585197097
1219 1184 0.008935917398199085
1219 1220 -0.551647123095426
30 65 1.484228013521122
30 1220 1.0144385935464235
30 31 -0.39850694940370546
65 100 -0.265776616353098
65 66 0.3033496804938116
1220 1185 1.1184927404331548
1220 1221 1.0439302869800673
31 66 -1.484316520953736
31 1221 2.0994763126641423
31 32 -0.037670986342177415
66 101 2.2085100347190045
66 67 -0.2885442678773524
1221 1186 -0.49992368538543186
1221 1222 2.6691937994072856
32 67 -1.6761224811770308
32 1222 1.7811549033811167
32 33 -0.8815008592726683
67 102 0.21116029693062582
67 68 -0.47725238636066114
1222 1187 -1.4334183026333212
1222 1223 -0.21005935633162073
33 68 0.19489624991973403
33 1223 0.09394392703098486
33 34 -0.1892022383349575
68 103 2.4031286954527022
68 69 1.5699804536208692
1223 1188 0.17001179974185868
1223 1224 -1.4620700137196616
34 69 -0.8001398345242344
34 1224 1.7294038015869049
69 104 0.38610900312161883
69 70 0.4342320273144835
1224 1189 0.7468072496504989
1224 1225 0.025453355729887404
70 105 -1.5087199786766152
1225 1190 0.562724620998319
71 106 0.8887569112355765
71 72 -1.1054777092524606
71 105 0.3832069490137573
72 107 1.296344587891587
72 73 -0.9516596265350769
73 108 -0.17618923065709308
73 74 -0.1627691662781744
74 109 0.8851819838176592
74 75 -1.9509978283551896
75 110 -0.40300210000896464
75 76 1.1690770105606416
76 111 0.7877706926607201
76 77 -0.04992903572768742
77 112 0.045336742786403594
77 78 0.054907417648733046
78 113 -2.346543000484624
78 79 -0.9243694004167387
79 114 -0.8875809931328409
79 80 -0.5139222918527792
80 115 -1.8197971323548319
80 81 -0.4170568061300304
81 116 0.1438205196635886
81 82 -0.6813791007532392
82 117 -0.7709755118307628
82 83 1.7549531110538774
83 118 0.36254032572184003
83 84 0.2189426731565132
84 119 -0.6448530569803974
84 85 0.11639592738515057
85 120 -0.653310421124424
85 86 0.5383820535556786
86 121 -2.0322894762078154
86 87 -0.41229691520454625
87 122 1.2720514850259204
87 88 0.9114243351855384
88 123 -0.6665506966434567
88 89 -1.251113038265759
89 124 0.7845022835934377
89 90 -1.2820649423960475
90 125 -1.307850681483985
90 91 1.1566106509915797
91 126 -0.2894610936292494
91 92 -0.34007821842752173
92 127 -0.8670076757507091
92 93 0.8903020696266991
93 128 0.8518292363968164
93 94 1.341646794876534
94 129 -1.1904435296774798
94 95 1.1949073768929463
95 130 -0.7803856838285452
95 96 -0.3711679343163677
96 131 -1.2347699150218696
96 97 -1.1729236810972141
97 132 -0.028529987800910792
97 98 -1.250774655890141
98 133 0.35123126081609357
98 99 0.47432122952033123
99 134 0.08207987505520876
99 100 -0.5910415495987368
100 135 0.26126358426169677
100 101 2.065054213325819
101 136 -0.5698189543954794
101 102 -0.2608459163875522
102 137 -1.0262783265957922
102 103 1.158687882303988
103 138 -0.760807431589062
103 104 -1.2675466310220633
104 139 0.15776602752139046
104 105 0.22415744305409838
105 140 0.3610212966988536
106 141 1.0938076600253837
106 107 -1.8351728756540546
106 140 -0.11384974783517968
107 142 -0.1188295559754466
107 108 -0.6476247446472312
108 143 0.4308466370477613
108 109 0.662028935652831
109 144 1.7899932423581217
109 110 -0.7114912512885665
110 145 1.0224463173676772
110 111 3.049032048690199
111 146 -0.0016293855227634947
111 112 1.111308627582053
112 147 0.8328723889031895
112 113 0.4476913256475053
113 148 0.14039758775967917
113 114 1.3853549593998975
114 149 1.021733660181612
114 115 1.4380939305701472
115 150 0.17990023863298138
115 116 0.8448585860355776
116 151 -0.6482986130215419
116 117 -0.10786562360364785
117 152 -0.5977785348813464
117 118 1.3813673515740283
118 153 -0.9858280419809526
118 119 -1.1689203474643113
119 154 -0.7808460427049593
119 120 -0.37747951635779253
120 155 0.9270809797819284
120 121 0.2613726452551689
121 156 0.9363035042076058
121 122 2.451840349638865
122 157 2.0956286882383512
122 123 0.531520846337236
123 158 -0.4662167257646869
123 124 0.9803585729829598
124 159 1.9330440155400865
124 125 -0.32153676941681225
125 160 -0.2683090618524508
125 126 -2.31262664980735
126 161 0.7517501503818694
126 127 -1.3620994884653495
127 162 0.9042603385824226
127 128 0.7134334558580011
128 163 -0.258910464961801
128 129 -0.5903106971578265
129 164 -0.27049756643894546
129 130 -0.4596846583417783
130 165 1.3900306694764233
130 131 2.382139972772754
131 166 -0.03927009483323127
131 132 0.7669154801076388
132 167 -0.3712839045224796
132 133 -0.3542386988243671
133 168 1.287013399373196
133 134 -0.16307138376058572
134 169 1.3395850252022807
134 135 1.0907162074471166
135 170 0.183264311322415
135 136 0.16343935030376536
136 171 0.7169294572570245
136 137 -0.5206426390771225
137 172 -0.6174140152433533
137 138 1.1174810474056844
138 173 1.1656581535487087
138 139 -1.590443537146745
139 174 -0.9812173245439809
139 140 -0.8505829398053651
140 175 -0.6386876341752371
141 176 1.1094100657200816
141 142 0.12658534761616588
141 175 1.0276809831867648
142 177 -0.19900486359364467
142 143 1.7299120459961643
143 178 0.2518439047415334
143 144 -0.9326362595015655
144 179 1.4619652059586326
144 145 -0.2655242532149836
145 180 1.048787022503116
145 146 -1.7316633005754332
146 181 0.16024841590883465
146 147 1.2003580876104187
147 182 -1.7888394977500546
147 148 -0.947153560643999
148 183 0.12406163511807726
148 149 0.6893953504137984
149 184 0.8044204283733953
149 150 0.8859670356391277
150 185 -0.3522194798035856
150 151 -0.26857987798948624
151 186 -1.0941229773421464
151 152 0.2780936796457432
152 187 1.0720805630538404
152 153 0.3708141953848735
153 188 0.009853034500552247
153 154 0.9495727960345166
154 189 0.2058416107294313
154 155 0.07623469674291518
155 190 1.1910151154133717
155 156 -0.31710641018212976
156 191 0.18797383366257628
156 157 0.1878176057984129
157 192 -0.8252617523714165
157 158 -0.9633805267873452
158 193 -1.224728728821003
158 159 0.6719626747642008
159 194 0.2574911843829205
159 160 0.26325473100830904
160 195 -2.061707193327257
160 161 0.8239909438506097
161 196 2.061945039686595
161 162 -1.049278078716564
162 197 0.7216389895378068
162 163 -0.09651416126855127
163 198 0.5649582712569522
163 164 0.2176608733865966
164 199 -0.7945145248624407
164 165 -1.0047558489267492
165 200 -0.8881043570472125
165 166 -1.6795113729754416
166 201 0.25437031899212115
166 167 -0.7766116980931503
167 202 0.3695181885561684
167 168 0.38631612315420877
168 203 1.3165102935611388
168 169 0.5656094612224215
169 204 0.17232741257807208
169 170 0.052087074367335694
170 205 0.39177920933638816
170 171 -0.22664279223724146
171 206 2.652903373522002
171 172 -1.1496476022217155
172 207 0.32169036417547037
172 173 -0.5897589731458227
173 208 1.1667048678700909
173 174 -0.7127664123619538
174 209 -0.9000830216045222
174 175 0.4484299768533959
175 210 -1.393513523113849
176 211 -0.13460383522352298
176 177 0.2661061044493546
176 210 1.2843375642575505
177 212 -0.8979511735424306
177 178 0.9865752322853572
178 213 -1.9075788629526167
178 179 -0.25026756212282397
179 214 -1.0838329797144532
179 180 -1.6426182290212106
180 215 0.46951193651070594
180 181 1.8233650760641191
181 216 -0.27674810256411425
181 182 0.405329460016755
182 217 1.416850155048524
182 183 2.0995214236148905
183 218 -0.2747520595749358
183 184 1.301640407259343
184 219 -0.8169588507710875
184 185 0.7100024880917296
185 220 0.09412013575273309
185 186 -1.35603772736257
186 221 1.1424315696547287
186 187 0.1739708987883466
187 222 -0.09639032800816612
187 188 -2.2655342873769793
188 223 -0.44586010460853076
188 189 -0.9738266892297153
189 224 0.16662355233946838
189 190 0.6159416449838045
190 225 0.00613027693538814
190 191 1.485506901793001
191 226 0.5716962176901539
191 192 0.6343324969056353
192 227 -1.1777895672925758
192 193 -1.426816228606405
193 228 -1.4584067558088676
193 194 0.21396760118901284
194 229 -0.16755460946582207
194 195 1.8932785687056295
195 230 -0.439091506367306
195 196 -0.33875314086887426
196 231 -0.7793495660431292
196 197 -0.5574919389971693
197 232 -0.7223499906641441
197 198 2.0315464180736917
198 233 1.1670363135427813
198 199 -0.9059449128245339
199 234 -0.22828564471409285
199 200 1.8524615985875073
200 235 0.4266705322988475
200 201 -1.6730865720800143
201 236 -1.4315581476444628
201 202 -0.5111488522591465
202 237 0.5443108450425181
202 203 0.8279814013129587
203 238 0.7732054807830063
203 204 -0.08632071147437295
204 239 0.4329706764527362
204 205 0.1850742252918875
205 240 1.770679911656202
205 206 -0.3883337754351051
206 241 0.30086827770628366
206 207 -1.1966988166865
207 242 0.7047365418650253
207 208 -0.6990781299394213
208 243 1.29351796009976
208 209 1.1643135083271723
209 244 -1.7541914545872517
209 210 0.605889747806598
210 245 -0.4289866199942099
211 246 -0.7011412407209461
211 212 1.411724814643754
211 245 -0.019077596662902947
212 247 -1.0078818573580488
212 213 -0.3495687109927517
213 248 0.5887553581612268
213 214 0.5010609806815657
214 249 0.25161013812685
214 215 0.16194411040118184
215 250 0.021389294799693707
215 216 -0.1944214621252653
216 251 1.3120605302111434
216 217 -1.3641130321517072
217 252 -0.5320509623076737
217 218 0.37200585755853943
218 253 -0.22227903113973357
218 219 -0.49437240448012354
219 254 -1.1300430227791274
219 220 1.2429159889214003
220 255 0.029896444493528594
220 221 0.16140023557203698
221 256 -0.525552075456885
221 222 -0.910304138622924
222 257 3.277015948753839
222 223 -1.8088633220670935
223 258 -1.6278371269263177
223 224 -0.09306199610880983
224 259 0.0986299255999209
224 225 0.26170461370975506
225 260 0.3665376049595321
225 226 -1.0672637679219181
226 261 3.063084368047556
226 227 -0.14684946284740394
227 262 -0.36659875477270426
227 228 -1.0022436441744127
228 263 -0.8841672585122122
228 229 1.6635105783996906
229 264 -0.5218826496284367
229 230 -0.6062718161966776
230 265 -1.0088555036200963
230 231 0.7361416081972546
231 266 1.0362273420795038
231 232 1.0175926184998576
232 267 0.6186173207465356
232 233 -0.7749172196876077
233 268 0.7102703531844166
233 234 -0.25989199589398365
234 269 -0.31936408505300495
234 235 1.330267716881457
235 270 -0.5895122784460906
235 236 -1.6983987223376007
236 271 1.185038998834323
236 237 0.790288845777491
237 272 -0.25496492867710885
237 238 -1.2932754328405265
238 273 -1.5582277096339257
238 239 -1.7183986340498398
239 274 0.6397207472971765
239 240 -1.0938026254662134
240 275 -0.3681999902625527
240 241 -0.41412235973548006
241 276 -0.052617051648866334
241 242 -1.218837393891898
242 277 0.34498109205792393
242 243 2.2412735845856027
243 278 0.3609037582228493
243 244 -0.7937600768858115
244 279 -0.45589409348912824
244 245 0.9277311081739774
245 280 0.804962431708103
246 281 -0.3819281645585078
246 247 -0.8868642073180234
246 280 0.42462460156986154
247 282 1.3169855993423922
247 248 0.7696333958081626
248 283 0.517476883962574
248 249 1.095604942863663
249 284 -0.9886001540320354
249 250 1.4610784545214397
250 285 -0.2673036032701652
250 251 0.5599689598811791
251 286 -0.7959994697059158
251 252 0.9579323463301614
252 287 0.3740210241201023
252 253 -1.1897695489202715
253 288 -1.717907089513948
253 254 -0.7695189228232241
254 289 0.036698326798228625
254 255 -0.19008659577920273
255 290 1.0755146539741016
255 256 1.1518094032028463
256 291 0.47254318125967437
256 257 -0.09242910221928946
257 292 -1.7151644773223718
257 258 0.7030359102408505
258 293 -1.0356168296146628
258 259 0.4670303414301833
259 294 -0.3152485006395251
259 260 0.7934173515565389
260 295 -0.642645830460896
260 261 0.12118258065737417
261 296 3.2103308584510035
261 262 -0.12410446891062288
262 297 0.7609498921436247
262 263 1.6169686869589326
263 298 -1.2772987183256408
263 264 1.2383431416649362
264 299 0.7473846840327054
264 265 1.8278576719616493
265 300 0.9939572818662425
265 266 -0.4709908305822027
266 301 -0.12844314415965385
266 267 0.3841820932083518
267 302 -0.34595911257174294
267 268 1.4678071428491637
268 303 1.5600295865195692
268 269 0.10441232066837727
269 304 1.8010805052541128
269 270 1.9233750721814833
270 305 2.204900541266452
270 271 0.45947475582492103
271 306 -0.6907445637670595
271 272 0.07192499873586838
272 307 -0.8358790470530344
272 273 2.0980970725674006
273 308 -0.49025907922163303
273 274 0.11203261399366615
274 309 0.8183862362849689
274 275 1.3207832745148878
275 310 0.18051556953906298
275 276 0.4232784177014304
276 311 -1.129826480899937
276 277 0.15814800310392158
277 312 0.8935329434103465
277 278 0.41495872015049695
278 313 0.22150354140644649
278 279 -0.0268757109948925
279 314 -1.5440032688291914
279 280 -0.7159793835376633
280 315 -0.8811276523142397
281 316 -0.6798302735435969
281 282 1.581779525792139
281 315 -0.7235178858477433
282 317 -0.07259787123986773
282 283 -0.18122883701193043
283 318 1.3836021544203392
283 284 1.2313295741880423
284 319 -0.17887643140432752
284 285 0.44615359222648815
285 320 -0.5978367073932326
285 286 -1.0469205332588574
286 321 -0.12797013725789277
286 287 1.789246567473641
287 322 0.9051829545067827
287 288 1.1263720449497736
288 323 -0.5271909680488481
288 289 -0.37761534722302514
289 324 -1.384224812230113
289 290 -2.0697842441401004
290 325 1.0873542506158993
290 291 0.8154078180727923
291 326 0.546540591522116
291 292 0.6207487953278319
292 327 -0.6579148696515477
292 293 -1.1482181978626365
293 328 0.30708651706932255
293 294 -0.664686215766138
294 329 -0.1355562392709712
294 295 -0.07220152058370863
295 330 1.3051742136976923
295 296 -1.7915637848417851
296 331 1.0135711753497105
296 297 0.13625546657300938
297 332 1.0955724492826378
297 298 1.7546487890529334
298 333 -2.0110467523998805
298 299 -0.0747972203719332
299 334 -0.1788534504577019
299 300 1.2255336756696436
300 335 0.70521611715899
300 301 0.6142557755589307
301 336 -1.1063727657471594
301 302 0.6768403303461119
302 337 -0.3689283944485224
302 303 -0.6382230449566261
303 338 0.7380983200991058
303 304 0.42846869663975007
304 339 2.042359829340933
304 305 0.03276481774353321
305 340 1.239468533337338
305 306 -0.6271127756432672
306 341 -0.40040188362905305
306 307 0.8311876602197013
307 342 0.19562275699037962
307 308 -1.310857903421235
308 343 -0.5355826879174509
308 309 -0.11075933565242187
309 344 -0.7671717071692595
309 310 0.8306330289480115
310 345 -0.7722525289338911
310 311 -0.16857687322342327
311 346 2.520802462844666
311 312 1.6981461520778407
312 347 3.2007805572360417
312 313 -0.2496966595458506
313 348 1.394541483894564
313 314 -2.140324911681849
314 349 -0.453228127153344
314 315 0.9838448581780035
315 350 0.1084606695351986
316 351 0.06798682215884946
316 317 1.2899183466184505
316 350 2.0134544539120185
317 352 1.9873131794527088
317 318 1.9201723780336901
318 353 -1.1841144825507124
318 319 -0.22700220041761754
319 354 0.4401619657614336
319 320 1.0743992534929503
320 355 -0.5811792284021314
320 321 -1.0440390112061486
321 356 0.24614331763940384
321 322 1.3376645879898383
322 357 0.990929181518172
322 323 0.07152495998659979
323 358 -0.877390006617532
323 324 0.28476199707074684
324 359 1.018542898308356
324 325 -0.3309499740178577
325 360 -0.5160873229452657
325 326 0.08463973662346042
326 361 1.4203118923600322
326 327 0.0846268321607765
327 362 1.3235311723887218
327 328 0.6782287591119314
328 363 -0.39165191088313367
328 329 -1.0509064213412898
329 364 -0.3625666620841889
329 330 0.14357641259678725
330 365 -0.42858362588821364
330 331 -1.0885597723091716
331 366 -0.24772617999497093
331 332 -0.9273418057362175
332 367 -0.135536811773026
332 333 -0.7950584062263956
333 368 -0.06462238905301024
333 334 0.45474032398068326
334 369 0.9288824536621173
334 335 -2.1079768909870777
335 370 -1.1258365817470217
335 336 1.1307616611629288
336 371 -1.1053295650452344
336 337 0.6367322367164331
337 372 0.017332116389238972
337 338 0.6434713661025392
338 373 -0.24132041848085473
338 339 0.07218451407499185
339 374 0.7214227173130795
339 340 0.9139126851410476
340 375 -1.101339035617362
340 341 0.3723051046041217
341 376 -0.4485043592628833
341 342 -1.5148564645643052
342 377 0.25745606670312404
342 343 -1.466364754641874
343 378 1.0164164436916068
343 344 0.06108437109141226
344 379 -0.06730755233245765
344 345 -2.516972044978885
345 380 0.3174681942369033
345 346 0.6985521811206852
346 381 0.4564695794961353
346 347 0.6502236103423975
347 382 -1.293431137106061
347 348 -0.21143926476186578
348 383 -2.15681283421762
348 349 -0.9639490590906745
349 384 0.045537889643542766
349 350 0.7315422808718822
350 385 1.56325256886042
351 386 0.7589282872202598
351 352 0.3295958547557366
351 385 -0.4534929640996737
352 387 0.27615446525987875
352 353 0.4579547501328639
353 388 -0.9547037801304966
353 354 0.5014656248643486
354 389 -0.7583843037082496
354 355 1.7965312233544228
355 390 1.015340094643675
355 356 -0.7486790708637394
356 391 0.8466234483328648
356 357 0.953823240199885
357 392 -0.6031525693910859
357 358 0.9115081524781333
358 393 0.36321310401858325
358 359 2.2114533155918656
359 394 -0.06259295233375718
359 360 0.9112545538554729
360 395 -0.47804608378167984
360 361 -1.0049169058272767
361 396 -0.506505474615797
361 362 -0.3414879442080001
362 397 -0.08823909009088597
362 363 1.6334610307676019
363 398 -0.2204877214520321
363 364 -0.0507284430747452
364 399 0.1633435586253702
364 365 0.02467675197273323
365 400 -1.3710691810037607
365 366 0.0668925170003822
366 401 -1.7086261564028264
366 367 0.1125157516058709
367 402 -0.6311468830855654
367 368 0.7467384776517514
368 403 1.374993968915639
368 369 0.5154240089741189
369 404 1.6171312858358187
369 370 0.4472275541309499
370 405 0.9245412029446369
370 371 0.5097950669181196
371 406 -1.0247184346169016
371 372 -0.018504121756465763
372 407 -0.19244121485117247
372 373 0.5746091584600121
373 408 0.5237596331657808
373 374 -0.4953506625025665
374 409 -0.21530396206298244
374 375 0.47749519384290795
375 410 -1.3155599303093164
375 376 0.5708045993698022
376 411 -0.8700100385580913
376 377 -1.0357553725150082
377 412 1.0903034482168399
377 378 1.0703583051591004
378 413 0.13952250250747306
378 379 -0.019349958635300854
379 414 1.0689170613239534
379 380 0.22819351665211357
380 415 -0.11422830293186259
380 381 0.7780837944700736
381 416 -0.15805345067501853
381 382 -0.004840517581465202
382 417 0.9362197466947786
382 383 1.9764479114485416
383 418 -0.012220459916605645
383 384 1.761114501730695
384 419 -2.3941041530183464
384 385 -1.4977011843794763
385 420 0.3895155231970617
386 421 -0.3515355711603441
386 387 0.8838556452830136
386 420 0.8620313593545594
387 422 -0.6387352978491253
387 388 0.42271647484301006
388 423 -0.3447271995523167
388 389 -1.2124999739789788
389 424 -0.8606033781158128
389 390 0.02277008677687708
390 425 1.5162767019910135
390 391 -0.3090504042811189
391 426 1.2725936546825227
391 392 0.20134066765914338
392 427 -0.03143025250635587
392 393 0.7445822212499968
393 428 -1.5078521041717337
393 394 -0.6125696569313538
394 429 -0.48338470444861
394 395 -1.5559802932514435
395 430 0.5765886718738358
395 396 -0.10417120497702602
396 431 -0.4470984382072923
396 397 0.6221398968856348
397 432 -2.2802732411261117
397 398 -1.1879561056550865
398 433 0.5388585064257428
398 399 -2.6745665380065526
399 434 -0.5784974467783338
399 400 -0.6047408543260973
400 435 2.2038591897391466
400 401 -1.6255361678954112
401 436 1.9247650607220972
401 402 -0.8861850376351826
402 437 -1.7786909760612535
402 403 -0.31901010987788236
403 438 -0.1918616581060878
403 404 -0.17297101270129306
404 439 0.3336572528839522
404 405 0.1616435182369218
405 440 1.0099328992604266
405 406 1.8751435342838183
406 441 1.1495668092108955
406 407 -0.33938725676814974
407 442 0.9583532180696664
407 408 0.39819659258721585
408 443 1.753266132218842
408 409 -1.423357721999156
409 444 -0.27730718885686056
409 410 0.8412895210816199
410 445 -0.20406753554054968
410 411 -1.2308636844032823
411 446 -0.3692573265865716
411 412 0.6063739200457846
412 447 -0.5575106687752275
412 413 0.16824717785207177
413 448 2.636799412070251
413 414 0.34045500669870926
414 449 -1.4878025987521664
414 415 -0.1569614752025283
415 450 1.1878958091262923
415 416 -0.39197632895334084
416 451 1.205469574558966
416 417 -0.868187638758892
417 452 0.5740145449281023
417 418 -0.07358025158854084
418 453 -1.9906616676839812
418 419 -1.366765408788754
419 454 1.6948799258476888
419 420 1.6958039605341184
420 455 1.5389572592390592
421 456 1.0495788330455103
421 422 -1.0752890825783898
421 455 0.1134213159255012
422 457 1.716993235360274
422 423 -0.44019337961683325
423 458 1.1147220039741794
423 424 0.06306137798374664
424 459 -0.9888485318939514
424 425 -0.8762747621235353
425 460 1.2646705998709535
425 426 -0.6481350569584027
426 461 0.20616471159548783
426 427 0.7041825704899973
427 462 -0.9014143087803599
427 428 1.0020187575557897
428 463 -0.6228944452935294
428 429 1.3207584566954944
429 464 -0.7060235785658928
429 430 -0.316289639715797
430 465 -1.4333421840068086
430 431 -0.7265150428401935
431 466 1.9326048754016787
431 432 0.9971167180366359
432 467 -1.5581304825329008
432 433 0.4139491806133707
433 468 0.6643382907644959
433 434 1.1818441868324119
434 469 -0.5781734687955796
434 435 0.8728276386556685
435 470 0.7972814387732725
435 436 1.0087519852265228
436 471 -0.5014432158609865
436 437 -1.0157947248796626
437 472 2.2366583630150334
437 438 0.5534499743459511
438 473 0.7516746349156093
438 439 -2.796778958317541
439 474 0.15034980783369326
439 440 0.9227334452237002
440 475 -0.4730089820294731
440 441 0.01505989927718747
441 476 -0.7262063678047143
441 442 2.001101409038277
442 477 -0.35401162759471766
442 443 1.4068058079255248
443 478 -0.19278100931350386
443 444 -0.6753933873174573
444 479 -0.13515044908346058
444 445 1.1886654683629987
445 480 0.5434339608754394
445 446 -0.20949085141673865
446 481 1.0039633111477053
446 447 1.2484368767146181
447 482 1.8735094268225356
447 448 2.27036893694337
448 483 1.6551717130898886
448 449 0.8774823519490516
449 484 0.16454066541995713
449 450 -0.1163699238586831
450 485 -1.1986019461044828
450 451 -1.2057262187344358
451 486 -1.0530423012213954
451 452 -0.023559345454956603
452 487 1.724550555544509
452 453 -0.4375928658483717
453 488 0.6993548148185333
453 454 -0.437239611610935
454 489 2.447219806763974
454 455 -0.5898914332138048
455 490 0.42153853090197985
456 491 -0.14371640704532399
456 457 0.16669321638849566
456 490 0.040403252404119225
457 492 -1.0635384708373645
457 458 0.7107936533076201
458 493 0.026745921257064625
458 459 -0.3568161551033358
459 494 -0.6852550172323245
459 460 0.38819332731554373
460 495 -1.8577634844964916
460 461 -0.2924701007199612
461 496 0.6176209266049167
461 462 -1.3427364236856951
462 497 0.37045679965360967
462 463 -1.0133270574528939
463 498 0.6056201580622753
463 464 -1.1601980235064924
464 499 0.26802633242794077
464 465 -0.3456714916034522
465 500 0.6091265015097775
465 466 -0.613358456572358
466 501 -1.2139474227604523
466 467 -0.26856899269907636
467 502 -1.0435077759789004
467 468 -1.35892464628599
468 503 -0.4317141408308432
468 469 -1.197464613366074
469 504 -1.3547085484427186
469 470 0.2018160061181657
470 505 0.7114747323464297
470 471 -0.0026399782610899833
471 506 -0.6321853619274286
471 472 -1.4363145786328984
472 507 2.237423731883879
472 473 1.9017295887588366
473 508 -1.0247090698194672
473 474 -1.2792967332263119
474 509 -2.740964285940217
474 475 0.8243510249884729
475 510 -1.7361446706704313
475 476 -1.280995618118808
476 511 -0.8510501276553365
476 477 -0.7905513733149026
477 512 0.1430383770946761
477 478 -0.5187697291684232
478 513 -0.4054067568822686
478 479 -0.1646244479180757
479 514 -0.8811817082941351
479 480 -1.361319606022652
480 515 -0.20646171058331475
480 481 -0.8936123048569258
481 516 -1.6691761024321077
481 482 1.2303656191092482
482 517 0.3682104528330615
482 483 -0.13525885707679708
483 518 0.8515366709197424
483 484 -0.8770422933327949
484 519 -0.6393057303834114
484 485 -0.6509487348993029
485 520 0.6143515378037916
485 486 -0.4797770143007692
486 521 -0.5422247040424619
486 487 -0.3643222183328621
487 522 0.3247594369830479
487 488 -1.7760774153722922
488 523 1.1801843829279046
488 489 -0.07482245987198714
489 524 -1.0693468902280316
489 490 0.7337121393791749
490 525 0.8116876653463522
491 526 0.3671121971178134
491 492 0.311905083829082
491 525 1.5938366147896226
492 527 0.3750111691860823
492 493 -1.8424117302780754
493 528 -1.9035708985680722
493 494 2.0424576157109655
494 529 0.18414004394106748
494 495 -1.0957049854681398
495 530 -0.8591613974001886
495 496 -1.201245843425997
496 531 -0.8066862492631072
496 497 -0.541392361417657
497 532 -1.6250340959608953
497 498 -1.5746866680625118
498 533 1.3072512356769745
498 499 0.16012675917925012
499 534 0.02125616608745383
499 500 0.04106651225285091
500 535 -0.21712443082752855
500 501 2.0188968235389053
501 536 -0.02087821554243502
501 502 0.2971797185844675
502 537 -0.25213191823321673
502 503 -0.9596008175813187
503 538 -0.7785455704101037
503 504 0.15504599414508008
504 539 -0.36393749807181547
504 505 -2.827346283028296
505 540 0.8273207069027219
505 506 -1.8870421589034827
506 541 -0.3357723468445961
506 507 1.417343936883727
507 542 -0.11469965481741871
507 508 -1.587109608518302
508 543 0.7784126899729369
508 509 0.7783243371610786
509 544 -0.9413478784554995
509 510 1.2692949166987069
510 545 0.5896303767617188
510 511 0.2683351916259902
511 546 1.1495384757323264
511 512 1.1744085872117702
512 547 -1.013417975086093
512 513 0.025681032605496153
513 548 -0.11189578932392004
513 514 1.7827458485127081
514 549 -2.915218308402643
514 515 -1.2791771611837404
515 550 1.0512914931066502
515 516 -0.8588053922976547
516 551 -0.15481675522311295
516 517 1.4821086433378226
517 552 -0.009565090812573134
517 518 -1.4558873855716419
518 553 -2.2735410877282898
518 519 -0.33393616696090817
519 554 -0.2352334558223546
519 520 -0.002500120969890012
520 555 -1.1058547515754256
520 521 1.0754308897972034
521 556 0.4107344546485913
521 522 -1.9544524570874626
522 557 0.353343603066623
522 523 -0.10482987303366857
523 558 0.30693902303682224
523 524 -0.12498773182251131
524 559 0.17392493694706554
524 525 -0.6454884373935508
525 560 0.2769176336122969
526 561 0.04377162044703959
526 527 0.5484915218307918
526 560 0.7318291851975244
527 562 0.19978095606761476
527 528 0.36369911665478527
528 563 -0.7309716492082488
528 529 -0.5224020715284472
529 564 0.3031696082221566
529 530 0.27564792597937376
530 565 -0.7428409473847062
530 531 -0.8533670172635859
531 566 0.6818500306196861
531 532 0.4813786538871783
532 567 -0.007411667322627867
532 533 -0.9901698509390082
533 568 2.5650156539154123
533 534 -1.217666307182545
534 569 -1.3133673195642819
534 535 -0.5843887204250472
535 570 0.6815578838669335
535 536 0.8144549667580794
536 571 0.9144777168940574
536 537 -0.8662873084705268
537 572 -0.03961294302230968
537 538 0.14592862028625833
538 573 -1.4585914252591965
538 539 -0.6570859619700306
539 574 0.9719530861249086
539 540 0.45664332256089796
540 575 1.624882568855989
540 541 1.3055060032174037
541 576 -0.5219425895778247
541 542 0.3827274299724306
542 577 1.1694881841287919
542 543 0.6486828519842275
543 578 -0.2949807646343418
543 544 -0.29804871436747193
544 579 -0.7035162540039377
544 545 -0.08703389620734633
545 580 2.435213455720083
545 546 2.07995811876031
546 581 0.3648934265414324
546 547 -0.22034374672653986
547 582 -0.6404949167879759
547 548 0.04911120927778863
548 583 -0.18687408736791739
548 549 0.19446897291069704
549 584 1.9627335878669452
549 550 -0.5953432033584218
550 585 -0.8646952000776246
550 551 0.008012439037421637
551 586 0.32974158197911274
551 552 0.34699767593259645
552 587 0.18777416023630186
552 553 -0.40911637259424194
553 588 0.08225246193380366
553 554 1.20183212142753
554 589 -0.19582223589192185
554 555 0.3279634937299973
555 590 -0.0459887687512145
555 556 -0.7550941728083791
556 591 0.02599690112735564
556 557 -0.3317392417057111
557 592 0.3335838144217629
557 558 -0.9350269926265881
558 593 -1.5401224462369125
558 559 -0.41595599776363473
559 594 0.7145188805368682
559 560 -0.5452951756142419
560 595 1.8213262320841561
561 596 -0.7491890125263801
561 562 -0.7846317353937329
561 595 -2.056368256959214
562 597 -0.41959606919304276
562 563 -0.32677171056813326
563 598 0.4585893306477676
563 564 0.07665878161560101
564 599 0.3882386939359481
564 565 -0.569187229907792
565 600 0.8405448262305051
565 566 -0.3111282191437346
566 601 -0.4599093586404874
566 567 1.4647226896272605
567 602 0.49614398639871954
567 568 0.7189345888720243
568 603 -0.15912865954351063
568 569 0.21748971780800877
569 604 0.11437725457015821
569 570 -0.14857528364766684
570 605 0.8948806116625699
570 571 -1.2109592617164668
571 606 -0.1396410510447033
571 572 0.47500013001535507
572 607 -0.7490893747096884
572 573 -0.8267867247327924
573 608 0.3361951073025599
573 574 -0.3754889606956565
574 609 0.4343765329565209
574 575 0.04911406465475588
575 610 -0.3587832804420445
575 576 2.1176086631079154
576 611 -0.4825265532732932
576 577 -0.26471206561595334
577 612 2.1608153939697843
577 578 0.3807764460059104
578 613 -0.9757958814910215
578 579 1.082509739006431
579 614 1.4431594047969394
579 580 -0.8976874387844482
580 615 0.06266806454379574
580 581 0.05306020319971588
581 616 -1.5058932782284746
581 582 0.21050056567527772
582 617 0.9803692193841126
582 583 0.21228687832991242
583 618 -0.9654277992699801
583 584 0.5324828881265703
584 619 -1.0621558494184982
584 585 0.14884831754418196
585 620 0.542778317449815
585 586 1.8370989983291808
586 621 -0.6994303006244452
586 587 0.07084154069009482
587 622 -1.1127738524241408
587 588 0.6640102126151194
588 623 0.26841732268623847
588 589 -0.6942590340886625
589 624 -0.290425675390933
589 590 -0.5321880938359598
590 625 0.22127936752276003
590 591 0.1502782531330892
591 626 -0.7615440604659977
591 592 0.3027217394514483
592 627 1.182122529380114
592 593 -0.4601804893981471
593 628 -0.9497152822813386
593 594 -0.5503681229180156
594 629 -0.7034399441614715
594 595 -0.6869214423386565
595 630 2.2782247723444913
596 631 -0.35022501784464327
596 597 -0.06969143089877244
596 630 -0.863032145759488
597 632 1.2912383248649155
597 598 1.1811341789321972
598 633 0.0589584053346563
598 599 -0.40152657701278416
599 634 -0.24656986890689347
599 600 -0.4622471711611318
600 635 0.26393324552866454
600 601 0.8881033933312948
601 636 -0.3910918462366685
601 602 0.17046227972772743
602 637 -0.49247062346194614
602 603 1.6593070647707753
603 638 -1.738707522481468
603 604 1.1373129729515863
604 639 0.6489729138304203
604 605 1.198197238470737
605 640 0.06541529265497902
605 606 1.087303881404058
606 641 -0.6478485198866255
606 607 -0.7299603134571293
607 642 -0.20629422325337196
607 608 -1.8154450319386037
608 643 0.3586816052890172
608 609 0.36865849970587045
609 644 -0.27864597442059746
609 610 -0.3119278454900003
610 645 0.0925515526088495
610 611 1.6616413376776265
611 646 0.5968060805118578
611 612 0.1271790955519171
612 647 -1.6452649957448666
612 613 -0.4601265049076703
613 648 -2.0477849941655193
613 614 0.13868118096202803
614 649 0.17519499727085047
614 615 0.27669993836022394
615 650 1.803194903946207
615 616 -0.4582901155757414
616 651 0.32092929974616435
616 617 -1.255945041121967
617 652 -1.540814432699256
617 618 -0.30893447841992094
618 653 0.659837746721293
618 619 -0.44312484755861176
619 654 2.539063882635745
619 620 -0.42941563388487586
620 655 -0.9579517045226023
620 621 -0.41473732559966014
621 656 -0.4953984617523573
621 622 1.1676704025364866
622 657 0.5348923725627215
622 623 -0.9051068842464013
623 658 0.9356809326605426
623 624 -0.23197405007267619
624 659 0.3206149655384081
624 625 0.13920544755277264
625 660 1.5424675445140783
625 626 2.310525890918895
626 661 0.8125977332899522
626 627 0.9810955411081268
627 662 -0.33938364433800294
627 628 -0.024990609521804884
628 663 0.41524548941300116
628 629 1.4082949932830884
629 664 -1.329363749424031
629 630 -0.8995898872179291
630 665 2.2505401192549295
631 666 0.628898942568821
631 632 -0.2503040993846885
631 665 -0.683751493773823
632 667 0.9518959347484806
632 633 -2.1417165030927925
633 668 1.2548677675084774
633 634 -0.574101154758399
634 669 0.5316431813641666
634 635 -0.376581228572217
635 670 -0.37172951208757216
635 636 -0.10834180038907801
636 671 -1.50768125024672
636 637 1.7710602620625469
637 672 0.8702589675395159
637 638 0.47261115423846894
638 673 0.30819497005141877
638 639 0.44179463378233913
639 674 0.17060032414127968
639 640 -0.2584945812194345
640 675 -0.3455779150211636
640 641 -1.0409466660114177
641 676 -1.0722202152961509
641 642 1.7760182121053827
642 677 0.8712820617303186
642 643 0.37838796159394616
643 678 0.6950014214602381
643 644 0.42601071297284926
644 679 1.4704592958452707
644 645 1.4387032709271765
645 680 1.0475435629197225
645 646 -0.6226582832489226
646 681 -1.0305856997054477
646 647 0.33579759697159645
647 682 0.23981821598226763
647 648 0.6540948740229102
648 683 -0.8599023107414477
648 649 -0.787203874909095
649 684 -2.71145264883068
649 650 0.8292759398108442
650 685 2.7375624377394847
650 651 0.5616829777900015
651 686 -0.6224787229016524
651 652 0.48018172714897045
652 687 0.13179367675043543
652 653 -1.593645195746637
653 688 -1.5977999304117174
653 654 0.6666895229548598
654 689 -1.7264383970865562
654 655 -0.5645024055172969
655 690 1.5097088277838537
655 656 -0.7245094640929178
656 691 -0.6508584195651373
656 657 0.4827858614323035
657 692 0.8770630046713325
657 658 -0.2906103872816242
658 693 0.9288584064437404
658 659 -0.5688279748269561
659 694 -0.9553831960907194
659 660 -1.0246557108941212
660 695 0.3686104393899078
660 661 0.7106745007949294
661 696 0.6083021888697981
661 662 -0.11218017988500202
662 697 -0.47729567503877957
662 663 -0.22981246340930697
663 698 1.2081057032876288
663 664 -0.2335274224345707
664 699 -0.17598860035096134
664 665 1.30090971579596
665 700 -0.1837994334600777
666 701 0.6428315910469949
666 667 -0.21159415377955165
666 700 -1.194608307389163
667 702 0.44787489521634966
667 668 -0.26295748975974786
668 703 0.22492325630014087
668 669 -0.43954369456345554
669 704 -0.24328332883563433
669 670 0.19914960762907707
670 705 -1.8022853908162224
670 671 -0.8124967079102253
671 706 0.5969063135673137
671 672 -0.7664032181417558
672 707 0.26525855544427435
672 673 0.4731604916464215
673 708 0.22854297346723074
673 674 -0.3045184816960748
674 709 -1.4533534041601606
674 675 0.6064359617444518
675 710 0.46226686183158977
675 676 0.6657345170086824
676 711 0.504198858592549
676 677 0.027782255986976576
677 712 -0.16766668562990156
677 678 0.6673399438912908
678 713 1.6989351519348
678 679 0.210711170463382
679 714 0.13460573248913169
679 680 -1.5236930168073008
680 715 -0.5855379314091327
680 681 2.232818921382946
681 716 -1.7126473053944549
681 682 -0.10151217498473432
682 717 -0.21031983284200875
682 683 -2.1870055804166615
683 718 0.46394866963535636
683 684 1.0328159061585531
684 719 -1.8416201234276954
684 685 -1.4534483972485206
685 720 0.07180566119084857
685 686 -0.0368068361003941
686 721 0.22027010854403486
686 687 -0.37928143894936595
687 722 -0.3285816442264167
687 688 -1.6109094678733522
688 723 -0.017205781366361715
688 689 0.1354018858877787
689 724 1.0406993844627845
689 690 -0.47102128633747536
690 725 0.4388909782517014
690 691 2.3532625594318204
691 726 0.10620334038854205
691 692 0.7141364223273853
692 727 0.12802228777230987
692 693 -0.3801721157485266
693 728 1.9357542350266495
693 694 0.9070186811892846
694 729 0.7837582525558605
694 695 0.25682607587111017
695 730 -0.3214074128558673
695 696 -1.7792191630856067
696 731 0.9483463947073728
696 697 0.6970751006510657
697 732 0.3409809714032843
697 698 0.6463019649268541
698 733 -1.2682960959516953
698 699 -0.6063589464132088
699 734 0.21533620198295841
699 700 -0.027913048155624082
700 735 -0.3252542612399167
701 736 0.42861203151134136
701 702 0.09109639040854493
701 735 0.3374874298936009
702 737 -0.9209029724604884
702 703 -2.5020814558829274
703 738 -0.051324435049942774
703 704 0.7109846549806196
704 739 2.0540002815330602
704 705 0.8068776524410441
705 740 2.478037135650877
705 706 -0.10290925927880598
706 741 0.1285666402327953
706 707 -0.3695015058905553
707 742 1.3979484722634226
707 708 -0.3770777577751992
708 743 0.9101188429409847
708 709 -0.03601911999692795
709 744 0.40004855733956246
709 710 2.709766277062083
710 745 -0.3911996882371352
710 711 2.0908318874901686
711 746 -1.4875956160321562
711 712 -0.6617607852731193
712 747 0.7764335520702359
712 713 -1.493660669670549
713 748 1.0298468125189637
713 714 -0.5261378034258481
714 749 -0.016102631577643908
714 715 0.23918708508067626
715 750 -1.038906627871585
715 716 -0.17059529004059168
716 751 0.4065957505554975
716 717 -0.2857189521271447
717 752 -0.06014195133307627
717 718 1.0285345012838045
718 753 -0.21660588767341218
718 719 -1.0433609257882188
719 754 -0.8911485266946381
719 720 0.18268314218230688
720 755 -0.6205031578119701
720 721 -1.1308156490760795
721 756 -1.2127459301018215
721 722 -0.6277218728894686
722 757 -0.23394868590207046
722 723 0.018762501802293947
723 758 -0.03193887136780764
723 724 -0.7631493862025351
724 759 0.7784324911833755
724 725 0.05202838206287129
725 760 -1.3170432211008865
725 726 0.12847308960518264
726 761 -1.4650390630018537
726 727 -0.6608448481491381
727 762 -0.5934730028405741
727 728 0.0067748012024153904
728 763 0.9487922883737759
728 729 1.1160651473761898
729 764 -0.6535328820007105
729 730 -0.6932702558011009
730 765 -0.33383058478428324
730 731 0.4267440602604973
731 766 0.8176753283991137
731 732 0.2649190203201085
732 767 -0.9067674735831475
732 733 -1.4407460904475742
733 768 -1.4265649261813096
733 734 -1.587374250125514
734 769 0.14770342564305047
734 735 0.47797050278699144
735 770 -0.7031287972210337
736 771 -0.5112370909609419
736 737 0.19078047205865206
736 770 -0.5203228283587825
737 772 0.9057620145437968
737 738 -0.1329204316396495
738 773 -1.4334607701796733
738 739 0.016037893216993074
739 774 0.47668635134027343
739 740 -0.19312370144967433
740 775 0.39724138905089984
740 741 -0.1042296557510191
741 776 -0.03395711231266157
741 742 -0.31314631901429
742 777 0.608338729669424
742 743 -0.09017943118132699
743 778 1.2967231738479186
743 744 -2.0020074229640747
744 779 -1.292863160553502
744 745 -0.19060640312080498
745 780 -0.4234712011926543
745 746 0.029105529381746983
746 781 0.05048023798326229
746 747 -1.0496280496036443
747 782 -0.8728327412599971
747 748 -2.3945252099250376
748 783 0.5818492965374873
748 749 2.084384366759381
749 784 -0.6179182662329753
749 750 0.6151714790565518
750 785 -0.5535440871527322
750 751 -0.4992564468122749
751 786 -0.6428032838793285
751 752 -1.3118346398765315
752 787 0.20984577800130955
752 753 0.015023492926876015
753 788 -1.0655236942917095
753 754 0.7918840950215867
754 789 -0.9590523093736496
754 755 0.7128616405689003
755 790 0.13673828403667548
755 756 1.1083855330653276
756 791 -1.0258513234650073
756 757 0.1686291596374675
757 792 -0.0988103595517636
757 758 1.6886624471328764
758 793 -1.0692814888477788
758 759 -0.6220962030747845
759 794 -0.30294882315504856
759 760 0.037949183800884044
760 795 -0.7907331736590802
760 761 0.6259320952531713
761 796 -2.2297684525760166
761 762 -2.2128899845509076
762 797 -0.48107660342998704
762 763 -0.3731337517133332
763 798 -0.3311431706742657
763 764 -1.1269907581550294
764 799 -1.8475546681528359
764 765 2.71184285681063
765 800 0.8694336295880035
765 766 2.1119076689756646
766 801 -0.4860947082280212
766 767 -0.8869123820574857
767 802 0.5801037997965992
767 768 -1.2576189536967188
768 803 -0.17546557171494234
768 769 -0.86935619614563
769 804 -1.149998480416505
769 770 0.5596559566248273
770 805 0.33648352585962366
771 806 0.5932103180502032
771 772 0.8306258895690816
771 805 -1.603247926537217
772 807 2.7703365496759806
772 773 -0.23224462583185554
773 808 0.4238461663941185
773 774 -1.371052060221024
774 809 -0.4255166232013356
774 775 -1.43747442379295
775 810 1.097599621436001
775 776 -0.15945742477720265
776 811 -1.422241032965329
776 777 0.197984155224303
777 812 0.7835554245317724
777 778 -0.8592811696844489
778 813 -0.20150301890688127
778 779 0.22639597470344772
779 814 -1.824938147101216
779 780 -0.40225737264372663
780 815 1.2475210617897614
780 781 -0.6877884534951513
781 816 0.3788772824490145
781 782 0.30223694529802037
782 817 1.086819220955714
782 783 -0.3907630038736545
783 818 -0.046718616108689194
783 784 0.07273970331392411
784 819 -0.8766988061824319
784 785 -0.855188607515688
785 820 2.181079615732641
785 786 -0.45810251333601965
786 821 -0.0729095705160863
786 787 0.8643508461602452
787 822 -0.03300869656589789
787 788 -0.24254799395290977
788 823 1.9186552227662113
788 789 -0.5134189417617727
789 824 -0.4447896657860447
789 790 -2.7224458894319805
790 825 0.8239791071218301
790 791 -0.7893763840554223
791 826 -1.2421375120807445
791 792 -0.4861986464423669
792 827 -0.5426401810102206
792 793 0.40225776863031965
793 828 -0.31957938925818613
793 794 2.247314775716692
794 829 -0.7991964128944844
794 795 0.9316577404879545
795 830 -1.2142485926324702
795 796 0.29764666275970253
796 831 -0.5703467249756049
796 797 0.40605364767143104
797 832 0.38646235727532174
797 798 0.9045713052853858
798 833 0.30044961781048773
798 799 1.0842942350024825
799 834 0.7649736489263691
799 800 -1.0519882840756687
800 835 -1.2783491026149485
800 801 -0.6797731517647113
801 836 0.740215208661537
801 802 -0.014999581556486919
802 837 -1.5257542704257192
802 803 0.16956148311726352
803 838 -0.7950583416473408
803 804 0.49624725935204667
804 839 0.3700551362773067
804 805 -0.442232087955841
805 840 1.4997762076460381
806 841 0.47572868068599
806 807 -0.7423189256938584
806 840 -0.11084794512203831
807 842 0.24004000781606286
807 808 -1.0694248493554295
808 843 -0.31916350739125876
808 809 -0.47655651751530065
809 844 0.5471850641399814
809 810 -0.9551145702733156
810 845 -0.3888649173924716
810 811 -0.004858783752002241
811 846 -0.2563331381099072
811 812 1.9211559030793446
812 847 0.34427978228849954
812 813 1.3702674790176887
813 848 -1.0570999458943882
813 814 -0.8822858058432527
814 849 -0.39285702358244895
814 815 1.1768298466928566
815 850 -0.06436096609578938
815 816 0.5548909505814366
816 851 -0.7280372810604233
816 817 0.4607961019988628
817 852 0.053084470657018025
817 818 0.885623202924748
818 853 0.3388581392832677
818 819 -1.5423091073618815
819 854 0.2966252816363897
819 820 0.6791555240540729
820 855 -0.8156698837590224
820 821 -0.6080402210365861
821 856 0.5562888072621256
821 822 -0.14551138069360303
822 857 1.1503312530419574
822 823 -0.3978787640419189
823 858 1.580439890464681
823 824 0.08386741135432754
824 859 0.6208616231115567
824 825 1.749399348993645
825 860 -0.08322863700058779
825 826 -0.6629249750379149
826 861 1.3634443732244856
826 827 0.9586279791402356
827 862 1.5916347722997504
827 828 -0.42580020915149996
828 863 -1.905071314579968
828 829 -1.374604329702536
829 864 -0.2815327422026025
829 830 1.3677137157570978
830 865 0.18833806537708503
830 831 -0.9900592089757189
831 866 -1.9706341944860402
831 832 -0.36187744687557905
832 867 0.7004595618350734
832 833 1.2540024514551635
833 868 0.24972815921170508
833 834 -0.03982072470009057
834 869 -1.0033886092455342
834 835 0.6366148380149352
835 870 0.002840304200586746
835 836 0.5417010341517385
836 871 0.7992187859031374
836 837 -2.604415477952727
837 872 -0.45533307244642657
837 838 0.5495535663516892
838 873 0.17549525856903075
838 839 0.24884908999334732
839 874 1.3615776421891492
839 840 -0.5715672264209991
840 875 -0.23642914021540443
841 876 0.9860673889441042
841 842 0.5499307501315073
841 875 -1.2233658915740149
842 877 -0.5950149693128498
842 843 0.2532162298322407
843 878 1.0544702148082314
843 844 -0.06323383200309465
844 879 -0.2644720470196759
844 845 -0.12351801605196389
845 880 -0.809349837149519
845 846 -0.5199353580844085
846 881 0.24569245068287704
846 847 -1.0926253132784047
847 882 -1.2049719771836407
847 848 0.18792996636193518
848 883 0.549997079051939
848 849 0.6524257071384675
849 884 0.09259986275497806
849 850 -1.2821283162346668
850 885 -0.7367600501684292
850 851 -1.5543913427229539
851 886 -0.792368317271477
851 852 -0.08520178515294896
852 887 -1.5531718348960213
852 853 -0.5799864756001376
853 888 1.4789730071355631
853 854 0.13925064077297225
854 889 -2.218461923940957
854 855 0.5017258856047665
855 890 -1.7741026133372324
855 856 -1.0069598617786184
856 891 0.011269105159949725
856 857 -0.7016908590246419
857 892 0.03556364361066795
857 858 -1.0285250957125909
858 893 0.5783052689871419
858 859 -2.34364679360668
859 894 -0.3189098021098781
859 860 0.7550465708172427
860 895 -0.6494505506877247
860 861 -0.7771088285790856
861 896 0.03174518477282376
861 862 -0.3093283227177142
862 897 0.8764532930002767
862 863 0.8067147106348554
863 898 -0.02181775336023198
863 864 -1.5583894939745584
864 899 1.8707068233461668
864 865 1.6309872810790476
865 900 0.41237341543706174
865 866 1.2705296296524722
866 901 0.23934685603694889
866 867 1.2167721537393648
867 902 -1.3734090821538685
867 868 -0.7800631690330931
868 903 0.5187886982907352
868 869 -0.338224586196083
869 904 1.8109207004507735
869 870 -2.969606570593321
870 905 -0.5882029426682029
870 871 1.0422505614400577
871 906 -0.28593779810566455
871 872 -1.5651583499337618
872 907 -0.24370455804112406
872 873 2.0738493187827918
873 908 0.14229179800159694
873 874 -0.49706188032471077
874 909 0.343954341712701
874 875 -0.7588565011899223
875 910 1.0108485419851436
876 911 -0.1644303396345271
876 877 0.9308535257508322
876 910 0.946605973639148
877 912 -0.7265416324823318
877 878 0.06973487346827786
878 913 -0.15738650918059974
878 879 -1.152229000220422
879 914 -1.517629946126182
879 880 2.499881099289788
880 915 0.04820921222098256
880 881 -1.193501309073748
881 916 0.5656836184463225
881 882 -1.5531878092436042
882 917 1.4908751126379667
882 883 0.7458862923621723
883 918 -0.4871410970512053
883 884 -0.22669563516553795
884 919 -0.23993879800466986
884 885 -1.1517908160312909
885 920 0.198882385666672
885 886 1.1382363123099928
886 921 -0.7779305513077337
886 887 -0.36625838217001916
887 922 -0.09596235191635924
887 888 -0.8953065263587969
888 923 -0.47071243075594166
888 889 0.8610902404012052
889 924 -0.3837885414530986
889 890 0.1791657694295134
890 925 -0.638917294017264
890 891 0.4013239652049989
891 926 0.8890769759805706
891 892 -2.1910978618117785
892 927 -0.038909776978494785
892 893 0.22128269669665476
893 928 0.32960144510768685
893 894 1.0770079585038923
894 929 0.21485031769085255
894 895 1.0959925047922716
895 930 -0.6080468897809891
895 896 0.39287897255414667
896 931 -2.0768012797904025
896 897 -0.11895057085931457
897 932 -0.7536924532451664
897 898 -1.09049664084084
898 933 1.011052383534776
898 899 -0.8376988685265697
899 934 2.3292310716241533
899 900 0.49588494284369156
900 935 0.41173449923140004
900 901 -0.5530922340920018
901 936 1.694158451721187
901 902 -1.6182463797251534
902 937 1.639403014149086
902 903 -1.2054445132172054
903 938 0.4412853933349078
903 904 0.766724269919262
904 939 -1.1652866637172659
904 905 -0.4660782189206307
905 940 -1.0693237785762495
905 906 0.8179419735286974
906 941 -0.6976319096013364
906 907 0.5188426521431129
907 942 0.15770818672886175
907 908 -0.8143027399745264
908 943 -0.27356060828848133
908 909 1.0693005180509472
909 944 0.547667546113665
909 910 2.5396800472861654
910 945 0.156253318828411
911 946 -0.08019119578696288
911 912 0.18561599978992968
911 945 0.28104864606774627
912 947 0.46469683412635715
912 913 0.10207103183400949
913 948 0.47237596131863624
913 914 -0.8850460131265776
914 949 0.3289343864942777
914 915 0.33654065625078344
915 950 -0.5663620717317003
915 916 1.1648075743435726
916 951 -0.5712668608331718
916 917 -0.8481920734285994
917 952 0.8070180988193185
917 918 -0.8877049150356104
918 953 0.804596081417544
918 919 0.05202771685403164
919 954 0.3404395885536103
919 920 -1.4424971938611166
920 955 1.3616379222560842
920 921 -0.8447217666007162
921 956 0.1910701131847619
921 922 -0.9212540721750117
922 957 0.8554681413931046
922 923 -0.9242278977347401
923 958 1.1143845008187763
923 924 -0.3665604912465481
924 959 -0.11228687399895748
924 925 0.030393192267454308
925 960 0.231439985376486
925 926 1.2973921721271617
926 961 1.3409297418249388
926 927 2.246862117057907
927 962 0.10657777058574362
927 928 0.49221409622201784
928 963 -1.1188089258245113
928 929 -0.3746318981116596
929 964 0.0496327690798143
929 930 1.2443673084770375
930 965 0.01395358242036534
930 931 0.16105966131470198
931 966 1.0984288131404636
931 932 0.839003237894001
932 967 -0.2001225355543107
932 933 0.6447131930090536
933 968 0.4270734516480503
933 934 0.6567412343864631
934 969 0.5512776378183528
934 935 -0.9445686227941368
935 970 -0.19360403329051196
935 936 -0.8187812969780698
936 971 1.7518194421874476
936 937 0.6462064471347623
937 972 0.044983803256875406
937 938 -0.8267621829837678
938 973 0.4406892137025316
938 939 -0.052884921349781074
939 974 1.0477129213785206
939 940 0.43627810468552336
940 975 2.053604316817859
940 941 -0.2674864437068908
941 976 0.9606942637728482
941 942 0.6054321887737594
942 977 -0.9159429710857151
942 943 -1.6338973281972202
943 978 -0.813240104845038
943 944 -0.6080481480042802
944 979 -1.3735191762155894
944 945 -0.8135442424703848
945 980 -0.0067376216759793515
946 981 1.0238321074628125
946 947 0.7159132449277145
946 980 -1.6075577015468416
947 982 -0.027426996807402175
947 948 1.6848539051462326
948 983 -1.205725756137046
948 949 0.08967049744521119
949 984 0.7769960789984992
949 950 0.9293239766053905
950 985 -0.22480617567498754
950 951 1.1053593279814673
951 986 0.20412680087883844
951 952 -1.6362705618657916
952 987 1.1499154308654367
952 953 -1.7196558611261263
953 988 -0.06472673677795937
953 954 -0.9300973344019321
954 989 0.010168429161112805
954 955 2.0936971044298014
955 990 -0.37728354542074105
955 956 -1.1514411953848736
956 991 -0.2873387281821063
956 957 1.3771093493192714
957 992 -0.7075231843067864
957 958 0.16827428157015742
958 993 0.11280635746224427
958 959 0.8476904957213102
959 994 -0.26472065083377966
959 960 0.2606312138707123
960 995 1.764763536084794
960 961 1.7596485848839678
961 996 -0.17968532764805878
961 962 1.0810700264838229
962 997 1.316667504301493
962 963 -0.03430387339351258
963 998 0.7222862601920582
963 964 -0.3553453676776717
964 999 -0.7320378791859353
964 965 0.35804303444998614
965 1000 -0.4657915438674743
965 966 1.1532878686817465
966 1001 0.011048062807609083
966 967 0.011020606161616025
967 1002 0.32136691961254976
967 968 -0.016158830362211732
968 1003 0.5596964361693006
968 969 0.03401559580580543
969 1004 -0.1737991016962678
969 970 0.3146241083867788
970 1005 1.1099132453340599
970 971 -0.20828009805210854
971 1006 0.7315191009493954
971 972 -1.494258347018535
972 1007 1.368678840286996
972 973 -0.21172423871889526
973 1008 -0.3628784610589494
973 974 -0.6328487435390977
974 1009 0.21035873175022674
974 975 -0.5156096889577035
975 1010 0.1980203424959636
975 976 -0.7575516933830889
976 1011 -0.47785136128103717
976 977 0.3724573494498779
977 1012 0.6975005407705626
977 978 -1.5624120958734884
978 1013 0.08321204768629023
978 979 -0.007206656986649991
979 1014 0.4295608275401253
979 980 -0.07419200468540287
980 1015 0.47756538049984304
981 1016 -1.4670373924084537
981 982 -2.008126679348304
981 1015 1.098020067435225
982 1017 -0.3745995135363407
982 983 -1.1378334387129134
983 1018 1.8282948312494813
983 984 1.7253452458864738
984 1019 0.027238486945690955
984 985 -0.0868017871195686
985 1020 0.058192948645985496
985 986 0.29101006233590415
986 1021 1.1723122250875644
986 987 0.49561611562382774
987 1022 -2.1299279262228374
987 988 0.9830269854930329
988 1023 -0.8167714165196251
988 989 0.2071403255685517
989 1024 2.2908966276157456
989 990 -1.254177827039528
990 1025 0.45076410014818463
990 991 -0.15892419059654272
991 1026 -1.044774970545708
991 992 0.6537909025098648
992 1027 0.5750961361968555
992 993 0.482194717079865
993 1028 -0.5165828192360112
993 994 -0.8824715655102049
994 1029 -0.28447013732990434
994 995 1.903885668585462
995 1030 0.9345361245042721
995 996 0.05985027190391847
996 1031 0.3821766067554738
996 997 -0.20904883131609328
997 1032 2.3884803310499145
997 998 1.1922400021698574
998 1033 0.5464470559842457
998 999 -2.141952836915194
999 1034 -0.6930760916667762
999 1000 1.6004546778195776
1000 1035 -0.43782766032342757
1000 1001 0.7804607474867243
1001 1036 0.7595354225754972
1001 1002 0.05851148486663221
1002 1037 -1.2719930076258772
1002 1003 0.2643969956403562
1003 1038 0.22844606137945087
1003 1004 0.43007087939428923
1004 1039 1.4796395351252332
1004 1005 1.2263607008146888
1005 1040 -0.2615788207453019
1005 1006 1.4531778087339489
1006 1041 0.1448857883610002
1006 1007 -0.9587082510475414
1007 1042 -0.043047207340408074
1007 1008 -1.924715583004428
1008 1043 0.006872072780812007
1008 1009 0.6412837232651888
1009 1044 1.0709995173860676
1009 1010 -0.02155057478336939
1010 1045 1.585355810842674
1010 1011 1.0232480937527835
1011 1046 -0.3910287479200778
1011 1012 0.40352564259369467
1012 1047 0.15165743078191
1012 1013 0.21607967966652947
1013 1048 1.520374641210143
1013 1014 1.7548265203093645
1014 1049 -1.2607493999904082
1014 1015 0.496348764909039
1015 1050 -1.746637687653679
1016 1051 -0.9848600966510618
1016 1017 -1.7622904668687707
1016 1050 1.0986232172242694
1017 1052 -0.8185925801994675
1017 1018 -0.1313363321673829
1018 1053 0.06664293371982093
1018 1019 -0.8775394400555633
1019 1054 -0.7326443185495041
1019 1020 -0.2878809230273688
1020 1055 -1.227335384623396
1020 1021 2.2622783500939216
1021 1056 -0.041891561406902984
1021 1022 -0.20161428970712159
1022 1057 -0.5153079317082513
1022 1023 0.06655467033559148
1023 1058 -0.7296664607697175
1023 1024 -0.2197235629909449
1024 1059 -0.14706259083044584
1024 1025 1.303572832571287
1025 1060 0.3162185718154302
1025 1026 -0.02961210122374381
1026 1061 0.6678038726013836
1026 1027 -1.3571550165427793
1027 1062 0.17965550211604375
1027 1028 0.6405520348499627
1028 1063 -0.20584368535662778
1028 1029 -0.32263193178088134
1029 1064 -0.23691934534588413
1029 1030 0.3226705134186585
1030 1065 0.4889614008178963
1030 1031 -1.045606706168914
1031 1066 -1.4527187595105946
1031 1032 1.6610018704997296
1032 1067 3.240218134937073
1032 1033 0.6350756351740632
1033 1068 1.1646567202133058
1033 1034 -0.08946345398427936
1034 1069 0.12830064240714817
1034 1035 1.7339224361648897
1035 1070 -1.7923331792778163
1035 1036 -0.8246031446749498
1036 1071 0.1859301433527425
1036 1037 -1.0463436902418455
1037 1072 2.358110446351585
1037 1038 0.4193762665217713
1038 1073 -0.19714466835099637
1038 1039 0.5866001594862534
1039 1074 -1.1335079886640271
1039 1040 0.5019639068844033
1040 1075 1.6929297730937927
1040 1041 0.48652913913889384
1041 1076 1.0250105614360159
1041 1042 0.0726375629467506
1042 1077 -0.10712952321800841
1042 1043 -0.8147275709049542
1043 1078 -0.5735604593648106
1043 1044 -0.17583127565062906
1044 1079 0.24954306815394864
1044 1045 0.33112910653098626
1045 1080 1.26293083874794
1045 1046 0.21501799780857195
1046 1081 1.0011127060463745
1046 1047 1.7178018324458022
1047 1082 -0.28592044820503043
1047 1048 -1.232760873666835
1048 1083 0.14511832907742933
1048 1049 0.10578052727125033
1049 1084 -1.1186375502778911
1049 1050 2.041170077384747
1050 1085 -2.3483468705599635
1051 1086 -0.9753297429978964
1051 1052 -1.53632979588964
1051 1085 0.005482923655897801
1052 1087 -0.981510354779529
1052 1053 -1.0185352764092979
1053 1088 1.0279043530745273
1053 1054 -0.20249153227519934
1054 1089 2.2260696236664472
1054 1055 1.5404694902218603
1055 1090 1.8350621558616833
1055 1056 -0.3890760734911744
1056 1091 -1.6517915336628264
1056 1057 0.24764765919441287
1057 1092 -0.8046499658513298
1057 1058 1.7529121313522162
1058 1093 -0.7502892508385299
1058 1059 -0.4204890984577839
1059 1094 -0.1609713110769347
1059 1060 -1.9279598200853865
1060 1095 0.9926472546373811
1060 1061 -1.1113909573320415
1061 1096 -0.5014125957681673
1061 1062 -2.4086290418018157
1062 1097 -1.2862980216520612
1062 1063 0.3772445865218961
1063 1098 -0.3879650328575186
1063 1064 0.2503241021723056
1064 1099 -0.7218453296761516
1064 1065 -0.915935765559343
1065 1100 0.9280044386522458
1065 1066 -2.501958849138226
1066 1101 0.7989842114226304
1066 1067 2.200432241223454
1067 1102 -1.579464589924797
1067 1068 0.07523966356767953
1068 1103 -1.6575297007256091
1068 1069 -1.1272332819577033
1069 1104 -0.395669644083603
1069 1070 0.5631587130007407
1070 1105 3.28494255367854
1070 1071 -0.008342906964747909
1071 1106 -0.31113737581005413
1071 1072 -0.6325467254832967
1072 1107 -0.5918755983415602
1072 1073 -0.7576072265596427
1073 1108 1.6171040320977603
1073 1074 -1.5648622484313366
1074 1109 0.2954925760443023
1074 1075 0.21960785076742728
1075 1110 -1.0335778558274205
1075 1076 0.9707125616373213
1076 1111 0.5766736806022577
1076 1077 -2.0030331071573886
1077 1112 -0.4824921710312461
1077 1078 1.0751514195315326
1078 1113 -2.1726218224641474
1078 1079 -0.9400010061559271
1079 1114 -0.04824951915822012
1079 1080 -1.9870880118867391
1080 1115 -0.23908872382329743
1080 1081 -0.47209765323778197
1081 1116 -0.010197997026166304
1081 1082 -0.23971634874356565
1082 1117 -0.8886127327598515
1082 1083 0.9690558515229114
1083 1118 0.11674173832784986
1083 1084 0.6221771157974515
1084 1119 -0.04852926540376553
1084 1085 -0.719491560536877
1085 1120 -0.3021450194791129
1086 1121 -0.22275728997492827
1086 1087 0.4124097352501444
1086 1120 -0.916272180997549
1087 1122 -0.7080749527630902
1087 1088 -0.573439762911701
1088 1123 0.44492026619382835
1088 1089 1.5109657195691821
1089 1124 1.541167011366709
1089 1090 -0.6404696076485511
1090 1125 -0.9894352733994289
1090 1091 -0.5394702732469169
1091 1126 -1.8626539286576078
1091 1092 0.1841682577401875
1092 1127 0.5229983720458969
1092 1093 -1.4231916333588372
1093 1128 -3.2848922625915615
1093 1094 0.09077412153224232
1094 1129 0.8188000152751235
1094 1095 -1.0913831793792919
1095 1130 0.27330494434865604
1095 1096 -0.3295835661957684
1096 1131 -0.7544000642908245
1096 1097 -0.10402584199239381
1097 1132 -1.6960008322000641
1097 1098 -0.8150656189099738
1098 1133 -0.8255447223885807
1098 1099 -0.11681519704921307
1099 1134 1.4827669004229673
1099 1100 0.43317932038946233
1100 1135 0.5386669187568265
1100 1101 -0.14955525160743458
1101 1136 -1.4137304355622746
1101 1102 1.4738153997849226
1102 1137 -0.18145466572887017
1102 1103 -0.3306483575096674
1103 1138 0.8673629564892898
1103 1104 0.2632284310762654
1104 1139 -1.1199133468567477
1104 1105 0.4889087530143014
1105 1140 0.42694675556682044
1105 1106 -1.1082865890926419
1106 1141 0.6602958157118132
1106 1107 -0.2958138909011783
1107 1142 -1.1461709932842548
1107 1108 0.9031132354457737
1108 1143 -0.9240372193059682
1108 1109 0.6423028168396019
1109 1144 2.5086977287093184
1109 1110 0.7479646231859172
1110 1145 -0.03465057903649897
1110 1111 -0.4994249419457792
1111 1146 -0.40684788191075694
1111 1112 0.4545236561778151
1112 1147 -0.7728205900008315
1112 1113 -0.47627423396344365
1113 1148 -0.31827872364098875
1113 1114 -0.7196865277535275
1114 1149 1.1496090557875782
1114 1115 0.6010372337664427
1115 1150 -0.3922037986989246
1115 1116 -0.2267118523407658
1116 1151 0.12752861045914515
1116 1117 2.3464156136446825
1117 1152 0.004752826747132867
1117 1118 -0.3230371967838763
1118 1153 0.5190786659503188
1118 1119 -0.44721052322368476
1119 1154 -0.7380782717557668
1119 1120 0.3241100916497435
1120 1155 -0.10225994069195864
1121 1156 1.0257865756191789
1121 1122 -0.8095231620650041
1121 1155 -0.5377087189054756
1122 1157 2.047094746081702
1122 1123 -1.1943276164758272
1123 1158 0.2061366460161992
1123 1124 0.2042651145620492
1124 1159 1.2050415313534397
1124 1125 -0.2097341821646231
1125 1160 2.1739892541940224
1125 1126 0.6409829476974446
1126 1161 -1.413626029723784
1126 1127 0.490217535683951
1127 1162 -0.6389277790792047
1127 1128 -0.44688549010474515
1128 1163 -0.978094636406877
1128 1129 -1.5877986702556783
1129 1164 -0.6405140928786609
1129 1130 -0.6941094435678519
1130 1165 -0.0402477951474844
1130 1131 -0.514671412851657
1131 1166 1.0310241956395243
1131 1132 -0.20466341897769733
1132 1167 1.3903481232639725
1132 1133 -0.09879037343209246
1133 1168 0.8554537671225241
1133 1134 0.6490577069209882
1134 1169 -0.04510392246408289
1134 1135 -1.3819040779316456
1135 1170 -0.0689153607094737
1135 1136 -0.794816290260038
1136 1171 0.9305054635145805
1136 1137 -1.3280037598483703
1137 1172 -0.2625262256790554
1137 1138 -0.07567028714591843
1138 1173 -0.3085900875790962
1138 1139 0.09303095769074135
1139 1174 -1.8497777851073585
1139 1140 0.2722575209138678
1140 1175 -0.32557917757595756
1140 1141 -0.2629114877262096
1141 1176 -1.1374999037842466
1141 1142 -0.27812007764692753
1142 1177 -0.11252613288070182
1142 1143 0.3265043245083802
1143 1178 0.08179552622550441
1143 1144 1.044390280802418
1144 1179 0.1618634221085092
1144 1145 0.1255991510876295
1145 1180 0.8309147004813673
1145 1146 1.2722402673509328
1146 1181 0.41582215768770975
1146 1147 -0.27925428991121104
1147 1182 0.4307001588144809
1147 1148 -1.462051407447888
1148 1183 0.6552347410647235
1148 1149 0.9604638443954537
1149 1184 -0.005680498284790972
1149 1150 0.06983369584318631
1150 1185 1.3277789855889066
1150 1151 -1.1499107702424978
1151 1186 -2.040317618382479
1151 1152 -0.005314672899694832
1152 1187 -1.0316992467500357
1152 1153 0.7250755947479723
1153 1188 1.1194240931091344
1153 1154 0.4354773761325875
1154 1189 0.33334319176885785
1154 1155 -1.0544326864727913
1155 1190 0.14561101623623937
1156 1157 -0.5025162757147054
1156 1190 0.7622062147535842
1157 1158 2.0714251098482532
1158 1159 1.2388080158050778
1159 1160 -1.887218873924567
1160 1161 -1.0133809039590493
1161 1162 -0.6421923817723657
1162 1163 0.7922640829526516
1163 1164 -0.2780428078978451
1164 1165 -0.9066208476422281
1165 1166 1.0884669927577306
1166 1167 -2.3293492825417217
1167 1168 -1.6174984998221908
1168 1169 -0.2177639550119349
1169 1170 -0.34772756409312056
1170 1171 1.4473313336607518
1171 1172 0.4126088216215124
1172 1173 -1.0533232829537724
1173 1174 -0.888206418320446
1174 1175 -1.673419944865625
1175 1176 0.8649190794171875
1176 1177 -2.238120093253673
1177 1178 0.5259177518278216
1178 1179 -1.0100751670020878
1179 1180 0.1694127650380225
1180 1181 0.20590734027463714
1181 1182 -0.3389993886310464
1182 1183 0.07799191330331402
1183 1184 -1.0038998326207254
1184 1185 -0.10664469337826107
1185 1186 -0.9689574213503597
1186 1187 1.4031270622436403
1187 1188 -0.3639138534155059
1188 1189 0.7673330417025543
1189 1190 -1.5252690405158715
