1225 2450
1 36 1.5254866790663844
1 1191 -0.2335516513089096
1 2 0.3221705868642861
1 35 0.15883047706878425
36 71 -1.1354703963123358
36 37 -0.49476712347435936
36 70 -0.6944760335188828
1191 1156 -0.9473881146473754
1191 1192 0.4914801610668527
1191 1225 -0.016946514718053016
2 37 0.260527241931552
2 1192 0.5939983101449878
2 3 1.1198614113700114
35 34 0.17006974264118374
35 70 0.6636056286452738
35 1225 0.5417054905858647
37 72 -1.0328978183296211
37 38 -0.9095033571979119
1192 1157 -0.261087442034527
1192 1193 -0.36646146887571385
3 38 -1.233430541201439
3 1193 1.416116417916238
3 4 -1.2284347426677478
38 73 -0.061675661643266454
38 39 -0.10409989205972488
1193 1158 -1.3924913403715782
1193 1194 -0.5613396047509004
4 39 0.24016271124720112
4 1194 -0.3918394167304349
4 5 0.11741908818547749
39 74 0.3735808931547632
39 40 1.5155168333599485
1194 1159 1.8497393310050891
1194 1195 -1.7415329113476545
5 40 -0.8295055823093642
5 1195 0.8582239303225024
5 6 0.9985200083683449
40 75 1.901368715078906
40 41 -0.5161046403506723
1195 1160 -1.8733249875067157
1195 1196 -0.7579102943255145
6 41 -1.8123080287309743
6 1196 -1.119811563767765
6 7 1.6372523150613287
41 76 -0.017206746434491067
41 42 0.5195897080622415
1196 1161 1.004561875798793
1196 1197 1.156648406186997
7 42 -1.653231553497559
7 1197 1.3113744966707503
7 8 1.5078887218697676
42 77 -1.9200757425716883
42 43 -0.5509141663091119
1197 1162 0.38906537034085076
1197 1198 0.08228276971211747
8 43 -0.68381108520352
8 1198 0.3358999042661294
8 9 0.398654950006897
43 78 -0.9595143004502128
43 44 -1.2580271911170817
1198 1163 -1.3405795364481703
1198 1199 0.7278556662554658
9 44 1.1050547346875277
9 1199 -0.2880189694739536
9 10 -0.8362789389164311
44 79 -0.4027349115352798
44 45 -0.4634929463099571
1199 1164 0.5760433934228959
1199 1200 -2.668952103286581
10 45 -0.10233911146014439
10 1200 0.029691932285541824
10 11 2.1960389464434216
45 80 -0.7327483202124283
45 46 0.5956889661721894
1200 1165 2.143692569432889
1200 1201 1.2466446572874228
11 46 0.4238611556932701
11 1201 0.5657945349688323
11 12 -2.1910997704066832
46 81 1.2822251036646204
46 47 1.080617226760802
1201 1166 -0.36687053903329514
1201 1202 0.35051922449743844
12 47 0.4439412720447871
12 1202 -2.0145289346061084
12 13 -0.1936024468850885
47 82 -0.22280910764497222
47 48 -0.741805868098451
1202 1167 0.17317242289083054
1202 1203 -0.3393723265289142
13 48 0.47286975093494754
13 1203 1.4358815238737423
13 14 0.2818255812713826
48 83 1.0703101149490497
48 49 -0.6988944091501044
1203 1168 0.019245604924896267
1203 1204 -0.2282300057274107
14 49 0.4417064068569606
14 1204 1.32714914853967
14 15 0.07633491180318436
49 84 -0.272163986870425
49 50 0.6430907247115791
1204 1169 -0.30545661340396046
1204 1205 0.14041082270117866
15 50 -1.682809680547334
15 1205 -0.16071551481806712
15 16 -0.7497438064267449
50 85 -0.6063038728649626
50 51 0.794115139892438
1205 1170 -1.3179379436206353
1205 1206 2.6063092401902215
16 51 1.8314687791685933
16 1206 -0.9282499164813423
16 17 -0.4816048479351169
51 86 0.04304125791022241
51 52 -0.5350633221806338
1206 1171 -1.8352692521904748
1206 1207 -2.1359860676065345
17 52 1.1148022922347902
17 1207 0.71212512935284
17 18 0.42330295091372666
52 87 0.23597975395465123
52 53 0.17109916295153368
1207 1172 -1.1573904079768569
1207 1208 1.2545352260272746
18 53 -0.15196654259596828
18 1208 -0.4487633118240786
18 19 0.5877735161661635
53 88 -1.0446855498775631
53 54 -0.6816322957541231
1208 1173 1.4586165119162073
1208 1209 -0.8549464539833456
19 54 0.09584493470530829
19 1209 -1.2351817327158088
19 20 0.23417654418135997
54 89 -2.2722925338573483
54 55 -0.3325212897172897
1209 1174 0.38629310569400604
1209 1210 -0.1239060962629359
20 55 -0.754563709536743
20 1210 -0.5177839308627088
20 21 0.7824104159703081
55 90 -0.9077817360913668
55 56 -0.10566816508549916
1210 1175 0.3208058379028625
1210 1211 -1.4256502717880095
21 56 0.09969957010106562
21 1211 -0.42147458263486615
21 22 0.7068975897381918
56 91 -1.2820172155313863
56 57 -0.924750629257223
1211 1176 -0.11758942248043454
1211 1212 0.8011693128447244
22 57 1.6298337776051082
22 1212 0.9083890882361486
22 23 0.6157422809498825
57 92 1.3837457147503847
57 58 1.423900985566936
1212 1177 0.6378801833474352
1212 1213 1.0532782231892774
23 58 -1.0835886995579385
23 1213 -1.8081508399136124
23 24 -0.36530263951633024
58 93 -0.55954452640999
58 59 0.4963863812791592
1213 1178 0.9202042262451633
1213 1214 1.0147649193420665
24 59 -2.115915160929648
24 1214 1.5702688390688844
24 25 0.11911969688422137
59 94 0.6068695740843125
59 60 1.0846316981389694
1214 1179 0.50377432109747
1214 1215 -0.9658335415523758
25 60 -0.999220044476547
25 1215 1.393283019301623
25 26 0.06523492356779395
60 95 0.6653084818297571
60 61 1.0620347818158864
1215 1180 -0.3336216606398018
1215 1216 0.5995506001386369
26 61 0.629258498763847
26 1216 0.10316463353861828
26 27 0.2080463343200693
61 96 -1.0208651946646803
61 62 0.2074484470335613
1216 1181 -0.5768328179517621
1216 1217 1.1549353427300382
27 62 -0.6226863920329202
27 1217 -0.5165641094677561
27 28 -0.6654824523946752
62 97 0.09990080401120767
62 63 0.8043373369779508
1217 1182 -0.2863553872751976
1217 1218 0.0655674414380478
28 63 -0.010321845088740423
28 1218 -2.0441841080191203
28 29 0.7905471988422822
63 98 -0.26138870097631856
63 64 0.09871652813560565
1218 1183 -1.5924357527897386
1218 1219 -1.735946487860843
29 64 -0.8315191852167656
29 1219 1.792826738641939
29 30 -0.14238625015067932
64 99 -0.43668026682292055
64 65 1.3774627777510349
1219 1184 -0.764403679092077
1219 1220 -0.6239130365876124
30 65 -0.25477973879965077
30 1220 -0.2185400028298692
30 31 -0.7681716070720217
65 100 -1.8814130085266105
65 66 -0.1773787501726545
1220 1185 -0.3777098778967265
1220 1221 -0.4947967885315318
31 66 2.372543786110158
31 1221 -1.3032449642811064
31 32 0.18614722074054688
66 101 -0.7708534720527561
66 67 0.6634943502930309
1221 1186 -0.12287936671380603
1221 1222 0.6874063760584944
32 67 0.4045303012302736
32 1222 0.04863578536011998
32 33 0.335904175257846
67 102 -1.033777791081782
67 68 1.2524363072363587
1222 1187 -0.8876647940103856
1222 1223 -2.70513439662126
33 68 0.9358468907905634
33 1223 0.32896622502837475
33 34 0.045238681770431916
68 103 1.2321474423718386
68 69 -1.0084735793960173
1223 1188 -0.5397535530406526
1223 1224 -1.8088300380840678
34 69 -0.249807733518403
34 1224 -0.6922109220035767
69 104 -0.017832850676531443
69 70 -1.0360268383695448
1224 1189 0.2743692489940243
1224 1225 0.7727958391222908
70 105 0.6983103870619627
1225 1190 -0.6756182613898761
71 106 0.41954309906242726
71 72 0.11918062496680294
71 105 1.3320329624897516
72 107 -0.22632161641347698
72 73 -0.08059696252224414
73 108 -1.1970929073833692
73 74 0.4460145303551845
74 109 -0.5547137097006863
74 75 0.8539530453795932
75 110 -1.017073547612494
75 76 1.6647648438556903
76 111 -0.4505716610104769
76 77 -1.9984126236038429
77 112 1.2628109249143722
77 78 -1.1473259339366129
78 113 1.1084549880685062
78 79 -1.0444370095279805
79 114 -1.4602635467225336
79 80 -0.6111581112440793
80 115 1.275021789011226
80 81 2.3475811954219306
81 116 -0.3712264160209465
81 82 0.49791363421399476
82 117 -0.03130714122784831
82 83 0.5684433190540901
83 118 1.4894552634218774
83 84 0.8859266063087683
84 119 0.5755211830630829
84 85 1.1453495006623462
85 120 -0.7800375237559575
85 86 -0.3383700176523717
86 121 -0.45325783878564596
86 87 -0.8787036907870593
87 122 1.4724176625384973
87 88 -0.9749756107710795
88 123 0.16370273209783648
88 89 -0.05858513464445877
89 124 0.21287082201711438
89 90 -0.5001620104071423
90 125 -0.9577501579409389
90 91 -0.7438731083475666
91 126 0.8620631022299352
91 92 0.6374158372843464
92 127 0.2631685421548452
92 93 1.1144411150845073
93 128 -0.7047876330554321
93 94 1.319393836999946
94 129 0.18571539451188349
94 95 -1.2461320012579746
95 130 0.3736229523281112
95 96 0.5762747346933718
96 131 1.0453217324450932
96 97 0.127542652521276
97 132 -0.8236783044351892
97 98 -0.32308952755074466
98 133 0.007166032037651819
98 99 -1.725895883050375
99 134 -0.8453494926055484
99 100 0.48302399309912064
100 135 0.0038255367158473983
100 101 -1.0522415200397977
101 136 0.007349319232630634
101 102 -0.5878252208256085
102 137 -0.48521262532832454
102 103 0.24683608399218893
103 138 -1.9443297274252018
103 104 -0.5455048980758676
104 139 -0.11986666293740623
104 105 1.3025000146446042
105 140 0.5692457419930794
106 141 -0.11164559910281224
106 107 -2.421773934024379
106 140 -0.23314814953693752
107 142 -0.9017306338280399
107 108 -1.503184758485343
108 143 0.9927354378304005
108 109 -0.22623427545345398
109 144 0.41156938374545876
109 110 0.7232863562450684
110 145 2.010740912477414
110 111 0.5399179193237041
111 146 -0.4795777117965756
111 112 -1.3470988927414962
112 147 1.5629645282923839
112 113 0.029601017378540078
113 148 0.017737034766873147
113 114 0.9862691066010586
114 149 1.7663616669229305
114 115 -1.3141761187582712
115 150 -0.18114665584562156
115 116 0.968628158695955
116 151 0.5709288231227813
116 117 1.3855761747118909
117 152 -2.0280538076996852
117 118 -0.06712790299337422
118 153 0.5118600682506436
118 119 -0.21894309391113032
119 154 1.1900199478787425
119 120 0.936328198520236
120 155 -0.19460357943616566
120 121 -0.7968775803385949
121 156 -0.45267449053285924
121 122 -1.7703773864206533
122 157 -0.16061870860441582
122 123 0.2522181909271872
123 158 -0.1359780154479598
123 124 -1.049941415783861
124 159 -0.006203469241355899
124 125 1.0057881044583061
125 160 1.1588830108916899
125 126 0.38240902666962673
126 161 1.1389048528369656
126 127 -0.6761035687926361
127 162 -1.2462404851124236
127 128 0.1894368379992724
128 163 -0.971104128490807
128 129 0.6414970426365482
129 164 -0.24426248535134992
129 130 -0.29802841763386023
130 165 0.08056454695403631
130 131 -0.8663977206132882
131 166 -0.18934581458428382
131 132 0.2763882336468214
132 167 -0.5771213490350735
132 133 1.5184330373353292
133 168 2.02001961715753
133 134 0.09804127238689164
134 169 0.8712025273933129
134 135 -0.1084738503572875
135 170 -1.4847380277886213
135 136 0.6162740883827974
136 171 -2.10496664329526
136 137 -0.3961458601570765
137 172 -0.6518713103014486
137 138 -0.11458972736666168
138 173 -0.7319688595034028
138 139 0.010780846256804325
139 174 -0.33155690377818736
139 140 -0.059212220122134805
140 175 -1.577158106341263
141 176 0.13768160210256644
141 142 -1.2030680820879605
141 175 1.1146052699721467
142 177 -1.0314237154763903
142 143 0.5963902443417967
143 178 0.16380831075384425
143 144 0.8395278691298282
144 179 -1.0100816518239908
144 145 -1.6267029683849341
145 180 1.158215537741109
145 146 0.05165673610571007
146 181 -1.5508138718936226
146 147 0.6006327482986107
147 182 -1.667146404257126
147 148 -1.4105104519995777
148 183 -0.5156058965795781
148 149 1.8374362293512574
149 184 1.1588460791585886
149 150 0.49432733456153016
150 185 0.3856209017217146
150 151 1.4049418589726579
151 186 -0.5039884863798861
151 152 -0.604903404700832
152 187 0.6679882147578067
152 153 -0.08431295658629583
153 188 -1.5230636337048875
153 154 -1.031336028380669
154 189 -0.6978636972502807
154 155 0.3764624549689626
155 190 0.33146867418265086
155 156 1.165500708129121
156 191 -0.555337591345211
156 157 -1.7835205980252646
157 192 -0.0028692638027276746
157 158 -0.1003213528528726
158 193 -0.16866097401375194
158 159 -0.029436598977668114
159 194 -0.10624435813749185
159 160 0.5530279120265543
160 195 -0.6155208442547414
160 161 1.8242463684224266
161 196 0.07746214688910491
161 162 1.8223837819130346
162 197 -0.5448370261523031
162 163 -0.7755487501132573
163 198 0.15084717947985135
163 164 0.1792103319067388
164 199 -0.0759800860599617
164 165 -1.0427158663427951
165 200 -0.6834409442548571
165 166 0.8201044397775233
166 201 -1.3225426386800887
166 167 0.290572679233954
167 202 -2.0802541001457393
167 168 0.716241580492749
168 203 0.908032457368318
168 169 -1.2521852098914459
169 204 0.055603592507318056
169 170 0.1486823358539874
170 205 1.0317367529300885
170 171 -1.26324466974647
171 206 1.0339587507958004
171 172 1.475980994915462
172 207 -1.5898766736291248
172 173 0.3019754049128883
173 208 0.5732365224204754
173 174 -0.0730473406713836
174 209 0.5546094873471012
174 175 -0.9747902561597557
175 210 2.083923587662343
176 211 -0.619444251964704
176 177 0.34584780961932954
176 210 0.4783695384272892
177 212 0.8449542259357886
177 178 -1.0851017713135498
178 213 0.4139106358318663
178 179 0.7221541011829969
179 214 -0.10522570431911973
179 180 -0.11535431606037451
180 215 0.22246724455443728
180 181 -0.3966747272364222
181 216 -1.00172520080013
181 182 1.3459624858764314
182 217 -1.8238222413544458
182 183 -0.39850064799152174
183 218 -1.686596332231506
183 184 -0.8468773698450809
184 219 1.939527036472899
184 185 -0.06283870515256511
185 220 -0.41531892196174286
185 186 1.4085419339987617
186 221 -0.9264289141561303
186 187 -0.9645244148470742
187 222 0.2830863190826747
187 188 1.4326064816739497
188 223 -1.0116897118843406
188 189 -0.6760669489729816
189 224 -0.8306434444691032
189 190 0.0910625490514715
190 225 -0.3243866359095164
190 191 0.00223803660696006
191 226 -0.26963968377409586
191 192 0.6669079560449608
192 227 0.04653206551392412
192 193 0.16663884154753664
193 228 -1.6667368127853475
193 194 -0.7890377579680101
194 229 -1.0624896057670548
194 195 0.6766276919429446
195 230 0.13330936746905925
195 196 -1.3861860031920243
196 231 0.01858970363163098
196 197 0.08152473876488647
197 232 0.11379669474657482
197 198 -1.296624216958486
198 233 0.18166456090780114
198 199 -0.448748325693604
199 234 -0.5537192327565919
199 200 -0.2241560598207546
200 235 0.9770129807326738
200 201 2.4148311329780485
201 236 0.010861029435810665
201 202 -1.183383656787553
202 237 1.8590432689515826
202 203 -0.5677200408358636
203 238 -0.7391013498776895
203 204 1.0668479717788217
204 239 -0.481955033049349
204 205 -0.21156031265901787
205 240 0.5006089366601724
205 206 0.6179890628065544
206 241 -1.550033717890351
206 207 0.5110231668238681
207 242 0.6986808138711307
207 208 -0.9308661122564709
208 243 0.13973720857413294
208 209 0.19730332878849263
209 244 -0.27495034530641893
209 210 0.5453513447650257
210 245 0.02842274894015669
211 246 1.0086471356241797
211 212 0.4750920628511264
211 245 0.05738973437496507
212 247 -2.11276909611347
212 213 0.30098173993453936
213 248 1.3191805583385796
213 214 1.784071080593484
214 249 -1.4703751097877007
214 215 2.068445194741141
215 250 0.00012241723701874354
215 216 -1.8887312428541683
216 251 0.3191758690916228
216 217 0.04326972288776212
217 252 -1.7795595429974844
217 218 -0.21847820238129453
218 253 0.7741266189456767
218 219 -0.6328463165061747
219 254 -1.3316706995297711
219 220 -0.2829939309292009
220 255 -0.7330980209094999
220 221 0.8438747036884868
221 256 -0.080414720526304
221 222 1.2465289687025656
222 257 -0.7423178411880602
222 223 -1.0445586178257138
223 258 0.045355721015736504
223 224 0.8718787522700138
224 259 0.43555918883219713
224 225 -0.20933248761076254
225 260 0.5384306538082827
225 226 -0.9762002916666485
226 261 -1.6547777520695
226 227 2.9004636131138084
227 262 -1.2081736599561346
227 228 -0.20633306365039794
228 263 0.8466701665520917
228 229 -0.5657789541495354
229 264 -0.4030584862418531
229 230 0.9251366084652538
230 265 1.2233644125961818
230 231 -0.44537021441637176
231 266 -0.11131490841842356
231 232 1.0819817887795455
232 267 0.7771909492350676
232 233 0.841816658341228
233 268 -0.5020101978317096
233 234 -1.16649568080167
234 269 0.33805665540421626
234 235 -1.0706801948582592
235 270 -0.09564565385302715
235 236 1.3765128442114034
236 271 1.8634068246359463
236 237 -0.5162655614999231
237 272 0.9962626625445837
237 238 -1.2780809179291963
238 273 0.9476170221799175
238 239 0.13519581925231627
239 274 1.7720976413811746
239 240 -0.24938053078464642
240 275 -0.16550713300240352
240 241 1.0154641084619183
241 276 0.6996204904254794
241 242 0.17219852642576722
242 277 -0.4265149349177895
242 243 0.8805164490559416
243 278 0.26701272715898366
243 244 0.3762903461481289
244 279 -1.0351443744419844
244 245 -0.20002027549302273
245 280 0.1743817103103138
246 281 0.6500509966756786
246 247 1.062928902177919
246 280 0.2156232948443745
247 282 0.5605365115541897
247 248 -1.4236474005083104
248 283 0.2379652916699368
248 249 -1.472694119171868
249 284 0.08788180104321934
249 250 -0.8777449004947377
250 285 -0.4221045473989309
250 251 0.14654701652688487
251 286 -0.088411721790204
251 252 0.27709156300235693
252 287 -1.1700982927310886
252 253 -0.5958847620628409
253 288 -0.5817420273283941
253 254 -0.45156853113254036
254 289 -0.7082038702665882
254 255 0.1609148458014025
255 290 1.7191986342572434
255 256 -1.2077082780109347
256 291 0.1031659549434498
256 257 0.08366844373583153
257 292 -1.4943322057186808
257 258 -0.3368918143898579
258 293 0.7627488093562479
258 259 -1.1978179483777631
259 294 -0.5197865759136405
259 260 0.35365932080221846
260 295 0.4615817127972812
260 261 -0.4341161866327184
261 296 -0.07433118177798377
261 262 -0.1999136662610696
262 297 -0.6796363150824266
262 263 1.0042253372441998
263 298 0.10486976266885585
263 264 -0.9271516251693263
264 299 0.6973050160954132
264 265 0.1911997541596979
265 300 -1.2428398200574922
265 266 -0.8489662313331101
266 301 0.4551827362990332
266 267 0.1874887504467054
267 302 1.5041778927267189
267 268 -1.810011298014024
268 303 0.39684212185421586
268 269 -0.6503504612991685
269 304 1.0375313540005748
269 270 0.247619984298151
270 305 0.5231680591007019
270 271 2.1115138124035813
271 306 -0.990112023324766
271 272 -1.102124200114195
272 307 -1.9427905695351282
272 273 -1.6798375591222405
273 308 1.0294342189126482
273 274 -0.1296345883214906
274 309 -0.8065979888858059
274 275 -1.892821549612059
275 310 0.9350593648842276
275 276 -0.779109757294857
276 311 -0.9258313223780018
276 277 1.4332376306509438
277 312 1.258599762731903
277 278 0.11249189306429147
278 313 -0.6779874264298484
278 279 -2.319816878860568
279 314 0.17873900300379958
279 280 0.689996537386288
280 315 0.3461483154562721
281 316 0.663216623242828
281 282 0.4684648080536007
281 315 -0.9064307551903285
282 317 -0.33099540557038376
282 283 0.7492915499751168
283 318 -1.2861675464949538
283 284 -0.09885613746102885
284 319 -0.003309355666947736
284 285 0.8378927630398644
285 320 -1.1080382422252786
285 286 -0.07691502591531323
286 321 1.179649699144152
286 287 0.3683420270042278
287 322 1.2690127517756622
287 288 0.2847119123315511
288 323 0.05500227371984679
288 289 0.29931287825636144
289 324 0.7267646571286919
289 290 -1.0990908306890883
290 325 -1.3412054141261094
290 291 2.013030638486579
291 326 0.12858790924418337
291 292 -0.22614537623747907
292 327 0.1936896347588203
292 293 -0.004009415196153681
293 328 1.212535951095784
293 294 -1.5317934421808088
294 329 -0.4731453671489303
294 295 0.41900056604581654
295 330 0.20016039364967544
295 296 -0.17403242516660863
296 331 0.7946911831070428
296 297 -0.14243423732631072
297 332 1.4774901432559928
297 298 -1.6948021001294564
298 333 -1.2813378417194603
298 299 -0.7889743186809185
299 334 1.0815839618348393
299 300 0.13647164896889552
300 335 -0.8083913512739725
300 301 -0.17272602882617538
301 336 -0.7346252458674447
301 302 -0.7120705295240566
302 337 0.4712790762786527
302 303 -1.7844322361632516
303 338 -0.8110004995573394
303 304 -0.7543867510408349
304 339 1.916316568175024
304 305 0.20912842919120433
305 340 0.17885924045861962
305 306 0.4105302614437179
306 341 -0.45955812056905593
306 307 -0.4306140080877582
307 342 0.5850208447353965
307 308 -1.0839805016024366
308 343 1.0909714821809193
308 309 -0.3513117212467955
309 344 -2.6603386743148745
309 310 -0.0349091084983719
310 345 0.019760293320754747
310 311 -0.6792430175374791
311 346 -0.5030890041237883
311 312 1.6327144125514195
312 347 -0.46326130635114443
312 313 -0.5196599528424793
313 348 -0.3041530292160922
313 314 -0.3093588010800834
314 349 -0.20493892180714585
314 315 0.10562629090721701
315 350 -0.29936944923083886
316 351 -1.199384753336772
316 317 0.23510040121563372
316 350 -0.035979135229532645
317 352 -1.0771838612632276
317 318 -1.2451508177412975
318 353 -0.9361164328881443
318 319 1.502022539697679
319 354 0.26316297759951995
319 320 1.9193740433482245
320 355 0.5588840682402328
320 321 -1.1157902439578447
321 356 -0.91237931411486
321 322 -0.7412988869350171
322 357 1.1504894208502492
322 323 1.891625253857005
323 358 0.32648100672928143
323 324 -1.292548861699711
324 359 -0.051285266896937916
324 325 -0.98840244458192
325 360 -0.9090248164822639
325 326 -1.3021303566821354
326 361 -1.7291167486094303
326 327 -1.0685639021283564
327 362 -2.4795249933866206
327 328 -0.030828226694305093
328 363 -1.9165339198436084
328 329 -0.41492039981606116
329 364 -1.1965873971982268
329 330 -1.4152871587128215
330 365 0.3048705519604096
330 331 -1.6410745972473282
331 366 1.2061800729374195
331 332 1.1482920275920008
332 367 0.10974286782586415
332 333 -0.7532825231956626
333 368 2.4109525386545663
333 334 -1.0659295288304425
334 369 -0.8506650017247611
334 335 3.6706065916174543e-06
335 370 -0.4757976961107756
335 336 0.157370695102572
336 371 0.3950246529249818
336 337 -0.32326656478451193
337 372 0.80882642138598
337 338 0.6281587184010463
338 373 -2.724711285276556
338 339 0.18679594994494228
339 374 0.4606465655554052
339 340 -0.4932147792863595
340 375 -0.12764938376640442
340 341 -0.7866469720601375
341 376 2.0333899351020137
341 342 -0.8424049145700944
342 377 2.1509949078072514
342 343 0.867338321321739
343 378 -1.1373124066973288
343 344 -0.5173848577754353
344 379 1.8322252863609698
344 345 0.9398189691229023
345 380 0.3743918230336684
345 346 0.5855049166290037
346 381 -0.24346222462727163
346 347 -0.20046832168344358
347 382 -0.309731804922854
347 348 0.31184148034712733
348 383 -0.8235370234313728
348 349 -0.11378351523530188
349 384 -0.7789058287411851
349 350 -1.8998474152706457
350 385 1.4086241054678252
351 386 -0.46457463761852563
351 352 -0.4591847112153345
351 385 -0.31257469777569463
352 387 -0.3523408603538297
352 353 1.8505391652444256
353 388 1.7674038808495303
353 354 -1.561517494986352
354 389 -0.726560095613568
354 355 0.5291286577441188
355 390 -0.2720144708825555
355 356 -0.6614885299587123
356 391 -0.1845717525476295
356 357 0.7553562161770595
357 392 -1.1779674397605904
357 358 0.9291785374730842
358 393 -0.3640565158868383
358 359 0.5125017467071602
359 394 -1.0166411588034143
359 360 0.7879024802901127
360 395 0.2512847451474214
360 361 -0.12060490962823509
361 396 -1.1220444652505217
361 362 -1.063773737509781
362 397 0.32742187152205054
362 363 -0.2034665070011758
363 398 -0.18081665757840462
363 364 -0.011545196456567123
364 399 1.1294167172457732
364 365 0.3423774306139495
365 400 -0.5511548558730063
365 366 0.5431984549418621
366 401 1.0543932695123994
366 367 1.0420112866579756
367 402 -0.20086314843099035
367 368 -0.89536730231497
368 403 0.026379061486278207
368 369 -0.8579790598084943
369 404 -0.39187714711905375
369 370 -2.0186834073465065
370 405 0.3089384990748414
370 371 -1.4252991365990617
371 406 -0.6071220837450638
371 372 0.09720621865709704
372 407 -0.233785689330102
372 373 -0.842555342067126
373 408 1.5174112201429577
373 374 -0.4651758658179987
374 409 0.42587869805232176
374 375 -0.9905195319494579
375 410 1.489969699903579
375 376 -0.2815611310946097
376 411 -1.3773166007537714
376 377 1.228691797614512
377 412 -1.0235299107068536
377 378 1.215805271515771
378 413 0.32898559928226484
378 379 -0.8304470190400096
379 414 -1.9799455078984671
379 380 -0.22318265113720925
380 415 0.8964435609004071
380 381 1.001119568781891
381 416 0.37177332430723153
381 382 2.0210844108731423
382 417 -0.4516322129815719
382 383 2.163526559075188
383 418 0.4148551583022713
383 384 -0.5590866108716483
384 419 2.630825038593181
384 385 -0.34492328383688703
385 420 -0.10741381517381962
386 421 0.39273169971264993
386 387 0.8841183205403816
386 420 0.20568546125673406
387 422 -0.22328601778608426
387 388 -0.5678362368742178
388 423 -0.4322691902460035
388 389 0.9434316253821208
389 424 -0.4856298471786941
389 390 -0.19385402200200796
390 425 0.4559369017368894
390 391 -0.7302309062613291
391 426 -1.4784740457362555
391 392 0.5956476828914892
392 427 -0.03361070185619353
392 393 1.212364734090467
393 428 0.14985373486289724
393 394 0.24621835889348606
394 429 -0.22421595272421402
394 395 -1.229998146256331
395 430 1.9994530483139061
395 396 -0.10077046229899139
396 431 0.02227575895958495
396 397 0.08591462909035234
397 432 0.5296125259639998
397 398 -1.6806969973121952
398 433 -0.1835206944003805
398 399 1.797895549427509
399 434 -1.5690164750410136
399 400 -0.24240552107968663
400 435 1.0599534519449583
400 401 -0.04366832665185152
401 436 0.6645729477649852
401 402 -0.05778766768707125
402 437 -0.6739809719612723
402 403 -0.42092336038918393
403 438 0.29943735117451126
403 404 0.9661996761301604
404 439 2.2320608747576283
404 405 0.7378499307043247
405 440 0.6523848805317836
405 406 0.7659796142456298
406 441 0.8971642563774186
406 407 -0.8053572205036568
407 442 0.5718317220258509
407 408 1.36444373422415
408 443 1.6127499246340877
408 409 0.7419602680112439
409 444 1.3678807208646067
409 410 0.2874568256281963
410 445 1.2559563031481777
410 411 -1.1044063585572033
411 446 -0.9026290554132637
411 412 -0.13790849634188362
412 447 0.6533374647148131
412 413 0.5549351373221877
413 448 -0.05996035199386347
413 414 -1.0658366911380341
414 449 -0.9256659049793834
414 415 1.222343244412281
415 450 -1.275234483425887
415 416 -2.2144329639593208
416 451 0.48708963033074526
416 417 0.37285391375981863
417 452 1.0122092399108156
417 418 -0.5661743483584052
418 453 2.0561515196884885
418 419 1.7301503901771558
419 454 -0.4572301771894967
419 420 1.2746129542113374
420 455 -1.93891997196456
421 456 -0.377656918294138
421 422 -0.21728699784897573
421 455 -0.2044995318302992
422 457 -0.7134035189807203
422 423 -0.5080043017734036
423 458 0.9854697718276676
423 424 0.3207696784296451
424 459 -0.32309461856503124
424 425 -0.20475947453389018
425 460 -1.2914668498063226
425 426 -0.2377209709407323
426 461 -0.48150072063945826
426 427 1.0524361822768944
427 462 -1.2434854467859588
427 428 0.03146776205566626
428 463 0.2478046244988049
428 429 -0.8812467428617969
429 464 -0.9335108378053796
429 430 -0.20185879548581576
430 465 -1.5864539630717125
430 431 0.6209121951774285
431 466 -1.1958826712170225
431 432 0.5499377419067452
432 467 0.10694998745393781
432 433 -0.17093667954480335
433 468 2.148651577005419
433 434 0.02514815693886292
434 469 -0.4316532131910966
434 435 -0.8674925615012207
435 470 1.405435564123501
435 436 1.0842371813074079
436 471 -0.7350042333124429
436 437 0.18643758827617096
437 472 -1.4109437388240091
437 438 0.09655079679065515
438 473 1.6967643855101497
438 439 1.1083840196555528
439 474 -1.1984125473677039
439 440 0.26384861027767276
440 475 -0.2772784044830339
440 441 -0.9076306259910696
441 476 -0.695745426153894
441 442 0.5963844229790872
442 477 -0.11915264572568297
442 443 -3.081893559524236
443 478 0.056025640859691535
443 444 -0.2898869911317671
444 479 0.1956562457790176
444 445 0.8135512605981328
445 480 0.21731892381653892
445 446 2.2905316819893664
446 481 -0.9559301544550582
446 447 -0.8337653989524996
447 482 0.140643392635971
447 448 -1.7907743826512144
448 483 2.5361865768166756
448 449 0.12181381697725692
449 484 0.12103359826003025
449 450 -0.8329369646593288
450 485 0.8570233953953496
450 451 -0.8254159183437229
451 486 -0.6164417998826321
451 452 -1.2492759433246534
452 487 1.3336501252036383
452 453 0.08340558612026285
453 488 -0.288644284015759
453 454 -1.1572452033180973
454 489 0.8957482878168698
454 455 -0.6056765288662472
455 490 1.07644562991361
456 491 -0.6835832504129635
456 457 -0.5038447316134195
456 490 1.6701217714441643
457 492 -0.5398828279999816
457 458 0.1622856085782604
458 493 -1.8634386391867919
458 459 1.1877625920402217
459 494 0.5898304449539906
459 460 0.15499668522553336
460 495 -0.42621750976818346
460 461 -0.16659918851076472
461 496 -0.07891946228674764
461 462 -0.8859094934366765
462 497 -1.2130632687338632
462 463 -0.016823169035484108
463 498 0.5751212657613167
463 464 0.800673972679483
464 499 -0.4940563497726989
464 465 0.34721890406127676
465 500 0.5519356867687094
465 466 -1.2499939488419773
466 501 2.022779428430633
466 467 -0.45286691695430115
467 502 0.4339562829233083
467 468 0.01799576107303612
468 503 -1.4903330604133114
468 469 1.872712517701412
469 504 1.1865457236068522
469 470 -0.32162256213639706
470 505 2.007953871665081
470 471 -1.1941565489879682
471 506 -0.929852554671659
471 472 -2.6466455660142034
472 507 -0.6332540900757178
472 473 -0.26557338958779214
473 508 1.33845186340458
473 474 -0.8446655707282273
474 509 0.7648789829490911
474 475 -0.35084908733222375
475 510 1.3668644170970536
475 476 0.20008892415365107
476 511 -0.4260084337773904
476 477 0.37378121974806316
477 512 0.7775440087044747
477 478 0.2578418116369489
478 513 1.6946356339376307
478 479 0.24685951503394676
479 514 -0.8660577315216386
479 480 -0.18980518557573478
480 515 -1.8426527104748505
480 481 -0.7743565561465536
481 516 -0.6999343725666612
481 482 -2.1970351595562705
482 517 0.8320060635200687
482 483 -0.19001497020638133
483 518 -0.555822532687983
483 484 1.500443698693305
484 519 -0.00016160846710603125
484 485 0.052470745273756274
485 520 -1.0804834093379916
485 486 -0.3196311998148411
486 521 -0.9049688941433771
486 487 -0.026344051712084017
487 522 0.5531168969068029
487 488 -1.5211610927631891
488 523 -0.11447781709145693
488 489 -1.7811824244241925
489 524 0.704907989452712
489 490 -0.35075688430534746
490 525 0.48261008025939106
491 526 0.24244974070827133
491 492 -0.061499798167248224
491 525 -0.036697651853643515
492 527 0.4921619146485557
492 493 -0.5791586912586576
493 528 1.334018968091648
493 494 -1.0535640817615946
494 529 0.19675028528047248
494 495 -0.5798378524757424
495 530 -0.42486014896325125
495 496 -1.0008800373861182
496 531 1.6640933813669427
496 497 0.8037475180892906
497 532 -0.38093335375345005
497 498 0.684623032809925
498 533 1.03825870116561
498 499 2.1723804122164863
499 534 -0.9141734129847724
499 500 -0.847190121652291
500 535 -0.07267981613697377
500 501 0.9520678359954989
501 536 0.1405264269253131
501 502 0.9622114069576428
502 537 0.9323982067859009
502 503 0.17185996176039817
503 538 -0.548532835110884
503 504 0.817928933065155
504 539 0.6503912062255812
504 505 0.08709231607415528
505 540 0.6317423536689121
505 506 0.981295367792688
506 541 -0.9758805497127078
506 507 0.005995026940970449
507 542 0.32971524425953164
507 508 0.5760094068840196
508 543 1.4572426200970956
508 509 1.2875203191768452
509 544 0.38327317197146443
509 510 1.913645806221365
510 545 0.2577949178185016
510 511 1.203294703661689
511 546 1.8539971614495765
511 512 0.41544987664140465
512 547 -1.7059787249116294
512 513 -1.1386755274285796
513 548 0.18526254554527033
513 514 -0.1135524092090881
514 549 0.7106290651397132
514 515 1.2195029388970369
515 550 0.5512145999268698
515 516 0.20857763399414456
516 551 -0.7968917265042602
516 517 1.200051660740633
517 552 -2.004619541225433
517 518 -0.15567421176741672
518 553 -0.8590430824683947
518 519 0.7389308515691281
519 554 -1.0676088277244749
519 520 -0.1325106463095419
520 555 -0.7651715862590825
520 521 1.3991137386980212
521 556 -0.8796292086163299
521 522 -0.23004843890712576
522 557 1.2350823475299688
522 523 -0.6616163514631729
523 558 1.265791411893932
523 524 -0.28951788754941465
524 559 2.04293422123211
524 525 -0.8567689655324512
525 560 -0.5432499247041908
526 561 -0.6919132544821912
526 527 0.7277375057809062
526 560 -0.8398222551866033
527 562 -0.7763677292585506
527 528 0.5375016037165583
528 563 -0.6299438200177084
528 529 -1.3622267134063957
529 564 -0.427584044946642
529 530 -0.18320978281753844
530 565 0.42996875956927894
530 531 -0.8872153660089476
531 566 0.26817062912635087
531 532 0.2902282067898002
532 567 0.2185215650062977
532 533 -1.1527944752743182
533 568 0.19129989994177904
533 534 0.27166714494470534
534 569 1.2220997384906271
534 535 -0.7396753527496477
535 570 -2.0218537488386588
535 536 1.4128130639780605
536 571 -1.2290716302257574
536 537 -0.18458647499361513
537 572 -0.9199047408903066
537 538 -0.4014075425771367
538 573 -0.867412053142457
538 539 -0.7608353059337007
539 574 -0.24330928177608332
539 540 -1.2709989328600853
540 575 -0.9250316805321432
540 541 -0.8289689877181065
541 576 0.773447013540968
541 542 -2.006214132669163
542 577 -0.613985302921582
542 543 0.6452619777205235
543 578 0.6647409615885617
543 544 0.4903757272198187
544 579 0.42342821196860514
544 545 0.1975110092581545
545 580 -0.7411604411397742
545 546 0.06294415612304484
546 581 -0.20542809591844094
546 547 -0.720775907810717
547 582 -0.25449450059918005
547 548 -0.8216536375899657
548 583 1.6571717798321446
548 549 -0.45072001170149556
549 584 1.3837136831249197
549 550 -1.037578212601569
550 585 0.2965605412000638
550 551 0.2484931085850945
551 586 -0.0826413972667166
551 552 -0.6051933927711796
552 587 -0.4626283617871658
552 553 0.2674968795678832
553 588 -0.3784413615755138
553 554 -0.8073546009405562
554 589 0.24188655418825802
554 555 -1.0359903001524857
555 590 -1.7764682331444919
555 556 1.7124021829033134
556 591 -1.60608086621863
556 557 0.5329887060713528
557 592 0.2516788420771127
557 558 -0.10211560439768631
558 593 -0.6090195278122316
558 559 0.10138012817370884
559 594 0.037166398103644825
559 560 0.8916725867101021
560 595 0.22049989766537706
561 596 -0.9978039623981527
561 562 -0.9036000577858937
561 595 0.8217584538908337
562 597 1.3543130570672808
562 563 0.4738317204503761
563 598 1.5491712033819263
563 564 -0.36291632648070604
564 599 -0.31389468810699755
564 565 -1.1145387446587507
565 600 -0.9404376939096964
565 566 0.08790070244113088
566 601 -1.6274935853455872
566 567 -0.9771738174007109
567 602 3.871726510493681
567 568 -1.0696708118609253
568 603 0.1779398990218119
568 569 -0.7359537654645982
569 604 1.60901246330032
569 570 0.5254786581887735
570 605 -0.14572416102856378
570 571 -1.5275147693656006
571 606 -0.9128478602424047
571 572 0.9958969300079803
572 607 -0.9596116098264674
572 573 -0.5018627894259006
573 608 -0.20749480824638836
573 574 1.4020588989769864
574 609 0.10026257604483467
574 575 -0.8215634543416587
575 610 -0.8822047493880838
575 576 -0.14062379883066586
576 611 -1.4467503702025692
576 577 0.777733510344551
577 612 -0.11548728583413838
577 578 1.5478814096384699
578 613 1.4349238100110702
578 579 -0.5279699440674609
579 614 -0.6631753742989447
579 580 -0.19124193119621344
580 615 1.410519167036225
580 581 -0.3220754046219591
581 616 1.649919568777196
581 582 -0.030956886926742814
582 617 -0.4307691469745902
582 583 0.40591141242307255
583 618 -0.49521709028164707
583 584 -0.15226059904879616
584 619 0.7568552824239566
584 585 0.34159542611645366
585 620 -0.5805933792137811
585 586 0.3136459882149701
586 621 -1.9213470119423015
586 587 0.4986835118620746
587 622 -0.22700145545773762
587 588 -0.5123653130996916
588 623 1.0209604048370071
588 589 0.9395687737832907
589 624 -0.4459864944858198
589 590 0.23656859107421685
590 625 0.7005889824107079
590 591 0.09959178621416691
591 626 0.014033615710428046
591 592 -0.9207813687536214
592 627 -0.14600983151961408
592 593 -0.2221937511190498
593 628 0.6145041146159631
593 594 1.816616749521212
594 629 0.3573507367965819
594 595 -2.06499697787443
595 630 -0.7034478746310863
596 631 -0.9888313739389833
596 597 -0.17888674160386397
596 630 -0.7850411834684256
597 632 -0.25291004587262567
597 598 -0.07694941167921573
598 633 0.2025027773361153
598 599 -0.9868824558982792
599 634 -0.3889310349695388
599 600 -0.28932025598787625
600 635 -0.8047291439026693
600 601 0.10586831058617878
601 636 -0.0847622282123051
601 602 1.3666684844464512
602 637 1.5069504486039105
602 603 2.137890869038714
603 638 0.5990846608956379
603 604 -0.41774610610744123
604 639 -1.7673977905942573
604 605 -1.015985711481416
605 640 1.0378705633984726
605 606 0.8610695289720859
606 641 0.7745448326584429
606 607 0.4943051578121756
607 642 -0.22577427552963122
607 608 -0.18992602695342028
608 643 0.11370819669572707
608 609 1.9714808628404472
609 644 -0.23958641825501978
609 610 -0.4135647756454243
610 645 -1.6201471301266523
610 611 1.165158288982152
611 646 -0.6283001369662268
611 612 0.5101161084922191
612 647 0.6842185030695827
612 613 0.11048235268345902
613 648 0.6813604717922234
613 614 -0.5711081718686426
614 649 -0.43277849270106583
614 615 -0.14850187593654404
615 650 2.2185458947253114
615 616 0.2977323810618836
616 651 -2.3043255948796078
616 617 1.1436502740368062
617 652 0.9405961540934781
617 618 0.9040030703514428
618 653 -0.6403217371566143
618 619 -1.1671537268149208
619 654 -0.2184893109578807
619 620 0.19333271120703582
620 655 0.8157022059646568
620 621 0.6558043317539787
621 656 0.9508924438990447
621 622 -0.865724058295849
622 657 -0.24809600391922976
622 623 -1.4516689595436905
623 658 2.2447451051097915
623 624 0.08208022256084718
624 659 -1.0073749079520244
624 625 0.9090632713336786
625 660 1.2524014435729116
625 626 -0.31533809132598445
626 661 0.07192326706724926
626 627 -0.4970061815424714
627 662 -1.5858655683525043
627 628 1.5466084107543723
628 663 0.5806161423852103
628 629 -0.06258130032156395
629 664 1.1110573622778164
629 630 0.7679203832505448
630 665 1.1749641111068594
631 666 -0.17611896470796912
631 632 -0.35700263206789695
631 665 1.3637491487354683
632 667 0.7817013346945247
632 633 0.41390277157686933
633 668 0.6326811892130103
633 634 -0.07775212163015909
634 669 -0.324699360596191
634 635 0.5010869319799697
635 670 0.4097096094687054
635 636 1.8243872513276786
636 671 -0.5674573641828816
636 637 0.4714450660041659
637 672 -0.9842175686993015
637 638 0.2322742234082945
638 673 0.31123486157828195
638 639 -0.8595935622604518
639 674 0.3822055388912545
639 640 0.8724485605723321
640 675 1.4477047054142023
640 641 -1.4149342903239384
641 676 1.206495361483914
641 642 -0.35664332122526377
642 677 -1.6275178882879278
642 643 0.26495684510369627
643 678 -0.589740947506195
643 644 -1.8005263265106781
644 679 0.4552888250598911
644 645 -0.5796453544101182
645 680 1.3157987455623887
645 646 -0.8238732035476402
646 681 -0.6645219785521299
646 647 1.85592261295326
647 682 -0.35086302467873515
647 648 -0.3566592650185778
648 683 -0.30330154016596794
648 649 -0.2709597608280939
649 684 -0.7482218013904609
649 650 1.7828363884704552
650 685 -1.0732645842284607
650 651 1.0914739772441562
651 686 0.6691173441145358
651 652 -0.9324165365054551
652 687 0.58805952056273
652 653 -3.2349185403818352
653 688 -0.7508729894854521
653 654 0.3005460097402419
654 689 0.7320066584552759
654 655 -2.971200155379944
655 690 -0.9826868179255535
655 656 0.5646975501014725
656 691 -0.1627893401663543
656 657 -0.6281916250246063
657 692 -0.9110349834142575
657 658 2.186041344140841
658 693 -1.3381749843142126
658 659 -1.252828084896973
659 694 -0.022843084648623096
659 660 -1.4009341418818886
660 695 1.1143586334936337
660 661 -0.781062435729763
661 696 1.12240140284485
661 662 -0.8917387214399908
662 697 -0.49665220154103606
662 663 -0.10212422224793535
663 698 0.3139204661778099
663 664 -0.5171317195892868
664 699 0.07630391635251452
664 665 0.144826212484906
665 700 0.21688594596434582
666 701 0.5726623020111908
666 667 0.754437534290711
666 700 -0.048972174386704974
667 702 0.09043550050260295
667 668 -1.597572678176189
668 703 0.7751074591320704
668 669 -0.43711324677755936
669 704 1.3706295954402923
669 670 -1.7525199078480027
670 705 -1.6065209990198723
670 671 1.0590045303937503
671 706 0.026103265638445724
671 672 -2.0954738467599765
672 707 -0.655527659273037
672 673 -1.277339409697717
673 708 -0.12605526853533303
673 674 -0.6944940811598861
674 709 -1.2197639933280258
674 675 1.1260221319575878
675 710 -0.5666484998533382
675 676 -0.2376415736943215
676 711 0.31488176535622037
676 677 2.7720609249219095
677 712 -0.15875638316527574
677 678 -1.1380041874701579
678 713 0.5095556037457176
678 679 0.06528256531286183
679 714 0.5432244209449557
679 680 0.33055183523150483
680 715 -0.7577246274051656
680 681 0.15133585371570524
681 716 -0.7731712178347219
681 682 -0.9014141906646405
682 717 1.3859396581210994
682 683 -0.14017547417001955
683 718 0.9993497956566127
683 684 -0.10675593433063334
684 719 -0.46236210997275684
684 685 0.3565012200091919
685 720 -0.062111778408329536
685 686 -0.46644488701269177
686 721 0.13677587564808763
686 687 1.1760481631588706
687 722 -0.566238391275755
687 688 0.1855594832070053
688 723 1.1219976113600005
688 689 -0.4443288583133932
689 724 0.26613409546074884
689 690 0.6925204708415265
690 725 0.5745370229621413
690 691 -0.12486515835848812
691 726 0.8448023377731584
691 692 1.3712503733194665
692 727 -0.9706820296084514
692 693 0.9891076200047612
693 728 1.0324137426744482
693 694 0.2937519603876633
694 729 -1.400149443411992
694 695 0.29669594053174025
695 730 0.12856348306651044
695 696 -0.1183832840765364
696 731 0.45244557831829313
696 697 0.10962684820714079
697 732 0.025207554725749613
697 698 -0.684348242491916
698 733 0.44531847172337413
698 699 0.9574193914283611
699 734 -0.020648855317904478
699 700 -0.8888172899728742
700 735 1.108227120272854
701 736 0.21126187203685237
701 702 0.832178381343676
701 735 0.24785879532492505
702 737 -0.4003224135878943
702 703 -0.3044921592415014
703 738 0.008608716672977891
703 704 -0.36718840820365684
704 739 0.4116515458488604
704 705 0.02066633675085453
705 740 -3.015865144615209
705 706 -0.4225201343654045
706 741 -0.4818291168640671
706 707 0.23259420396289945
707 742 0.9223471692871751
707 708 -2.1294260196311376
708 743 -1.2198933932316787
708 709 -0.7922654315308738
709 744 -0.560988649345321
709 710 2.158840674778719
710 745 0.08164012019792695
710 711 0.8047029128712466
711 746 0.27417736928588315
711 712 0.25461504405233704
712 747 0.17563200457042422
712 713 -0.4959275854441112
713 748 0.9024164379178831
713 714 0.6295066616534609
714 749 -2.300092277643889
714 715 1.4370503603287743
715 750 0.7193531026725857
715 716 0.42940197301231753
716 751 -0.2056223054382546
716 717 -0.9521797451714027
717 752 1.0102441605467296
717 718 1.4549052696815166
718 753 -0.08316168933111433
718 719 0.6795859948897475
719 754 0.14284742440860207
719 720 -0.2731875898958553
720 755 -1.0728783139906093
720 721 -0.19860742741104526
721 756 -0.8247092795035671
721 722 -0.6274367173682459
722 757 0.4760413318501416
722 723 0.9457197071468686
723 758 -0.7228490909400614
723 724 -0.9464483595783652
724 759 -0.2874229825957512
724 725 -2.298057996904473
725 760 -0.7457522942979656
725 726 1.7466071329818535
726 761 -1.0882444133722085
726 727 -1.6803517553630014
727 762 -0.09010970232838048
727 728 0.35871995405890295
728 763 0.9758536416029121
728 729 0.03491833821911146
729 764 0.010831031745515737
729 730 0.6246847369021439
730 765 -0.2653177504353778
730 731 -0.8596698124993452
731 766 -1.0164823588865748
731 732 -2.259632352156467
732 767 -1.3874940629894938
732 733 -1.2353545001756046
733 768 0.6240349667620277
733 734 0.9064638713518699
734 769 0.5456498876970324
734 735 -1.767018158601103
735 770 0.37817299255296305
736 771 1.498958509970911
736 737 0.022695621155847792
736 770 -0.6429526767054166
737 772 0.4415257353149367
737 738 0.9950233808525125
738 773 0.15387746340607994
738 739 0.7803484718534088
739 774 -0.12047329796086922
739 740 0.04403218889630876
740 775 -0.6988133804294545
740 741 1.4461812681715212
741 776 -0.5052244987722647
741 742 -0.3821972195613442
742 777 -0.011440929810719112
742 743 0.35655929053353175
743 778 -1.7551466797229431
743 744 -0.47527189069521053
744 779 -0.1900525702332203
744 745 1.3848386573879716
745 780 -0.04495999009657257
745 746 1.0699844919585604
746 781 0.3410690503347235
746 747 -0.08015135554129699
747 782 0.12605524573983018
747 748 -0.9959281555397039
748 783 -1.2072012488289126
748 749 0.5754314370964851
749 784 0.7651741011310604
749 750 0.5123260310469107
750 785 -2.411299391966892
750 751 0.6745165379612611
751 786 0.5780312306100738
751 752 0.4609396227061162
752 787 0.19066033558109546
752 753 -0.9980432299300477
753 788 -0.6719611568513532
753 754 -1.196580098799395
754 789 1.2575038571267474
754 755 -1.7423305822594024
755 790 -0.920590873958241
755 756 0.4131661777797626
756 791 -0.48949405529676604
756 757 -1.1363456053061154
757 792 -1.3349121855105184
757 758 0.5705491277880516
758 793 -0.0470285098535927
758 759 1.2053685604808273
759 794 -1.7533411533957977
759 760 -2.02595072021733
760 795 2.0886018025354924
760 761 0.5127409495411693
761 796 0.15305334695041042
761 762 0.43499993584981983
762 797 -1.1110522656730502
762 763 -0.04559605806983379
763 798 1.5368983593682406
763 764 0.32902594494740944
764 799 -1.3314141369749417
764 765 0.8126975280860891
765 800 -0.4221562536982258
765 766 -0.7207967253223405
766 801 -0.0448456120665582
766 767 0.32912008979076096
767 802 0.8001591652438338
767 768 1.1424185140850238
768 803 -1.0753970739055432
768 769 0.7322365154806028
769 804 0.09729350524108825
769 770 0.7858036141549687
770 805 -2.492291794865142
771 806 -0.9318596708041661
771 772 2.4612363069093184
771 805 0.12779160978372114
772 807 -1.4231970123644606
772 773 0.22453414766974314
773 808 -1.6510536114732586
773 774 0.20065162806077586
774 809 0.44739515190621343
774 775 -0.7189176273127775
775 810 0.49432814922115065
775 776 0.24635063716797168
776 811 0.3640172521114527
776 777 -0.24467272974087115
777 812 0.25822853204893614
777 778 -1.6376863284302985
778 813 -1.1135230850581785
778 779 0.27408394429319705
779 814 1.1540785758369643
779 780 1.4968928984786727
780 815 0.4987552802881871
780 781 0.6403785017297932
781 816 -0.797216556561809
781 782 1.176036327432123
782 817 0.40016858368409547
782 783 0.18589429391360188
783 818 0.3327173003640543
783 784 -0.09765419136070429
784 819 0.9510046104446381
784 785 1.000245471165508
785 820 -0.868204612516194
785 786 -0.9363121884806226
786 821 0.518917978354855
786 787 -1.0989118340103263
787 822 0.11983924892694163
787 788 0.5606066705842058
788 823 -0.3635644686901842
788 789 1.187219730757239
789 824 1.3843324209664232
789 790 -0.02005949662920698
790 825 0.20333414938928165
790 791 -0.8270478196618031
791 826 -0.4241797741366927
791 792 -0.31680987170490327
792 827 -0.5982479293276309
792 793 -0.5873144425365666
793 828 1.7470783197746902
793 794 0.49376577164211227
794 829 -1.4271054525475073
794 795 -0.01850689680192338
795 830 0.24433646088908642
795 796 -0.1184777927970969
796 831 -1.5502408981840456
796 797 -1.6381800202608188
797 832 0.02559485359789538
797 798 -0.42969758103972056
798 833 1.5551214494326566
798 799 1.3292016991174054
799 834 -0.9436977783037974
799 800 0.19702672380586034
800 835 0.024864589725863813
800 801 0.70772648489583
801 836 1.3474203211061815
801 802 0.21922266865210344
802 837 0.4255379225111594
802 803 -0.40563002104880125
803 838 2.5024053384755147
803 804 0.3182364847526417
804 839 2.1573547280270655
804 805 -0.7751298037031729
805 840 0.5928920288193064
806 841 1.6618362511847788
806 807 0.03169699067494127
806 840 1.7609763915828658
807 842 1.3480842432141804
807 808 -0.7677664250699733
808 843 1.1660514896579524
808 809 0.07038430238063985
809 844 2.5007489164447074
809 810 0.7071369346958949
810 845 -0.21845275171646797
810 811 0.2431214734334134
811 846 -1.5337169900778211
811 812 1.372821516805639
812 847 0.6276518618005376
812 813 -2.175711047528547
813 848 1.3116823364438435
813 814 -1.3608498680430625
814 849 -0.10885250715487739
814 815 1.665717781932882
815 850 -0.37795101269198916
815 816 -1.0809332959809816
816 851 0.27362098046922395
816 817 1.0213579385238503
817 852 0.8442906134765282
817 818 -0.463878024387439
818 853 -0.4835535257849566
818 819 -2.090122706682931
819 854 0.1895612517715381
819 820 -0.5791988841740275
820 855 0.97968545476757
820 821 0.09698806633287423
821 856 0.9561724767371258
821 822 -0.3917912379606591
822 857 -0.46699920775076825
822 823 2.6493311650726405
823 858 -0.8321152226756993
823 824 2.0482175606530584
824 859 -0.2363254808882764
824 825 -0.43451696239181825
825 860 -0.47107584613153625
825 826 1.224365936775887
826 861 -1.9918732501502283
826 827 -1.2585962097659584
827 862 1.7620653927064431
827 828 1.3614020622302134
828 863 -0.8632408246661714
828 829 0.16108905162090792
829 864 0.6474420826481982
829 830 0.6802177631882103
830 865 0.7291859077144389
830 831 1.9675314393509102
831 866 -0.48867576514259203
831 832 -0.36594078513853556
832 867 0.35196948681869406
832 833 -2.42986910308297
833 868 -0.7675037343762529
833 834 -0.8343038820838916
834 869 -0.5340960828639028
834 835 -0.0740729023973377
835 870 -0.6566847645090346
835 836 0.7140678730005785
836 871 -1.1424838899410341
836 837 -0.7753902945193263
837 872 1.4134682122969588
837 838 -0.8425362577553285
838 873 1.0901206525746037
838 839 0.6981578546395646
839 874 -0.1429252370754018
839 840 -1.1710010515420473
840 875 -0.8519148340791789
841 876 -0.4197254650355539
841 842 0.9080657403108039
841 875 1.5274842570893121
842 877 0.32918631242719
842 843 -0.038933697868388614
843 878 2.0071849982140435
843 844 0.5323940939952946
844 879 0.5523694703809405
844 845 -1.128767285915523
845 880 1.104420100452596
845 846 -0.05563802089728905
846 881 0.5491381318107011
846 847 -1.8124253593848263
847 882 -0.1808665559081183
847 848 0.05291525018314534
848 883 0.5152415097559414
848 849 -0.07945039144652347
849 884 0.23705529197139416
849 850 0.6131808291947904
850 885 0.553520147894576
850 851 -0.4760529828677639
851 886 -0.48449126309851953
851 852 0.08613350701021405
852 887 -1.2039180275832262
852 853 1.166451619668291
853 888 -0.9809528436548195
853 854 -0.0013105893641312087
854 889 0.9069419209884403
854 855 0.13331722558985984
855 890 1.1751908892379568
855 856 1.1334626720073846
856 891 -2.0196172555184404
856 857 0.46153381998189397
857 892 0.31664107459462365
857 858 0.41043904535666126
858 893 -0.25059901655660766
858 859 0.31374053925582657
859 894 -0.19572467829213608
859 860 0.35540755812912644
860 895 -0.6290442039827975
860 861 -0.0032607767243046327
861 896 -0.6562294658713365
861 862 -0.17902381670771872
862 897 0.43851406469318693
862 863 -0.8376037765412219
863 898 0.6340518030545906
863 864 -0.18260859011061215
864 899 -1.3689163454483992
864 865 2.785402322198137
865 900 0.8231768068274653
865 866 -0.7714880871810363
866 901 -0.7635023399180462
866 867 -0.8363546759105468
867 902 -2.287316780717564
867 868 -2.3435804289583575
868 903 0.8446513400866871
868 869 0.33302643232180174
869 904 -0.45539100792504805
869 870 -1.4398000948124563
870 905 -0.1608275823905019
870 871 -0.11607688503117392
871 906 -0.7443345187286905
871 872 1.409909992346137
872 907 0.7841438597775497
872 873 -0.985517770747623
873 908 1.3591432990519234
873 874 -1.0701446908306127
874 909 -0.43216993566177386
874 875 -0.2578591113059805
875 910 1.3984020876279992
876 911 -1.7545223332097033
876 877 -1.531118090114524
876 910 0.7228068919701057
877 912 1.262996064612928
877 878 -0.5051573684517089
878 913 -0.650153335037542
878 879 -0.4165224816728254
879 914 -2.4665516468948856
879 880 1.1655099057541372
880 915 1.0559267613202814
880 881 -0.3895628770610369
881 916 0.9195857067444654
881 882 0.5154927180259264
882 917 -0.5902530873635995
882 883 0.3827131295171092
883 918 0.14652413676784884
883 884 1.1107791190496883
884 919 1.621290276920252
884 885 -0.8397825025775849
885 920 0.6868843020145128
885 886 0.7404708970364985
886 921 -2.584520833477948
886 887 0.11560613410322775
887 922 1.5191194555253984
887 888 1.441163775231715
888 923 -0.07346538667659853
888 889 1.4179453579828116
889 924 -2.986866029252841
889 890 1.8560004532098424
890 925 -1.251460127123519
890 891 0.6802942777151163
891 926 -0.11908226139502881
891 892 -0.8764640441361364
892 927 -0.19770871109691604
892 893 1.1402615647492
893 928 0.569117654157716
893 894 -0.6586655120485668
894 929 0.28897911352867073
894 895 0.2493301976974213
895 930 1.0430305105821944
895 896 0.05936598168124486
896 931 1.3590269063218676
896 897 -0.20062380413402506
897 932 -0.1883884567432995
897 898 -0.35727606187703603
898 933 -0.9131178627886261
898 899 1.392562349773732
899 934 0.8457790179205565
899 900 -1.0065131240325234
900 935 0.20077621775301369
900 901 0.5279386311667614
901 936 0.24711255798683507
901 902 1.668906379272954
902 937 -1.2492536407902723
902 903 -1.238569873801581
903 938 -0.7721863420227186
903 904 1.4550449624176167
904 939 -0.5316341398398661
904 905 0.019280119976601676
905 940 -0.24826517496810324
905 906 -0.0625464608141166
906 941 0.6117837392195117
906 907 -0.13550095944231627
907 942 0.9858989994636534
907 908 -1.3382982680612876
908 943 -0.9515368077803062
908 909 1.2072268787470712
909 944 -0.9944314043015892
909 910 0.13126404161583363
910 945 -0.07981445610877923
911 946 0.2909478736859121
911 912 -0.28626024211145457
911 945 0.12856630646281506
912 947 2.777940234559881
912 913 -0.012282491197693922
913 948 1.4267182292916605
913 914 -0.2036752687907721
914 949 -0.5846144894395491
914 915 1.4811165322582687
915 950 0.3892998240542553
915 916 -0.0971118280017586
916 951 -0.11184253916281989
916 917 2.3328296653706686
917 952 -0.6859957960467348
917 918 -0.8760761796415374
918 953 2.0400360531865114
918 919 0.5216400088266491
919 954 -0.17233214405323197
919 920 -0.2962440424718309
920 955 0.03194097770469585
920 921 -0.10970372571195662
921 956 1.8142341120919059
921 922 -0.4783079778472794
922 957 1.2710120331943164
922 923 -0.10546038304615149
923 958 0.780531151711265
923 924 -1.0795847787584212
924 959 -0.7719283427282936
924 925 -0.4090050342699138
925 960 0.8232724401534353
925 926 1.4542225163319051
926 961 0.9193636416786056
926 927 -1.2600952807361183
927 962 -1.0413204647055487
927 928 -0.8708592777154722
928 963 -0.6466849545452864
928 929 -0.8965001359990984
929 964 -0.10308349691103952
929 930 -1.2436672413144836
930 965 0.5279167725820364
930 931 0.14989658632777927
931 966 0.6172587866947556
931 932 0.5807788338724862
932 967 0.32111913546376214
932 933 -0.9217025760221736
933 968 0.984947515218448
933 934 0.5276391694136472
934 969 2.370673548894153
934 935 0.284401317348203
935 970 -0.9447295810085125
935 936 0.35927812669719844
936 971 1.368778322474484
936 937 -0.9470039461676341
937 972 -0.6331862848999998
937 938 0.29121815865522094
938 973 -0.7245856882088116
938 939 0.6694209674842742
939 974 0.6496773718985155
939 940 -0.651048123347761
940 975 1.915973197662737
940 941 0.1682046874618876
941 976 1.882211105466872
941 942 -0.5183637388357277
942 977 2.9863638651052833
942 943 -0.48311267492216575
943 978 -1.9207625722289656
943 944 1.205836656807292
944 979 0.027677038990112906
944 945 0.49352184566039115
945 980 2.579930748315877
946 981 1.8627049109233662
946 947 -0.4455211825979996
946 980 0.17847023254058839
947 982 -0.3551711772683962
947 948 0.0428620526258041
948 983 0.9499238640904123
948 949 1.6844608045685767
949 984 0.5966772667029592
949 950 -0.5026985200118883
950 985 -1.2128009704888183
950 951 0.9598063281438903
951 986 -1.27465830940565
951 952 -0.5520686245445451
952 987 1.6553147321421646
952 953 -1.1887824369742472
953 988 0.5669381509062167
953 954 1.9373012296718302
954 989 0.7095328673873059
954 955 -1.3886798283694768
955 990 -0.20044814216717818
955 956 -0.40382561484561835
956 991 -0.09706578684895213
956 957 -0.5500637702283747
957 992 0.5546171616410575
957 958 -0.810122817103271
958 993 1.3613500817702235
958 959 -0.5738688056637175
959 994 -1.3162917798491602
959 960 0.3312829358049342
960 995 0.3132977324011303
960 961 -0.6423584322329914
961 996 2.5472676735238373
961 962 1.1821497880610567
962 997 -0.7050948640072728
962 963 1.4612369287059173
963 998 -0.7811341567935346
963 964 1.8070708754970113
964 999 -0.3614723175955494
964 965 0.0725829691798804
965 1000 0.720198727456062
965 966 -1.0844565263936896
966 1001 0.7396475717599027
966 967 0.7070043869338828
967 1002 2.012479603688612
967 968 2.302155935871538
968 1003 -0.01692538942532508
968 969 -1.3762009232578236
969 1004 -0.8251105300327745
969 970 -2.0196109215518083
970 1005 -0.05583384865807814
970 971 0.0811669409162222
971 1006 -1.0532669370917134
971 972 0.16497979216816522
972 1007 0.732510304767956
972 973 0.7393511679889511
973 1008 -0.5101657595150879
973 974 -0.7961649305970202
974 1009 1.5836896063517902
974 975 -0.44623324621291865
975 1010 1.6225241956251604
975 976 1.4966328964550417
976 1011 -0.05696323102578029
976 977 0.08619830709449061
977 1012 1.2747621802480746
977 978 -0.5384311392215881
978 1013 -1.0001927915772777
978 979 0.12916323513456493
979 1014 0.28738565468339017
979 980 1.669577388709532
980 1015 0.1982163606333112
981 1016 -1.8558911593350484
981 982 -0.8325078948154274
981 1015 -1.320664106562342
982 1017 -0.022736484235815257
982 983 0.6943019149149687
983 1018 0.8906068675681421
983 984 -1.1066107676053678
984 1019 -0.11590442854957876
984 985 0.4243199673044884
985 1020 0.34195093602401994
985 986 0.2390982230530971
986 1021 -1.8190182749443542
986 987 -0.3392943646517007
987 1022 -0.9314792722547844
987 988 0.18137194155432432
988 1023 -0.42245524428649045
988 989 1.230504693334966
989 1024 0.8738160331941989
989 990 0.9913661757908389
990 1025 -2.1368279279818783
990 991 -1.0350068669223391
991 1026 -0.26212013683862473
991 992 0.7332233402673864
992 1027 -0.1562683252204277
992 993 0.6557901142600605
993 1028 0.014672904185151646
993 994 0.2190374612973808
994 1029 -0.4130751870351516
994 995 0.3168853864613051
995 1030 -0.0385225756646755
995 996 0.38535847384560734
996 1031 -1.0308917847679457
996 997 0.7600764099697278
997 1032 0.4982938077390091
997 998 0.2052456819035782
998 1033 -0.30253046370483133
998 999 -0.7547408334554618
999 1034 -1.4785813247715367
999 1000 -1.0179806978271064
1000 1035 -0.5349921473724404
1000 1001 -0.05705767889761574
1001 1036 1.0304596855838069
1001 1002 1.1746467724167229
1002 1037 -0.247877688212675
1002 1003 0.19711346885486886
1003 1038 -2.88387414135704
1003 1004 0.1413013322682183
1004 1039 -0.10812553028935393
1004 1005 1.2669373025421127
1005 1040 0.18941567889134847
1005 1006 -0.765998610061581
1006 1041 1.3001274650639336
1006 1007 -0.8393572904047744
1007 1042 0.507299458345391
1007 1008 0.8480984038385855
1008 1043 -0.3114726813782495
1008 1009 -0.5362016543018061
1009 1044 -0.9952263480697923
1009 1010 0.49850332281514276
1010 1045 1.0856078453318116
1010 1011 0.5079920412530093
1011 1046 -1.4169775786626622
1011 1012 -0.09416406170811642
1012 1047 -0.11074241566744464
1012 1013 -0.8846109594068058
1013 1048 0.2428426068966329
1013 1014 0.343201119049847
1014 1049 0.3065665089346578
1014 1015 -1.3353802390308365
1015 1050 -0.4655393307171855
1016 1051 -2.3807219406294866
1016 1017 -0.7297091252443904
1016 1050 0.024608322113172047
1017 1052 -0.32617875173653677
1017 1018 2.5857410403139927
1018 1053 1.004955971716749
1018 1019 -0.2901673667840697
1019 1054 0.2528470274594954
1019 1020 -1.0149167791780562
1020 1055 0.0010212205845079561
1020 1021 -0.3381278706270557
1021 1056 -0.6431261987435559
1021 1022 0.594482074813522
1022 1057 1.418768003730789
1022 1023 0.8375278500480067
1023 1058 1.1618789426562963
1023 1024 1.704290630957456
1024 1059 -0.05894531523009526
1024 1025 -1.5891971372216869
1025 1060 -0.8625167641669911
1025 1026 1.4151487515160353
1026 1061 1.0196738596214099
1026 1027 -0.6255632970676347
1027 1062 0.01339838364616009
1027 1028 -0.4002199169654641
1028 1063 0.36079353042872797
1028 1029 -0.40293073282541186
1029 1064 1.1070104866301806
1029 1030 0.5638732379292065
1030 1065 0.832741322802082
1030 1031 -0.024548504401121607
1031 1066 0.5838337951769952
1031 1032 1.0056191638320655
1032 1067 0.5034129686849407
1032 1033 2.1625509434891894
1033 1068 -0.03517732635702214
1033 1034 -1.848775506693252
1034 1069 0.7525430479429744
1034 1035 -0.6179992341251971
1035 1070 1.0427172335446928
1035 1036 -2.353716994144833
1036 1071 1.5419149299957684
1036 1037 -1.2465966158806614
1037 1072 1.3274397919268515
1037 1038 -0.7368223445802682
1038 1073 -0.4874133717628459
1038 1039 -0.1442916690322946
1039 1074 0.18829539279552557
1039 1040 -1.2947066281012807
1040 1075 -0.1660443670232965
1040 1041 -0.07015440671833194
1041 1076 -1.3332177965501824
1041 1042 -1.3186068774936164
1042 1077 1.3703531061391003
1042 1043 0.8269124140185515
1043 1078 -0.8583046778500185
1043 1044 -1.3007151495648013
1044 1079 0.7902369394628552
1044 1045 -0.8919436603496393
1045 1080 -0.47771742324426736
1045 1046 -1.010895224246245
1046 1081 -1.0265845877427597
1046 1047 -0.27140963941630275
1047 1082 0.03333338862547317
1047 1048 0.37935561692050923
1048 1083 0.33579885079221267
1048 1049 -1.9580277250700107
1049 1084 0.11752037695479339
1049 1050 1.7524282707204082
1050 1085 -2.051766535642861
1051 1086 1.236752070215432
1051 1052 0.14164894523491336
1051 1085 2.3938460826529395
1052 1087 0.3764135625498848
1052 1053 -0.6326065237281986
1053 1088 -0.7826937803578328
1053 1054 0.28619462712869737
1054 1089 0.054423825251687055
1054 1055 1.2713905424998901
1055 1090 -1.9335149963080491
1055 1056 0.34799786797927584
1056 1091 0.3716277561241303
1056 1057 0.7055869302892477
1057 1092 -0.05766459755136589
1057 1058 -1.32803540699685
1058 1093 -0.1380027038050716
1058 1059 0.3877443746136453
1059 1094 -0.03929861941958134
1059 1060 0.27275737982310294
1060 1095 0.3389861434405247
1060 1061 0.14659859948301035
1061 1096 0.10707893192208696
1061 1062 -1.3519555689168765
1062 1097 0.08952707134118923
1062 1063 2.0036220208453783
1063 1098 -0.24867276438775843
1063 1064 -0.10205974610778035
1064 1099 -1.4147636535185324
1064 1065 0.5448277681508268
1065 1100 0.46876145244783174
1065 1066 1.6127929729082233
1066 1101 1.1385846877239025
1066 1067 -0.9785567312053098
1067 1102 -0.5951874274775895
1067 1068 -0.15060802347292532
1068 1103 0.7379635120158079
1068 1069 0.4103818494247125
1069 1104 1.029720233713693
1069 1070 0.15664870158572908
1070 1105 -0.49532380667208986
1070 1071 -1.4773800002497426
1071 1106 -0.3867044758884404
1071 1072 0.9605995750377315
1072 1107 2.313201679011628
1072 1073 -0.4129333415113458
1073 1108 1.5665477114458366
1073 1074 1.0213347505713466
1074 1109 0.24604845668927508
1074 1075 -1.11884277944619
1075 1110 -1.1417929260551967
1075 1076 1.4275883831749951
1076 1111 -1.7252111017885237
1076 1077 0.1881901998581527
1077 1112 -2.2172913398543006
1077 1078 0.5909646587927754
1078 1113 0.3024383955027182
1078 1079 -2.6713502512574836
1079 1114 0.27916148073027697
1079 1080 1.0941909261982203
1080 1115 1.8432800289007096
1080 1081 -0.2151866662515474
1081 1116 1.1899161931742657
1081 1082 -0.3112888125655939
1082 1117 -0.24293708365136238
1082 1083 0.3655022415634365
1083 1118 -0.838409915272388
1083 1084 -0.4066204383211369
1084 1119 -1.680222711449759
1084 1085 0.56779305776229
1085 1120 -0.6500431576066036
1086 1121 0.1970641674530276
1086 1087 0.09531479728749458
1086 1120 0.3000854798979581
1087 1122 0.01063793236594718
1087 1088 -1.0348893108487034
1088 1123 1.3575114827931263
1088 1089 0.7927344415058367
1089 1124 1.0991701979669224
1089 1090 1.34272344001228
1090 1125 1.5733960823202837
1090 1091 0.8939878579114304
1091 1126 0.02252475487387557
1091 1092 -0.6745242343189867
1092 1127 0.43275076108866806
1092 1093 1.434935662059679
1093 1128 1.247332451620779
1093 1094 -0.8346506155100645
1094 1129 -0.39342701074833153
1094 1095 -0.1174591712574102
1095 1130 -0.026003769430510477
1095 1096 -0.6498598288444994
1096 1131 0.6247592705520814
1096 1097 1.0613520387142659
1097 1132 -1.350584764330746
1097 1098 -0.3818053626043494
1098 1133 0.980024322360385
1098 1099 0.6904869042151365
1099 1134 0.16588938734207376
1099 1100 1.3508895277367734
1100 1135 -0.6103050241699113
1100 1101 0.8024616879069707
1101 1136 -0.06668475383075997
1101 1102 1.2177037727956237
1102 1137 -0.12483267427116923
1102 1103 -0.9932931468658682
1103 1138 1.0345083074632686
1103 1104 -0.5853117433979306
1104 1139 -0.19345287727822646
1104 1105 2.5307451463140724
1105 1140 -0.6884023755837029
1105 1106 0.5948330262078436
1106 1141 1.4572039092233662
1106 1107 0.16906303291615615
1107 1142 0.9688034854650193
1107 1108 0.9689991166528499
1108 1143 0.8825570176172715
1108 1109 -0.551259222859214
1109 1144 -1.2600409480319323
1109 1110 0.8452719260308253
1110 1145 -0.0003871542003342086
1110 1111 0.6962797443963988
1111 1146 -0.30217511601165203
1111 1112 -0.8988497704650938
1112 1147 -0.6917447164047429
1112 1113 0.888348354212919
1113 1148 1.2975830267711517
1113 1114 -0.7836837535221415
1114 1149 -0.5745495720838721
1114 1115 -0.5184259444790335
1115 1150 -0.06729842839603592
1115 1116 0.3665901778544903
1116 1151 -0.4950812646039785
1116 1117 -0.2658392729089861
1117 1152 0.5013333749100827
1117 1118 1.6428565023005988
1118 1153 -0.2492639624609017
1118 1119 -0.0814793213387762
1119 1154 -1.207624122864182
1119 1120 0.11438782884521997
1120 1155 0.46027896470741025
1121 1156 0.21476112487449
1121 1122 0.1876556727371374
1121 1155 0.5039766097205034
1122 1157 -0.1907781464076141
1122 1123 -0.3039972942215609
1123 1158 1.5167388065734815
1123 1124 -0.45694315073374514
1124 1159 1.6625966774926022
1124 1125 -1.1541131165486394
1125 1160 0.08742183161126652
1125 1126 -0.8807785471871282
1126 1161 1.3640263532637045
1126 1127 0.6139237790176865
1127 1162 -1.2003971903585622
1127 1128 1.3719548270731232
1128 1163 0.11203633719041314
1128 1129 -0.8589010354221186
1129 1164 -1.1785444712519255
1129 1130 -0.5068983593979703
1130 1165 -1.0461597587929532
1130 1131 1.2697824776283246
1131 1166 -0.6616811969201581
1131 1132 -1.0135711862128909
1132 1167 0.07907139180666654
1132 1133 0.35630419131877916
1133 1168 -0.09198082309979495
1133 1134 1.4594518318483922
1134 1169 1.8277040578764496
1134 1135 -0.7032674897423137
1135 1170 0.02104810689866041
1135 1136 1.0041703616357556
1136 1171 -0.7475228180312713
1136 1137 0.10095204850776886
1137 1172 0.13530925890794016
1137 1138 -0.932996487532571
1138 1173 0.6113256164964872
1138 1139 -0.0906231018157652
1139 1174 0.48202665358079444
1139 1140 1.3040629633143723
1140 1175 0.6028902908853665
1140 1141 0.23317720998038524
1141 1176 0.7875614593257304
1141 1142 0.27653030550058094
1142 1177 -0.5697626209156371
1142 1143 -1.062195778754219
1143 1178 0.8414137346018821
1143 1144 -0.22484674546564842
1144 1179 0.7298180520154647
1144 1145 1.7377433060516316
1145 1180 -1.2836459257268769
1145 1146 0.9164437230369132
1146 1181 1.3040945906951835
1146 1147 0.6805472591660037
1147 1182 0.6866775128746571
1147 1148 -1.737020587765352
1148 1183 -1.2773130445390524
1148 1149 0.4447421053650296
1149 1184 -0.017727578322693574
1149 1150 0.036993313551632004
1150 1185 0.20593424044249578
1150 1151 -0.1393476442693473
1151 1186 0.42117491268230095
1151 1152 -0.12790324696525573
1152 1187 -1.664620669864156
1152 1153 0.39162841582659286
1153 1188 -1.2631452985242089
1153 1154 0.7742725748990296
1154 1189 0.2980989310162148
1154 1155 -1.244527655555004
1155 1190 0.07008382786113865
1156 1157 1.8224481230943517
1156 1190 -0.9277078379725953
1157 1158 0.07458353281026685
1158 1159 -0.4992058514269842
1159 1160 1.0670278433527476
1160 1161 -2.313067717854964
1161 1162 0.651744317310064
1162 1163 -1.540921932249038
1163 1164 -0.6797258928199416
1164 1165 1.4844874351257389
1165 1166 1.230364476612637
1166 1167 -1.5229791346546055
1167 1168 0.32537870350151715
1168 1169 1.1334655365463624
1169 1170 1.5205392666653315
1170 1171 -0.8366483544540644
1171 1172 0.16751526354709367
1172 1173 0.06797327715787839
1173 1174 1.8826988506742732
1174 1175 0.7050733893290144
1175 1176 0.5433649737140429
1176 1177 -1.8696579425269158
1177 1178 -1.3220824379333418
1178 1179 -0.217576007086954
1179 1180 0.13342696290305286
1180 1181 -1.4752875566932768
1181 1182 -1.113966794732249
1182 1183 -0.8407229891730539
1183 1184 1.8105832561822215
1184 1185 0.37304058510495786
1185 1186 -0.5556770470738228
1186 1187 -0.3410118591338384
1187 1188 0.902462428412185
1188 1189 -0.04921793484728951
1189 1190 -0.04653445228890712
