The following baseline results are for 'VNA_1600' instances from ID 1 to 25
-1234.98769762046
-1262.07152051993
-1253.74140642400
-1261.34588327997
-1245.56387946891
-1264.83208119137
-1244.99670173913
-1228.76153062345
-1227.96088291988
-1279.52366600704
-1230.04796828660
-1237.68020820023
-1249.94595249163
-1222.82926399811
-1228.21499836174
-1228.49927411044
-1241.52748037366
-1226.05242130809
-1213.98737465815
-1253.92580096363
-1243.85425429518
-1251.08846318527
-1246.61063929586
-1248.50124863307
-1251.58467104776