The following baseline results are for 'DRL_900' instances from ID 1 to 25
-1171.01561908813
-1154.31690698909
-1173.73426328083
-1221.89490838943
-1184.29881936605
-1165.10521262935
-1169.65120851910
-1201.29567432493
-1176.32315865401
-1178.68227623533
-1192.40572345896
-1187.36305305636
-1222.89112601152
-1171.64137136897
-1183.44698487215
-1171.06422520325
-1172.21927452626
-1152.22489821515
-1164.32777753687
-1242.02279365211
-1159.75574037958
-1186.08849022016
-1150.07127555983
-1183.23689526705
-1199.33596100233